15604
5685
-5650
26598
20752
26250
31567
34248
35570
33224
30019
23937
16276
7417
-2985
-14717
-24766
-34762
-43422
-48909
-51584
-51954
-49532
-43385
-35410
-25673
-14399
-2229
8555
17523
23254
26483
27346
26163
23620
17637
10388
1783
-7575
-17902
-25505
-32688
-38904
-43001
-43982
-43030
-38478
-31749
-23033
-11967
-1491
10136
20382
27961
34609
38021
40002
38255
35285
31250
24431
14616
3347
-8677
-20078
-32632
-41663
-47546
-49097
-17194
57800
26931
24254
19640
12634
3317
-6617
-14856
-24416
-33889
-42304
-49433
-53218
-55254
-54571
-52072
-45872
-36028
-24392
-14220
-1328
10208
20908
29068
33624
35969
34664
29443
23418
15111
5440
-5777
-15999
-25375
-33068
-38930
-43692
-44099
-42925
-39043
-33058
-25470
-16041
-5812
4422
14853
24208
31156
34938
35735
35204
31226
25151
17401
7626
-2972
-13632
-23997
-32701
-40143
-44004
-45834
-44983
-41294
-35406
-26260
-15820
-4630
4681
14857
23572
30893
34521
37286
37568
33014
27244
19106
9257
-2008
-13843
-25327
-34310
-42244
-44088
-46084
-43527
-38833
-32317
-23052
-12624
-538
10159
19540
29841
37627
41314
42791
40698
35870
30312
21678
10565
-503
-12236
-23644
-31859
-40128
-45210
-45969
-44968
-39973
-32924
-23365
-13034
-3211
5757
14995
23373
29139
31521
32551
30266
25464
19947
10696
-509
-10886
-22085
-32097
-41088
-47326
-50955
-51130
-47572
-42175
-33866
-23976
-11828
524
10576
20543
27763
32853
37713
38369
35566
30336
22472
11837
736
-9423
-19478
-27900
-34765
-39765
-41172
-40459
-36000
-29244
-21126
-10745
692
12346
23977
34810
44275
51424
55922
56867
55069
50209
43542
34223
23179
11364
-189
-11473
-21840
-29199
-34333
-37005
-35559
-32464
-26418
-17062
-6688
5069
17364
28315
38730
46495
50412
50534
46566
40592
31540
20600
8855
-3531
-14691
-25625
-35233
-41035
-45102
-45256
-42535
-37960
-31396
-21746
-11061
26
9678
19588
28331
34694
39138
40228
37916
32998
26083
17025
5579
-5513
-17124
-28715
-38008
-44501
-50219
-50790
-49010
-43967
-34768
-24056
-11922
1264
13763
25321
34289
41258
45013
47214
44373
39074
30339
21063
11279
93
-11593
-22130
-31335
-39621
-44280
-47959
-48235
-46274
-41912
-36423
-28541
-19310
-8788
663
9855
16178
21230
22474
21899
17934
10072
781
-9244
-19442
-28897
-37492
-43826
-47479
-48931
-48175
-43212
-36744
-29381
-19323
-7996
2488
13873
24615
34559
41197
46198
46554
44868
39887
33093
25140
14353
4193
-5660
-14733
-23199
-30283
-34882
-36946
-36092
-34104
-29394
-22436
-13686
-3085
8089
18876
27921
35569
40209
41319
39659
35817
28694
18684
7490
-3643
-14371
-23551
-32424
-37904
-40780
-40509
-37848
-32667
-25632
-18045
-6607
4471
15537
25598
34950
41218
46264
46453
45984
41566
35278
26695
16743
6017
-4141
-14033
-22199
-29263
-33455
-34574
-32564
-27282
-19510
-9793
2018
14526
26047
37738
45418
51780
54333
55356
52976
48378
39727
29819
19533
6959
-2845
-14325
-26688
-33322
-36505
-34711
-31118
-24594
-16093
-3679
8037
16618
25006
30979
35094
36453
38214
39675
40697
36482
31127
23441
14568
5909
-2632
-10082
-17534
-23933
-27987
-31766
-33089
-31550
-27927
-19722
-8780
2583
15330
27069
39171
47347
53411
53854
53026
48681
41566
31788
19050
5253
-6992
-18524
-28585
-35357
-38233
-39026
-37217
-34046
-27703
-20059
-11163
-1867
8211
17846
28199
37113
42038
43464
42684
38164
30021
18656
6000
-5919
-18573
-29936
-37414
-42999
-47030
-45319
-42310
-36782
-28923
-19003
-8153
3765
15092
25049
36133
42950
47582
50018
48876
44828
37037
28161
17682
7544
-1860
-12829
-22204
-30661
-34790
-38323
-34771
51714
30717
34646
37965
39439
34159
23629
13860
3769
-10236
-23310
-32999
-40335
-46245
-51843
-53580
-51764
-47763
-41856
-33793
-22512
-9687
2308
12811
23626
31710
35685
37933
36434
34881
28547
19119
8350
-1449
-11997
-23079
-32000
-39019
-45743
-46407
-46544
-41928
-33626
-21103
-6552
6604
18671
30452
38977
44038
47691
46970
43731
37571
29723
20217
9595
-2822
-14264
-25064
-33693
-41369
-45677
-49680
-48223
-42022
-33748
-22986
-11217
171
13469
25266
35050
40736
43288
44429
41704
36422
27799
17188
7340
-1562
-13768
-23182
-32419
-38830
-41752
-41922
-40425
-35656
-28553
-17936
-6092
5177
15772
26479
34473
40869
43471
43877
42609
37472
29994
20598
10251
1273
-9115
-20876
-29740
-36265
-41239
-42403
-38629
-32956
-24370
-14831
-2159
9471
19825
29529
36007
42412
42483
39855
35790
28839
20998
11363
528
-10888
-19878
-29562
-37867
-44013
-47445
-50276
-48661
-43295
-36991
-26834
-16329
-5400
7470
18409
26204
31998
35608
36633
33027
26781
18866
9112
-2422
-13569
-24214
-33648
-41732
-46731
-50601
-49348
-46860
-44556
-38092
-29680
-19536
-8325
391
10210
17712
24025
29263
31035
31085
27387
21516
14260
5102
-5321
-15400
-25877
-34619
-41427
-45536
-48142
-46325
-41431
-34116
-24912
-14075
-2572
9136
20166
27130
33642
37624
37400
34222
29019
22381
11916
2112
-8233
-18257
-28305
-35860
-41204
-44751
-44789
-42955
-38071
-31854
-24453
-15426
-4710
4792
15552
22569
28844
32103
34746
35354
33183
28249
20619
11683
1046
-7069
-17052
-25970
-33766
-40027
-40895
-39332
-35664
-27686
-18982
-9635
209
11745
20769
28273
34601
38846
40336
40264
37250
32571
25496
18296
9672
1016
-6987
-15142
-23082
-26302
-29347
-27913
-24920
-18232
-9713
1433
12530
23017
32863
42809
49788
53900
56029
54036
50536
43323
34531
23435
10545
-2068
-13090
-21858
-27787
-30702
-29586
-25975
-20595
-12192
-1794
9106
21100
31887
41364
49346
55454
57790
57150
54652
50306
41291
32242
22049
11196
-688
-11656
-20103
-26665
-31537
-34318
-31575
-26053
-17848
-6488
5394
17840
30114
39690
47106
51874
53560
52447
48204
41858
33985
23262
13633
928
-9312
-18033
-26644
-33261
-37006
-36509
-35203
-30970
-24073
-16008
-4594
6413
15099
25253
34048
38927
42520
41291
38513
32796
25283
15925
5357
-5771
-16850
-26910
-34849
-40112
-43146
-42500
-38686
-34753
-28037
-18638
-8684
1283
10769
17490
24219
30160
34111
34627
34139
30695
25853
19660
9997
496
-9413
-19594
-28338
-35104
-39684
-42196
-41451
-38022
-31684
-22135
-10730
711
13394
24516
35282
41777
43871
43245
39659
32408
23527
12430
30
-11981
-23863
-33130
-41218
-45608
-47218
-47271
-43903
-37521
-29614
-20696
-10872
1771
14002
23813
31475
36968
40505
41334
40074
34958
28423
19291
8232
-2319
-12393
-20997
-29839
-37356
-40722
-39347
-36981
-30670
-21380
-10362
774
12534
23986
34324
41217
47173
49697
49878
47890
43219
36413
28396
17642
6553
-4935
-15531
-23087
-29964
-33658
-34856
-32189
-26360
-18899
-8933
1298
12577
23551
32909
41983
47690
49988
48315
44401
37656
29097
18622
7048
-3857
-14008
-24790
-32945
-37290
-39899
-41501
-71172
-36586
-7502
3445
14969
25080
33665
40394
43712
43898
40456
34805
26769
15888
4977
-5536
-16292
-26324
-33541
-39013
-41186
-40877
-39314
-34399
-27654
-19021
-9076
1221
11583
20783
28826
35403
39302
38798
36891
31412
23240
12753
502
-11324
-22548
-31912
-40228
-46963
-49019
-49077
-46132
-40732
-32397
-21868
-9394
1984
13451
21485
29759
34695
36970
36721
32984
26807
19939
11363
1353
-10397
-22036
-32837
-41796
-48856
-53830
-55122
-52378
-46203
-38803
-29156
-16109
-2490
9166
20136
28814
35841
39993
39933
36300
29845
22050
11545
263
-9531
-19477
-28961
-37142
-42337
-45380
-45289
-43410
-37413
-28548
-18410
-8537
3770
17006
27551
35164
39623
41717
40815
37045
31176
22694
12889
3341
-8788
-19317
-28471
-34433
-40885
-43206
-44178
-44018
-39482
-32991
-23489
-11358
447
12288
22920
31414
39226
42696
44324
42362
37728
30475
20993
11747
560
-9201
-17859
-27310
-33735
-36881
-38219
-37161
-32097
-25413
-16090
-4709
6759
18603
28837
37527
43292
45439
45801
42508
37084
28551
17763
8573
-1058
-10802
-21342
-28802
-34444
-38118
-39925
-38930
-34575
-29111
-21151
-8329
2728
13338
24886
33490
38728
43719
44964
42416
36447
29402
19749
7903
-2905
-15649
-27202
-35160
-41765
-46273
-46606
-42639
-38404
-29210
-17609
-7560
3756
14700
24485
30030
35542
39807
38452
35729
32594
27109
17988
9763
-671
-12874
-22968
-34011
-42868
-48192
-50493
-50714
-47333
-38649
-26011
-13326
-188
12266
23611
33286
41363
45003
45512
41671
34515
26134
15878
5423
-6358
-16922
-26894
-35188
-40916
-44481
-44234
-43536
-39196
-30777
-21775
-9264
2577
13126
22839
29862
33937
36866
36424
33837
29044
22112
12571
2813
-9486
-20576
-30169
-41154
-51167
-55794
-59366
-58082
-51226
-43330
-33016
-17778
-2346
10047
21001
30770
35990
40392
41157
38092
32295
24404
15478
3966
-6537
-17298
-29838
-39868
-46556
-49444
-50006
-47168
-39901
-31391
-22419
-11168
2349
14355
24955
30834
37126
41588
42618
40278
38805
33154
22976
11960
-1490
-15046
-25390
-35202
-40749
-42518
-41792
-38008
-32668
-25125
-15539
-2531
8983
20200
31469
40259
45138
49008
47512
45054
37547
28714
18640
7132
-5038
-13843
-23751
-32864
-40081
-40434
-40056
-36900
-31171
-22346
-12207
-723
9778
21661
32675
41654
48912
51842
51982
49877
46502
40342
32233
21654
10949
-380
-8381
-16129
-21250
-23555
-22933
-20128
-15200
-7050
1461
11002
19832
28972
37644
43816
50137
53265
53142
49275
43569
33268
22492
11102
-1638
-12093
-23620
-30776
-35021
-37693
-35407
-32072
-26228
-17374
-7435
2985
14705
24947
36290
46659
52417
56640
56375
53218
47313
41026
29193
18549
8306
-2447
-11512
-18726
-24355
-27334
-26818
-25232
-22041
-16494
-7970
1634
12121
23075
33443
41192
49379
51666
51827
49579
44622
37428
27543
14369
1676
-9525
-19581
-27545
-32978
-37801
-40003
-36823
-32705
-25563
-16071
-5625
4165
15868
27142
36517
39957
43991
44505
41933
38166
29427
16909
7383
-3360
-14509
-26021
-33266
-39087
-41454
-41172
-37241
-31959
-24703
-14746
-3614
7788
18175
26986
34849
40433
44047
43177
39890
33778
26659
16396
6087
-5397
-16612
-26449
-36862
-41384
-43435
-41908
-78292
-65188
-23763
-13053
-143
13953
25759
37542
47281
53476
56952
56366
51184
44244
34420
24881
10215
-166
-13961
-24026
-33333
-38894
-39267
-40653
-37188
-33249
-25245
-16817
-6690
3988
13706
24003
30913
37290
39588
41256
41381
36527
31583
22420
12641
488
-11133
-19398
-27908
-33852
-37561
-37273
-36641
-33429
-27338
-16900
-5726
2680
13186
23822
34962
42258
45376
44250
39883
34376
24740
13477
879
-9761
-20405
-29677
-35503
-39225
-39720
-38371
-35164
-30155
-22743
-15133
-8301
2895
12492
21338
26888
31180
32686
33069
30959
25242
17653
10440
2083
-6253
-15699
-25597
-32917
-38572
-42355
-44581
-43615
-37996
-31692
-21835
-11979
-574
11658
22064
31834
38331
39192
38081
34788
26240
16839
5600
-6519
-19718
-30450
-38498
-46612
-52452
-56006
-57011
-53445
-48277
-40320
-31994
-19825
-8336
3816
13131
20758
27343
31619
31661
29944
25825
20146
12928
3929
-4885
-15593
-24598
-32469
-38623
-42292
-43891
-41546
-34799
-26640
-16447
-6567
5012
15910
24726
30702
35021
37429
35512
31758
25906
17112
7268
-4749
-19143
-31922
-41180
-50612
-57198
-59703
-59609
-58413
-51996
-42666
-30944
-19268
-7350
4397
15397
24917
32296
35023
35741
34369
28588
21551
10984
-632
-13914
-24594
-34759
-43270
-49669
-50833
-50323
-46727
-40700
-32625
-23927
-11658
-594
11755
22677
31324
36935
41911
42566
41001
34473
25840
14712
2578
-9259
-20995
-31612
-40615
-46719
-50222
-49686
-47305
-43085
-35835
-27957
-19296
-10548
-2794
5468
11687
16935
19007
19865
18619
14589
8703
1285
-7410
-18345
-30566
-42065
-52523
-61220
-65597
-66292
-63870
-59121
-52718
-41824
-29516
-16718
-4121
5850
14599
20253
22390
22740
20938
17538
11108
2942
-6205
-14186
-23870
-31446
-38541
-44808
-47231
-49154
-47322
-43520
-37650
-29124
-19078
-7804
3434
13041
22381
28328
31005
29895
25281
18869
10560
-233
-11493
-21745
-31931
-41583
-48806
-54019
-56855
-56221
-53967
-48660
-40459
-29743
-21030
-8806
1791
11316
18889
23523
24874
24076
20595
13224
5727
-4500
-15093
-25266
-36129
-45909
-52857
-58223
-59450
-59340
-55173
-48988
-40277
-30305
-17627
-6118
6612
17304
25481
31317
33722
33918
30622
23824
14984
3796
-7607
-18838
-27802
-35797
-43148
-49350
-49289
-48434
-45886
-41522
-35177
-25032
-15429
-3665
6311
16486
24109
30473
31964
31970
29426
22518
15670
3231
-6359
-18475
-29002
-39677
-47740
-52866
-55584
-53652
-50224
-41479
-33683
-22185
-10472
2113
13396
22245
30990
33716
37436
36939
34955
28746
22778
15057
3474
-8262
-18154
-28839
-38447
-44410
-50121
-52482
-51993
-50079
-44168
-33959
-22875
-13318
-1732
8358
17508
22826
24413
23812
19803
11918
3892
-4614
-14244
-23170
-31830
-37290
-44081
-47209
-47570
-45870
-40415
-33433
-24042
-12128
-567
9592
21002
28778
35787
38697
38895
36854
32137
23526
15636
6590
-3334
-13293
-23315
-31830
-37996
-43438
-43401
-42609
-37497
-33654
-27390
-18084
-8660
864
9896
17697
24623
28666
30070
28443
25643
20604
13094
4235
-5117
-13885
-22066
-29241
-33732
-34958
-35567
-34135
-29304
-24347
-16040
-8772
-749
8287
18088
27499
33565
37515
39746
39965
36852
31893
23842
14124
2695
-8250
-17975
-28716
-36919
-42707
-47288
-48174
-45475
-80340
-32492
-22515
-9495
2646
13591
25772
33226
38629
40188
39588
36982
31806
23975
14140
4927
-5697
-15777
-23875
-31577
-38852
-42573
-46333
-44104
-38642
-32630
-22735
-12450
-2330
8249
18170
27193
32889
36515
37936
37102
31211
23490
13935
3165
-7731
-18487
-27513
-34536
-38525
-40000
-36973
-33168
-25846
-16993
-7089
4788
17023
26932
36823
44722
53198
57451
57367
54803
49928
41141
29674
16280
3308
-9575
-20001
-27281
-31239
-34650
-32936
-29104
-23066
-15233
-6802
2731
12121
21863
30207
36424
41811
44554
44810
41625
35466
28222
17468
7707
-3347
-13249
-21697
-28502
-33296
-35404
-34528
-28550
-22150
-12712
-2599
8437
19636
29474
38747
46183
49396
51155
49274
45034
40064
32003
23173
12486
-532
-10534
-20499
-28701
-33418
-35044
-34148
-30178
-23501
-15306
-4518
6187
17915
29273
38960
46825
51869
53049
52417
48779
42829
33328
25179
13285
4634
-6382
-16106
-22933
-29527
-31548
-30114
-24923
-19713
-12063
-441
9826
19556
30058
41045
47330
54412
57311
55007
49986
42527
32024
19234
8869
-1968
-13933
-22143
-27467
-31516
-30823
-27654
-26257
-23340
-15874
-7749
1
12705
25573
34422
43387
50886
52331
52849
50630
42910
31222
21250
8368
-4911
-15906
-24861
-32880
-36756
-35892
-35580
-31198
-23345
-16023
-8327
1037
12074
20100
29101
37391
43131
45975
47699
45999
39366
32236
21208
7616
-4675
-15433
-25124
-32085
-34437
-33045
-30962
-26713
-20080
-13277
-3871
6800
17077
28609
39308
48049
52872
56607
56646
53890
47372
38079
27494
17327
5455
-4143
-11877
-18174
-21619
-24494
-24478
-21638
-17191
-10550
-1197
9160
19746
29559
38639
45686
49850
49901
48561
44219
39884
33674
26277
17160
9641
1198
-5331
-13203
-18261
-20838
-20547
-18912
-14654
-7403
1766
12112
23771
34901
43997
52080
57566
59201
58247
53566
45739
37050
27367
16125
4651
-3987
-12696
-18633
-26088
-28126
-28626
-26482
-22356
-15572
-6690
3194
13472
24454
35175
44437
48372
51764
50106
46462
38348
30100
19140
5502
-7867
-20151
-30871
-38538
-43757
-45660
-44362
-40753
-34943
-27740
-17671
-6387
5100
16540
28307
38287
46335
49954
49597
45852
39184
31332
20470
7080
-5132
-15436
-23775
-31358
-36226
-38343
-36516
-32956
-27850
-19329
-7974
4097
16399
28794
40100
49225
54294
56293
53914
50082
42242
30340
18585
5621
-7029
-18531
-29377
-36006
-40552
-42607
-42006
-37767
-31475
-23349
-12684
-1040
9928
21274
31300
39363
46402
49804
50321
47561
42980
35026
24940
13076
1855
-9659
-18894
-27156
-32739
-33833
-32186
-27621
-18599
-9772
-143
9638
18844
27432
36017
41702
44121
44509
42010
38041
32857
25470
16648
6716
-4478
-14284
-23973
-31712
-36183
-38222
-37856
-34447
-28558
-20800
-10781
509
12248
24099
34892
44105
50864
53679
54103
51488
45112
36037
25509
13058
749
-11977
-20985
-29897
-35181
-38333
-37177
-34538
-29061
-22890
-12939
-3884
6272
16565
23536
30544
36632
39314
39610
37267
32220
24743
15256
5577
-5266
-15604
-23608
-31767
-36901
-38445
-36658
-32528
-26021
-16886
-5204
4458
15359
25901
34185
40266
43505
43987
40831
34808
27313
17090
4794
-8008
-21376
-32295
-41417
-48203
-52251
-53960
-51051
-45726
-38544
-28366
-16571
-5825
4958
15619
24721
31789
35375
36913
36237
33905
28588
19758
9987
-555
-10876
-21055
-29015
-34870
-38180
-39958
-37094
-32023
-24881
-16843
-5750
5404
14682
22773
30400
37480
40977
41216
38867
35080
29118
20774
11172
-968
-10947
-22347
-31457
-38897
-44295
-47000
-47138
-42868
-37293
-27382
-16282
-5405
5139
15676
25567
33519
37662
39040
38985
35311
30063
20784
12899
2574
-8650
-18177
-27722
-34527
-39085
-40859
-38913
-33426
-27988
-18399
-7952
2867
13746
22751
31517
38380
42996
44257
42895
38814
33259
24228
13397
2828
-7594
-18033
-27165
-34704
-39162
-41534
-40246
-35165
-27599
-18055
-6395
5367
16934
27974
38481
46079
51213
52747
51853
47502
41153
33237
22550
10114
-2679
-14083
-24508
-33028
-38211
-40036
-37951
-32558
-24629
-14374
-3146
8329
19310
30283
39344
45679
48900
49989
48478
45311
39313
30453
21056
10500
-1558
-10922
-19680
-27104
-33784
-34551
-33823
-30907
-23798
-15246
-4040
7135
19358
30041
40303
47277
53161
54941
53379
49800
43671
34243
22940
11872
979
-9452
-18598
-25938
-29496
-30754
-30109
-25860
-18450
-9565
619
10609
21617
30507
38945
46072
49505
50918
49948
45448
38041
29566
18397
8144
-3731
-13932
-22896
-29991
-34713
-36836
-34923
-32160
-25870
-17636
-8107
2125
12379
23518
32247
39199
44266
45868
45434
41683
36213
28184
19873
8935
-2788
-13670
-21959
-29237
-34321
-36497
-35568
-31087
-24796
-16824
-6070
4545
13917
22236
30792
37310
42030
43414
42857
40461
36096
27587
18831
7900
-2591
-14164
-24309
-32420
-37162
-38743
-38087
-33393
-27417
-18591
-9032
2478
12098
21718
30203
37950
41912
42997
41606
38826
32733
25478
16844
4543
-6458
-16974
-25539
-33102
-38346
-40530
-39888
-37435
-32268
-22353
-11679
-1310
8952
18484
26880
33034
38388
40389
39650
36098
30321
22326
14943
4996
-4377
-14280
-22226
-27553
-33262
-36251
-36166
-33713
-27572
-20588
-10978
-111
12606
24650
35010
43710
48378
49770
47993
44695
38457
29680
18217
5301
-5144
-16653
-26670
-34702
-40482
-41924
-41514
-36541
-29346
-20384
-9112
3743
16040
27448
37298
44137
49179
50967
49499
45371
39390
30568
19995
8488
-3913
-14698
-24268
-32135
-37743
-38583
-37771
-35066
-27980
-19511
-9248
1774
13390
23845
34747
42489
47446
49470
49197
45575
39113
30862
20436
9158
-3173
-14983
-25702
-33968
-39105
-41826
-41449
-39852
-33967
-24887
-14242
-3274
7732
18397
26869
33102
36743
38106
37017
33180
25973
18753
10199
223
-10142
-18757
-26234
-31405
-35329
-36762
-35157
-31029
-24389
-15180
-3185
9114
21046
31068
41808
50315
55972
56590
55239
50334
44005
35528
24513
13002
1949
-7857
-15506
-21714
-24816
-26393
-23796
-19702
-13985
-6747
870
11114
20813
29459
36508
43006
47071
47904
46587
42357
34821
25480
14156
3151
-8436
-19323
-28464
-33831
-38917
-40750
-39111
-35071
-27419
-18505
-8689
2463
12292
22130
29865
37662
40494
40656
40877
37206
30811
21859
11361
848
-10582
-20312
-28962
-36212
-39142
-40518
-39217
-33400
-25470
-17503
-6594
4331
14647
25760
33881
41536
45220
46309
44087
39668
33325
24463
13135
2959
-9272
-20977
-31481
-39872
-45370
-46597
-45868
-43027
-36226
-27224
-17722
-6478
4418
15393
26142
32268
35785
37518
36670
33415
26935
17937
8553
-2292
-12521
-22838
-31855
-39831
-45925
-48100
-48699
-44245
-39220
-31111
-20756
-8803
2724
14020
22942
31551
35817
38234
36906
33122
26535
17741
6478
-4917
-16957
-27498
-36374
-44134
-47820
-48755
-47172
-42948
-36759
-28385
-17815
-8267
1435
11731
21816
27678
33037
34513
33075
29081
23081
14405
5250
-4196
-16289
-25753
-34804
-42276
-46568
-48717
-47430
-42892
-35536
-26148
-16761
-5918
3901
14631
23799
29725
32145
34233
33095
30287
24266
17533
9175
-312
-11107
-19458
-27658
-32975
-36942
-37178
-35161
-30104
-23968
-14950
-5487
4861
13951
23368
33161
40544
44503
46398
45178
41132
35328
26664
15346
3064
-6761
-17226
-26695
-35060
-40196
-42618
-42873
-39734
-33019
-24887
-15259
-4248
6702
17246
26162
33307
37062
37759
35058
30204
22889
14570
3048
-7820
-19920
-30992
-40839
-48152
-51774
-52548
-52789
-48137
-41666
-32230
-21794
-9677
253
11203
20009
26641
29978
32563
30095
26015
19487
10278
-544
-12782
-23709
-34852
-43722
-51417
-57042
-58261
-58379
-54416
-46846
-38190
-27131
-15580
-3640
7534
17748
24456
30343
31007
29567
24575
18394
7192
-1606
-13833
-25796
-37346
-47283
-54361
-58397
-58596
-56334
-50473
-42487
-33765
-22430
-11956
-1673
8456
16694
22556
27107
28256
27732
24171
18057
11220
789
-9433
-21169
-31838
-40666
-47620
-51541
-53340
-51482
-47322
-40330
-30536
-19008
-6714
6270
16640
24852
31609
35499
36579
35569
31713
23996
14146
4976
-5391
-15771
-25317
-34152
-41325
-45561
-47662
-46416
-41968
-34541
-26596
-16070
-4685
7030
17482
27104
34686
39632
41798
40591
36110
29517
20803
10600
-2088
-13542
-23491
-32362
-39279
-43836
-45296
-43427
-38708
-32375
-24614
-13788
-2336
8092
18898
27236
33552
37316
37871
37870
34280
28960
19813
9605
-772
-12720
-22455
-31929
-39727
-44756
-46167
-44546
-39702
-33518
-24687
-14913
-4423
6779
16499
24940
31130
33749
35501
32141
27135
20544
11332
562
-11367
-22121
-32989
-42179
-49526
-54309
-56763
-55455
-51179
-43688
-33873
-23642
-13142
-397
9569
18897
24461
28151
29196
26206
22083
14940
6401
-3991
-15428
-26186
-36475
-44966
-52493
-56908
-57896
-55949
-52645
-45623
-37633
-26766
-16499
-5435
7078
15677
21833
26471
27080
24426
20013
12138
2768
-8523
-18909
-30642
-39498
-47435
-52957
-55960
-55023
-52909
-47993
-41032
-31315
-21346
-11261
138
9414
18414
24973
27921
29263
27344
23528
15737
5709
-4413
-15160
-26799
-37275
-44701
-51511
-54105
-55535
-53045
-49534
-41437
-32909
-23474
-12707
-2604
6248
14460
20861
24838
26042
24305
19929
13497
4595
-5553
-17346
-27771
-39561
-47389
-54721
-58960
-59746
-56725
-51392
-43911
-33943
-24552
-13622
-3003
5372
12176
18460
21648
22650
20400
15857
8732
726
-10122
-19780
-29973
-39113
-48240
-53973
-57716
-58262
-57299
-53101
-45692
-37293
-26284
-15253
-3790
5647
12446
17937
21095
20147
18123
12942
5449
-3477
-13558
-23974
-33395
-41479
-48126
-54670
-57651
-57653
-54844
-51217
-43013
-34200
-24059
-12066
686
11074
19514
26726
30909
31542
30859
26418
20999
13344
4185
-4766
-14038
-22483
-30509
-35526
-39701
-41501
-40791
-36417
-31365
-22211
-12473
-197
10542
20641
30311
37701
40996
41903
39356
34425
28826
19399
7953
-3325
-14510
-23758
-31496
-38108
-40601
-41729
-39988
-36870
-29843
-20900
-9545
2033
14051
24692
35252
43216
48628
51972
51492
46553
39630
31075
19996
8269
-3128
-12294
-21207
-27672
-30790
-30250
-28265
-23225
-15537
-6237
4735
16602
28676
38383
47432
52784
57369
57885
55607
50135
43603
35476
24581
14536
3906
-5055
-13019
-20188
-23335
-23709
-22745
-18741
-11892
-3317
6209
16048
26480
36398
45058
50832
55025
56005
54907
50588
42766
33103
21098
8585
-2891
-14499
-24659
-31885
-36905
-39178
-36595
-33130
-27007
-17504
-6052
5818
17188
27528
38283
45446
49227
51031
47897
43460
36673
27544
16580
4850
-6684
-17275
-24768
-30951
-34875
-35447
-33610
-28554
-21594
-12301
-1869
9562
19831
30538
39416
46554
49565
51622
49636
45153
38778
28172
17294
5572
-6566
-15885
-25350
-31672
-33449
-34442
-31514
-26578
-18874
-9651
303
11713
20795
28326
34919
38126
41512
39953
36443
31821
25139
16047
6109
-3318
-13080
-22925
-29827
-35185
-39186
-39349
-37017
-33364
-26326
-17648
-5498
6711
18091
28467
36952
43825
48539
49013
47524
42694
35168
26576
16157
5238
-6164
-15019
-24083
-31628
-34951
-36362
-36010
-32425
-25958
-17659
-7948
3576
14978
25018
34322
42289
47109
49651
49024
44454
39363
31907
22217
11499
817
-9268
-17769
-25308
-29074
-30795
-29310
-25536
-19121
-9954
608
10932
20464
30498
39648
45107
49275
49061
47133
42272
35483
23990
13473
3437
-7162
-17046
-26084
-32771
-36394
-37183
-35474
-30907
-23833
-15056
-4645
6983
18140
27398
35513
43165
47316
48761
47295
42655
35236
27084
16982
6150
-5187
-15028
-24520
-31029
-34283
-34211
-31687
-25625
-18741
-9024
759
10649
20836
30456
38092
44720
48145
47715
46178
41052
34156
25181
13780
1558
-9383
-19036
-27932
-35574
-38866
-41027
-38907
-35002
-28448
-19673
-10994
-1324
8655
16960
25745
31168
34238
35220
33824
30301
25382
16879
6938
-3826
-14563
-23062
-31162
-37570
-41565
-41727
-39320
-34820
-27851
-17485
-6705
4098
15599
26552
35845
43004
46611
48197
46303
42019
34527
24358
13025
944
-11127
-21185
-30093
-35732
-39208
-38931
-36813
-31081
-25028
-15388
-4049
4988
15779
25528
33778
40231
44535
45688
44194
39931
33365
24605
15010
3446
-9484
-20155
-28796
-35241
-38871
-39847
-37483
-33217
-25031
-15624
-4781
5524
16153
23729
30751
35608
37511
37230
32965
28294
20529
11483
1380
-8530
-19812
-28740
-36999
-42615
-45605
-44891
-42905
-37293
-29941
-20729
-9499
2150
14634
24714
34004
41162
44167
45035
42846
38082
31199
22189
12466
3151
-6671
-14812
-21613
-27109
-29030
-29229
-26461
-21170
-14711
-5268
5340
15142
25224
34246
42746
47128
50623
49567
46473
41054
33586
23578
12648
1667
-8705
-19871
-27875
-33035
-37961
-38578
-37024
-31018
-23922
-14966
-3450
7808
19333
29317
36159
42229
44352
43992
40733
35266
27383
18008
7626
-3567
-13196
-22363
-31219
-37088
-40783
-40869
-38546
-34217
-26426
-17636
-6948
3924
14444
25058
34145
40287
44650
44881
42558
37316
29444
19382
7771
-4586
-16225
-26560
-35739
-42130
-45271
-46696
-44506
-38868
-31403
-20832
-9631
1074
11480
21326
29090
36650
40132
41295
39255
35167
27807
18332
7402
-4815
-15423
-27069
-34920
-40534
-44272
-46255
-45191
-41064
-33810
-24372
-12740
-680
10247
21963
32338
39866
44716
45606
44740
40555
33526
24017
13127
1328
-10144
-20749
-28793
-35515
-38359
-39004
-37552
-31852
-22917
-14550
-3524
7750
19085
28657
38253
45647
48663
49198
48507
42910
34316
25258
15365
2720
-8238
-18963
-28592
-35063
-37934
-38663
-36851
-32942
-24860
-16767
-6799
3941
14056
23113
30531
35747
39064
38137
35454
31795
24852
15870
5198
-4919
-15764
-25633
-33794
-38778
-42605
-41248
-39200
-34149
-26287
-16443
-5150
5429
15864
25403
34177
39532
42987
43839
41713
35659
28312
20059
9663
-1093
-11712
-20880
-28413
-34935
-38059
-38914
-37551
-32382
-25919
-17024
-6798
4204
14903
24462
32677
39002
41672
41445
39829
34558
26898
17729
6457
-6559
-17064
-26357
-34757
-39598
-41953
-41206
-37889
-32278
-24217
-14456
-4286
9173
19980
29983
38543
43921
47051
48329
45580
41317
33568
23869
13946
3647
-6048
-16274
-24669
-31815
-35474
-35107
-32974
-28274
-19650
-9090
1719
15092
25295
36127
46006
52077
55123
54236
50186
44948
37010
26255
13710
1670
-9066
-19341
-27811
-34005
-36676
-34937
-30793
-25604
-16621
-6486
4700
16201
26818
36617
43930
50656
53331
53726
51410
46265
