20600
15300
-26652
-18118
-12808
-3425
-476
1962
4669
6545
6904
7363
7863
8467
7399
6010
3399
-502
-3533
-7080
-9536
-11534
-12133
-11589
-11459
-11294
-10010
-8837
-7666
-8371
-7800
-8759
-9568
-10289
-10712
-10527
-9804
-11389
-12731
-14622
-17036
-19354
-21834
-24997
-28112
-30514
-32122
-31375
-30967
-29662
-27633
-25685
-46674
-21051
-17350
-13282
-9646
-6170
-2809
953
3889
4663
4819
2934
706
-1092
-3800
-6115
-7656
-9745
3710
6038
5736
5910
3369
2124
77
-3259
-7100
-11094
-14476
-18061
-20933
-24550
-27147
-29315
-30740
-31761
-31687
-30733
-30438
-27809
-26279
-23002
-18230
-12926
-9669
-6696
-4685
-3025
-1637
-3271
-4323
-6033
-7948
-10220
-12146
-13221
-13439
-13021
-13109
-12156
-10983
-10734
-10124
-8632
-7532
-6759
-3899
-2248
-197
1627
2799
3778
3356
2671
1072
-1204
-4739
-8577
-12330
-15214
-17583
-19858
-20547
-20216
-18933
-18346
-15688
-13904
-12111
-10561
-8528
-7428
-6072
-4839
-4171
-2395
-1159
-1464
-3312
-6029
-7897
-8767
-11242
-14074
-15890
-16856
-17113
-15630
-13783
-11466
-7981
-5751
-1797
1849
4215
6819
7649
7111
5979
4523
1764
-611
-3736
-7199
-8574
-10927
-12832
-13640
-14302
-14587
-13977
-14352
-13779
-12570
-10576
-9504
-6705
-3673
-1919
531
2338
3297
4178
3922
2232
210
-3141
-6212
-8929
-11201
-12329
-14090
-14464
-13551
-12911
-10345
-8187
-4723
-2882
-959
-347
1538
3333
4747
6132
7230
8074
9176
10273
9236
7325
5237
2484
-117
-3190
-6744
-10928
-13796
-13947
-13369
-13232
-12694
-10884
-7810
-6534
-3931
-2017
-1453
-1600
-1395
-2521
-2961
-4009
-4797
-5465
-6307
-7949
-9757
-12486
-15447
-17299
-17903
-18391
-18290
-17247
-15042
-12393
-10571
-8341
-6255
-3787
-2566
-228
96
1721
2926
4764
5932
7367
6622
4792
3447
1039
-1138
-1779
-2909
-3816
-5626
-6034
-5182
-3725
-2755
-1740
-898
-729
566
1428
1015
1152
-336
-2400
-4052
-5205
-8323
-11738
-14380
-18055
-21180
-23927
-26702
-28232
-30364
-31342
-30512
-29254
-26110
-23305
-19997
-15823
-11712
-8209
-5506
-2875
-2715
-3743
-3917
-6268
-6935
-8238
-9832
-12027
-14000
-14323
-12724
-11818
-11011
-8467
-5496
-3136
-1012
-297
261
1281
2886
3424
3190
3055
3177
2136
912
-143
-935
-3525
-7527
-10324
-13081
-15329
-16917
-17922
-19253
-19671
-17513
-15844
-14045
-12172
-10089
-8325
-6094
-4377
-2999
-2184
-2097
-1849
-1536
-2301
-3658
-5312
-6898
-8675
-10331
-11595
-11020
-9697
-8981
-7693
-4534
-381
3391
5659
8520
10526
11353
11222
10604
8749
5995
4643
3180
2316
2685
2236
3277
4038
3422
1924
635
-408
-1709
-2661
-3150
-1523
175
2016
3449
5390
5971
8968
7234
7077
8275
6169
2868
-2396
-3990
-2360
-2766
-6651
-5482
-1443
-13
1248
-575
-2260
-2711
-3098
-5131
-4384
-1270
4599
11447
14542
16685
16401
16546
12451
9638
7900
5047
1713
-1327
-2769
-2138
892
3669
3640
2182
987
-1903
-3666
-4030
-3232
-1953
-692
2676
4736
6487
6397
6549
7667
8461
7582
6252
3217
950
-2701
-6135
-9450
-11124
-10590
-10293
-8920
-7000
-4731
-1515
1455
3964
6562
8552
10377
12053
13526
13029
11977
9924
7307
4206
1571
-1696
-1963
-2041
-1763
-2408
-3026
-3031
-2946
-1576
1142
2512
3982
5516
9088
11910
13662
13912
13252
11594
9134
5815
1360
-4230
-8806
-8403
-8347
-9569
-11444
-9756
-5706
-7619
-11628
-6808
-4172
-4489
-3937
-1462
196
-5
-3059
-856
3301
2978
3163
5096
7826
10394
8000
2078
-520
-3166
-27274
2130
2734
-1099
190
2792
1021
-3004
-4775
-6138
-6786
-6687
-6173
-6099
-7878
-12665
-13471
-9681
-8697
-13580
-13552
-10340
-9809
-10367
-10415
-8620
-7978
-9745
-9735
-4861
-2830
-2761
-592
3019
3064
-1610
-4679
-2434
-2453
-8067
-11153
-11744
-10525
-9721
-10349
-8444
-2826
271
278
1741
4876
6755
7629
9729
11661
12363
10045
8211
7614
4787
-2277
-9313
-10415
-9320
-12155
-15715
-14568
-9370
-6444
-7626
-6618
-2099
2225
3094
5423
6829
8300
8427
7271
5062
3579
-291
-4730
-6191
-6246
-6463
-7366
-8263
-7717
-5803
-3593
-4434
-3743
-2128
106
3609
7660
8441
8948
11268
13663
13989
12479
11742
10350
8777
7074
6542
6502
4899
2343
453
131
-1320
-3909
-3241
-1039
1017
3248
6490
8580
10700
12083
14013
15973
17059
16101
15697
13714
11908
10911
9108
7397
3904
-1181
-5658
-9237
-12780
-15108
-15260
-15069
-14623
-13998
-12106
-9263
-6561
-6167
-4778
-1108
2616
3871
4937
5607
6041
5156
1321
-1640
-3817
-6875
-10901
-13986
-15788
-17087
-17991
-18274
-16988
-14213
-9622
-5283
-2312
1074
2981
4839
6376
7855
7678
6217
5116
3390
1135
-1589
-6662
-11407
-15135
-17141
-17657
-17481
-17161
-15478
-13012
-9784
-6242
-3212
-1188
135
2217
4802
8093
10112
10585
10879
11575
10595
7608
4523
2128
-16
-2048
-5696
-7754
-7008
-6814
-7421
-7610
-6360
-5199
-3188
-1853
1230
5091
6908
9181
11826
12440
12074
10854
8578
6751
4028
1285
-1404
-3255
-5465
-6481
-8446
-7597
-8268
-8486
-7705
-5200
-2068
1292
4993
8866
12071
14929
16364
16119
16652
15425
12752
9718
7401
5508
4521
2513
2279
3486
5786
8912
12305
14628
17487
19723
20394
20025
19675
19381
20162
20511
20448
21572
23282
24190
23886
22323
20885
19582
17261
14203
11906
9570
8599
8883
10533
11964
15324
17952
19192
21132
23388
24991
27432
28484
28997
30672
30713
29240
27074
24810
21835
20601
18283
16589
15028
13300
14020
14064
12765
13215
13631
15646
17131
19276
22079
26769
29323
30792
31753
32082
31064
29590
27912
25123
22314
20016
16548
14011
11982
9803
8894
6516
5268
5817
7501
9680
13624
17034
20422
22667
23592
24507
24535
24023
23830
22544
20949
18761
17098
14409
12260
8361
5042
2529
1630
996
1556
3283
4544
6346
8985
10666
12933
15384
15798
17282
18036
17085
17424
17867
17657
15809
13830
11612
10202
8351
6392
5216
4015
4183
4064
5990
7883
10111
12323
14133
16563
19760
23078
26016
27304
28606
28984
27638
26539
24188
20940
16908
13393
8796
4844
2170
1995
2629
3099
3371
6034
9738
12919
15729
17988
19952
22464
24394
25307
24466
22805
19791
17070
13991
11199
8151
4417
2612
1503
247
747
2160
3404
5513
8557
10876
13419
16426
19937
21799
23686
23496
23247
22970
21934
20432
18661
16795
14884
13224
10604
10546
10024
9590
10375
9353
9558
10079
12383
14308
16384
17608
19160
20982
22656
48298
24960
26392
54330
26910
25232
22404
19411
16863
14013
10400
7925
13866
17826
21674
12116
13474
14089
14394
13899
12851
13141
11417
10262
9763
9273
9846
10200
10329
6691
5010
5205
4588
1604
388
197
-1574
-1540
-1052
-1989
-622
1117
2156
3193
5212
6369
8983
12294
14886
16537
16294
15459
13285
9247
4396
-297
-4827
-6148
-6312
-6084
-4058
-2156
-1767
-1181
-1234
-2810
-2798
-2066
-1792
-905
1251
2757
4080
6864
8808
8449
6750
3300
-944
-3432
-4750
-6305
-8259
-8936
-8473
-8687
-7362
-4174
-900
2084
5226
6880
6745
8281
8647
8737
10621
10955
8663
6833
4805
22
-3895
-6637
-8889
-10121
-10430
-9209
-7389
-5909
-3508
-1815
-1200
-183
732
3043
6497
8630
10493
12469
14680
15651
15119
13234
9048
5454
3198
-61
-2480
-3692
-2462
-1382
-189
917
2455
4016
7093
9112
10224
10937
13157
13715
14244
15060
14320
13738
12959
11409
8144
5022
835
-1539
-5240
-8443
-9200
-10562
-7778
-4084
-2971
210
5126
6623
8856
13670
14768
14275
17097
16738
14966
16218
14794
8957
5217
2456
-2654
-3517
-3607
-6414
-4996
-401
439
1056
4502
4010
2599
1824
1935
1395
1909
6657
10320
12729
16013
16836
14263
9933
5761
1250
-3178
-5860
-6565
-7031
-5694
-2928
-160
-213
-1354
-1530
-2593
-2220
-838
1396
2310
5436
7876
9131
10078
11759
11826
8949
6614
2915
-211
-3630
-7780
-9963
-11805
-13713
-14392
-15289
-15600
-14562
-10953
-7379
-3795
154
3396
7153
9231
7575
5229
2846
1957
1727
-730
-5665
-7896
-9486
-12101
-12691
-11190
-10812
-12011
-11709
-11591
-11017
-7406
-7469
-10326
-10123
-7030
-691
6385
10081
8868
6900
5543
2126
-2817
-8926
-16841
-21566
-24466
-25770
-20592
-15498
-11709
-10120
-8638
-11458
-12398
-11436
-12280
-9452
-6591
-5735
-3137
341
3289
2211
-1297
-7044
-10597
-13266
-16773
-19319
-20676
-20221
-18127
-17329
-17860
-17353
-18229
-16820
-11532
-6904
-4246
-431
4349
7839
8915
6709
5048
5110
4184
1941
-868
-2634
-2844
-4577
-6968
-10037
-12263
-12206
-10976
-12094
-12483
-10646
-5554
-1958
2201
6298
9942
13431
15978
15186
13739
10593
9582
9164
8415
6849
4337
857
-2243
-2674
-4681
-5668
-6571
-7331
-7590
-5524
-3670
-670
1790
3579
6363
9234
10948
10967
14649
15134
14123
12958
11024
8978
6470
3356
-1343
-5984
-7876
-10216
-11192
-9891
-9887
-8770
-3015
3214
7308
12380
15457
17505
20218
21455
21419
21853
22800
20733
16236
14156
10310
6247
3926
152
-2653
-3866
-4287
-5382
-4827
-1689
-315
410
4406
6034
5898
5767
8130
6590
6287
7739
8041
6942
5878
4562
1030
-2311
-5867
-8928
-10298
-11034
-8832
-5502
-2687
2928
7493
8570
10154
12790
14069
16625
17984
17132
16325
17395
17364
15236
13738
13107
9504
6405
6841
6862
5657
5803
6570
5620
6744
8228
9885
12176
14534
16600
19368
21535
21738
18112
12572
7102
3034
-416
-4010
-5052
-4154
-3208
-2943
-2105
-1877
-4537
-5652
-5676
-7076
-8287
-4363
2841
5226
9185
10648
10916
9175
9019
5386
3563
4173
3268
4379
2197
5731
5400
2926
2710
-878
-1532
-9252
-12182
-4132
-3258
-2099
-2396
-1968
-2204
704
2141
1559
847
3579
6977
5256
5999
8159
7200
6773
4774
2398
-132
-58
-482
-1867
-4532
-6549
-5375
-4679
-4791
-4635
-6628
-10490
-10890
-6643
-5205
-2784
-1990
-3359
-2621
-1279
-20
-168
-1545
-4929
-7273
-6222
-8021
-7907
-9490
-10256
-13487
-13827
-13357
-12332
-6115
-703
4118
8806
9493
12300
12522
11815
8560
1262
100
-4177
-7936
-9705
-11399
-11077
-14262
-14490
-16977
-18130
-15071
-11491
-7825
-4804
567
4681
7821
8746
9289
7151
3121
-41
-3549
-6659
-9008
-13012
-16287
-19510
-21187
-25854
-29053
-28283
-27857
-24810
-21404
-19829
-17495
-14149
-10490
-9393
-6957
-4662
-4666
-2020
-346
1132
709
-212
-3612
-5651
-8142
-12879
-17691
-18127
-19038
-19923
-20811
-20882
-17871
-15985
-13671
-12113
-9555
-6761
-5803
-6065
-8405
-9969
-11692
-14069
-17193
-19366
-23079
-26471
-28337
-29110
-31060
-33438
-32508
-31626
-29756
-26498
-24408
-20303
-15353
-10936
-6888
-2335
1030
3272
6974
10960
10136
7941
5084
394
-3106
-9202
-15849
-20843
-23758
-25596
-26548
-27333
-25873
-23868
-21437
-19591
-15251
-14559
-14355
-11788
-10308
-10223
-10414
-10941
-12165
-12055
-11237
-13395
-16690
-20537
-24782
-27917
-30966
-30055
-29479
-28452
-27786
-26993
-25068
-21285
-18482
-16096
-13099
-10161
-7274
-5340
-3901
-4180
-6118
-8489
-13644
-17327
-21222
-23406
-26453
-27460
-29213
-29965
-29441
-27234
-24944
-23434
-21671
-19652
-18414
-15110
-12904
-11269
-9266
-8221
-7250
-9037
-9520
-9955
-11205
-13039
-14197
-17285
-21091
-23308
-25984
-28264
-29345
-30459
-30516
-29123
-26326
-23033
-20764
-17627
-15007
-13004
-11573
-10763
-9938
-10503
-11101
-11573
-11948
-13631
-15415
-18218
-21223
-22123
-23442
-24480
-24853
-24857
-24502
-22757
-21591
-18999
-16407
-12271
-8701
-5521
-3582
-3112
-4011
-4683
-5423
-6932
-9331
-12916
-14448
-16034
-18452
-21253
-24224
-27280
-29272
-30318
-30482
-30183
-28513
-26462
-24144
-21268
-17428
-12257
-11334
-10887
-11146
-12493
-11928
-13513
-14895
-17554
-23600
-25154
-27808
-31484
-32220
-33211
-33220
-32075
-27504
-25039
-20726
-19139
-15528
-13758
-16203
-13855
-15836
-13616
-15349
-10917
-8754
-7292
-9005
-12460
-14738
-18459
-22215
-30169
-33776
-35833
-34145
-30243
-28376
-23416
-23348
-21598
-19792
-16837
-15130
-13373
-12520
-9814
-7377
-6881
-7202
-8276
-11885
-18237
-21231
-24776
-26238
-24797
-23234
-21363
-19800
-17330
-18580
-18938
-16370
-16066
-16227
-17280
-15827
-14563
-14839
-12044
-12548
-12269
-14633
-18297
-20729
-20451
-20911
-23390
-23101
-23836
-25454
-26211
-25032
-21109
-18048
-14292
-10766
-8839
-5983
-3648
-3244
-2222
-3216
-4441
-5408
-4093
-4669
-5601
-8897
-10018
-12770
-17696
-21077
-24298
-26805
-28194
-29703
-29898
-29883
-26754
-23530
-22241
-20179
-16791
-13471
-12205
-9750
-7018
-5491
-4552
-4134
-4166
-3116
-3132
-3054
-3740
-4694
-3724
-4680
-5184
-5760
-4674
-4068
-3156
-1181
-557
1380
1911
4053
4677
5908
8699
11278
13586
13915
15366
14406
11592
8254
4453
-270
-5244
-10575
-13326
-16404
-17525
-17618
-17388
-16058
-14011
-11089
-7808
-3949
970
3872
4781
4538
4383
3615
1998
-645
-3472
-5357
-7888
-10113
-12457
-12380
-11464
-22512
-10349
-8466
-4644
-3399
-1560
1714
3233
3899
3703
3702
2624
1394
288
-1372
-2873
-5333
-7261
-10586
-13412
-15677
-17990
-19414
-19675
-19576
-19328
-18147
-16013
-14276
-10346
-6932
-4583
-1120
916
2993
4755
5025
5211
4923
4544
3876
2959
984
-140
-2019
-5634
-9139
-12978
-15271
-17073
-17174
-17178
-15057
-12015
-17090
-5219
-1348
1062
3717
5707
6732
7068
7704
7412
6131
5608
4319
2344
109
-1259
-2791
-4943
-6135
-7025
-7750
-8509
-7567
-4713
-1297
2184
5083
8050
11353
12771
14691
15626
14048
12590
9246
6412
4597
932
-1571
-4142
-5410
-5740
-6039
-4934
-4753
-4007
-1038
-1069
346
2548
6020
9943
13853
15180
14686
12961
13967
15161
10699
9029
7726
4731
1684
3148
4527
3183
4828
6135
2419
5713
7830
8112
12018
15718
17033
15772
16088
14058
9109
6942
6298
4848
6279
8817
8558
8645
9504
7860
2765
383
-1879
-5116
-4161
-1175
2399
5809
12387
17453
19676
19740
17466
10546
8651
10898
9440
9636
12414
12522
12533
14678
15246
12021
10028
9476
6274
6020
7936
9739
11374
14753
17480
17863
20810
25089
25902
25869
28828
27708
24438
23379
19158
16957
14544
11970
9749
7009
4543
-1166
-6180
-5835
-6137
-7086
-3286
1658
7437
12244
15142
16655
17379
18083
16230
14721
12972
10260
6702
3493
1338
-1295
-5626
-7739
-8670
-7655
-4372
-1488
-169
483
2372
1958
1597
1543
2403
4040
5796
7080
8624
10619
13622
15464
15580
14679
14322
11870
9598
6900
6134
4837
5190
6203
5773
6598
8386
11794
14497
15710
16383
17389
17152
18023
18784
18802
17088
14079
13335
11754
10290
6268
2939
-65
-2050
-3197
-2689
-1512
20
4035
6351
9888
12463
13595
15580
16756
18193
18900
18907
18765
19369
19785
15789
13559
10540
8324
5010
2655
1342
210
2151
3321
5026
8240
12154
15692
17709
20033
21374
22656
22530
22716
21824
21197
19588
17303
14302
10552
5433
2324
-345
-1728
-1903
-2584
-2912
-1467
1271
4791
7965
9971
12628
15523
18836
20441
22677
22133
20619
18274
16023
13004
9670
6409
3023
456
-1132
-2710
-5016
-4142
-3075
-2933
-1991
-310
935
2520
4538
5859
7611
9514
12203
13439
15584
16958
17559
16543
16210
14861
14127
12430
9735
7272
6271
5071
5583
5792
8411
9229
11038
13448
17029
20249
20686
20850
20619
19888
18433
17277
15643
14726
11726
8937
6547
4693
1927
-738
-2331
-3725
-4920
-6376
-4807
-2736
543
3061
6263
10147
14141
17263
20232
21048
21837
21800
19679
18007
14695
10336
7072
3222
207
-2204
-4304
-5026
-5575
-5311
-5223
-4223
-2836
-1717
997
3530
6247
9942
11922
14368
15390
15172
14821
13790
11432
9133
5576
2210
-652
-3139
-3468
-3099
-2180
-1355
129
1065
3269
5355
6970
8166
8839
9812
10096
10192
8868
8485
7864
6999
5116
2600
1758
-292
-3556
-6248
-8282
-9518
-11259
-11782
-11652
-9607
-8317
-7010
-5547
-3276
-1347
1913
4419
5643
6641
8153
7262
6790
6012
3881
1588
-717
-3122
-5499
-6922
-7458
-8219
-7305
-5168
-2367
-807
1189
3111
3809
5470
7386
7913
7986
8812
8954
7783
7641
5025
1659
-899
-4951
-9610
-12838
-15717
-18254
-18546
-16540
-14416
-11986
-9022
-5090
-2456
1313
4684
6393
8059
8448
9593
9398
7929
6591
4492
3584
2711
-265
-3093
-5578
-6722
-5876
-6548
-7274
-6635
-4484
-1825
2655
5522
8040
10459
13400
15897
15980
14878
13810
10810
8362
5467
2885
688
-1894
-1965
-1128
-2287
-2779
-1767
-1515
-24
-97
390
1831
3937
6114
7692
9815
12409
13461
13125
13298
12646
13362
10820
8341
6849
4122
1442
-895
-1506
-2117
-3127
-3470
-2737
-1393
702
1987
3506
6381
10523
13279
16289
18742
20836
21552
20216
18865
15849
13291
10531
8108
5985
4987
5095
5819
7035
7911
8932
10204
12087
13322
14017
15145
17231
19071
20975
23191
23290
23619
22772
21056
18672
15990
13619
9955
6758
4089
2067
973
217
1662
3524
5769
8741
11625
14299
17221
21083
23498
25357
25418
24988
24730
23462
19568
16477
13734
10744
8721
6669
4990
3582
4042
3434
3188
3933
6569
8814
10367
13542
17378
20780
24544
26313
27908
27362
25767
23553
21386
19039
16086
12986
9448
6998
4267
2555
1630
667
3
-379
2128
4375
6202
8330
10923
12622
13821
14925
15529
14563
13390
11869
10101
8572
6310
4101
2148
293
-1850
-3394
-3757
-3836
-3284
-1416
510
2755
7142
9176
11247
13946
17547
19936
20571
21354
20991
19675
16898
15265
13087
9457
6259
3164
210
-1088
-2844
-3859
-3830
-2625
-1260
1391
5066
7171
10472
11265
11253
11118
10847
9116
7085
5503
3802
2090
-49
-1266
-2140
-3365
-4155
-4551
-3933
-3552
-3190
-1983
-77
2171
5775
7982
10197
12473
13988
15162
15790
16385
16307
16012
14572
12852
11034
8148
6195
2669
36
-3024
-5094
-4672
-4305
-3622
-1865
1266
3723
7064
9329
12454
14654
16199
15943
15345
13926
11614
7393
4293
1112
-3023
-4799
-6795
-8324
-9612
-10890
-10500
-8331
-7511
-6470
-3284
166
3256
6408
9908
12311
15205
15551
16238
16258
14483
12113
9356
6370
3812
1727
194
-1605
-3020
-3205
-3190
-2367
-553
881
1549
3587
6177
8425
9672
12399
13700
13795
14257
12992
10506
7573
3633
859
-1948
-4178
-6460
-8663
-9568
-9059
-8314
-8390
-7661
-5314
-3296
-2135
49
2637
4745
5615
7476
6830
7151
7487
7314
6504
5039
2911
515
-1549
-4140
-6493
-7647
-7547
-5743
-5029
-2380
619
4707
7280
8974
11176
12227
13730
14593
14994
14318
13738
13961
11804
10834
9354
7463
6427
4193
500
-495
-951
-1578
-2207
-1297
39
1632
3297
4289
6118
6863
8790
9910
9657
9858
10410
9965
8854
7815
7343
4087
2685
688
-1029
-1097
-2263
-1442
740
1919
2792
4259
5958
8211
9299
10393
11593
13202
13071
12901
12225
10231
8173
5572
2923
136
-2723
-5980
-8436
-10361
-11590
-12872
-12418
-11885
-10773
-9428
-6889
-4817
-3306
-256
2912
4889
4313
3383
3995
1672
25
-1964
-5531
-8410
-11239
-13154
-14359
-14650
-14484
-12751
-11872
-9804
-7828
-6125
-3125
-927
1380
2233
3905
4906
4929
3652
1904
-685
-3396
-7579
-11416
-14208
-17718
-20638
-23318
-24710
-24548
-23492
-22289
-19899
-16220
-13587
-10945
-9036
-6559
-4986
-3908
-2858
-2702
-3545
-4260
-4505
-5387
-6252
-6614
-6956
-7499
-7968
-8333
-8897
-9246
-9285
-10412
-10363
-9451
-7946
-5665
-5232
-2863
211
1461
2591
2606
2933
3530
2654
1900
803
-614
-2903
-5037
-6927
-8645
-9162
-10990
-12157
-11072
-10225
-8544
-5465
-2368
677
3644
7284
10079
11686
13369
13949
14116
12761
10321
6810
2787
-1460
-5746
-9438
-12444
-14063
-14873
-15376
-14985
-14647
-13081
-10735
-7945
-4549
-704
2947
6127
8489
10361
10336
10811
9145
7399
5944
3482
936
-1747
-3898
-5911
-6845
-8200
-8020
-6597
-5096
-3619
-2081
165
2231
3457
5577
7792
9158
8978
8930
8309
6369
3103
-1370
-5264
-9051
-12877
-16326
-19707
-22319
-23969
-24636
-24656
-22769
-20543
-17275
-14273
-11432
-8559
-5873
-3586
-3682
-3551
-4754
-5543
-7400
-8364
-10453
-11396
-12790
-14285
-14121
-13788
-13907
-13008
-11231
-11425
-9729
-7843
-6138
-5108
-2746
48
696
1444
2571
2602
3076
3674
3804
1689
-160
-2879
-6017
-9879
-12897
-16154
-19461
-21821
-23607
-24135
-22499
-20436
-17626
-14371
-10637
-7085
-4205
-2074
-724
-1005
-1640
-2804
-4386
-6390
-8791
-11909
-14402
-16260
-17712
-19440
-20758
-19870
-18767
-17648
-15571
-13866
-11594
-8875
-6277
-3144
-491
1464
4534
6313
7301
7188
6606
5465
3947
1282
-623
-3094
-5620
-7445
-8068
-9224
-8810
-8028
-7189
-6237
-4048
-2231
-313
2331
4078
5931
6841
7870
8471
7483
6210
5351
3295
1600
-144
-3351
-6195
-8732
-11044
-12038
-11639
-11852
-10719
-7621
-4887
-2270
862
4315
6011
8508
10055
9639
9079
7135
5308
3132
-420
-3579
-6725
-10110
-13035
-15295
-15983
-16209
-17851
-18148
-17067
-14984
-12098
-9177
-6071
-2928
-681
1100
2154
3303
3454
2321
1799
710
-1560
-4305
-6662
-9668
-12287
-14115
-15019
-15715
-15864
-14571
-12393
-10837
-8267
-6903
-5118
-5308
-5677
-5592
-5598
-6519
-6863
-7080
-8556
-10549
-11840
-14212
-16469
-17675
-20231
-22141
-22988
-23804
-24193
-22955
-21503
-19992
-17955
-14728
-12012
-9119
-5983
-3975
-1557
-870
-368
-379
-626
-1804
-4653
-7261
-11046
-13577
-16937
-19924
-21666
-22171
-22024
-21192
-19996
-18369
-15530
-14000
-11973
-9019
-7009
-5048
-3682
-2777
-1720
-3219
-5086
-7124
-9215
-12457
-15613
-18148
-19952
-20928
-21757
-21520
-20004
-17848
-16473
-14281
-12288
-10783
-9474
-8722
-7924
-6818
-5645
-5424
-4511
-4425
-5775
-7035
-9939
-13805
-18049
-22699
-26206
-29295
-32252
-33196
-32630
-31456
-30130
-27748
-26118
-24103
-23002
-20799
-19241
-18177
-17612
-16304
-15909
-15741
-15781
-15785
-16604
-17948
-20115
-22029
-24227
-26326
-26879
-26446
-25598
-24344
-21533
-19085
-16037
-13351
-11276
-10140
-9080
-8299
-8238
-8179
-8590
-10082
-12213
-13257
-14759
-16887
-18676
-20390
-23325
-24900
-25431
-25311
-24951
-23724
-22849
-21128
-19250
-16380
-13595
-9806
-6864
-4355
-2246
-1343
-1516
-2826
-4237
-6199
-7710
-9470
-12070
-14165
-15540
-16643
-17063
-33062
-15751
-29662
-13593
-11362
-7818
-5155
-2085
1553
4650
7793
10024
10591
11267
11734
10508
8796
7127
6335
3940
2241
1258
556
-554
-1058
41
933
1660
2908
5623
8061
11497
13462
15830
18278
20104
20893
21365
20303
19360
17696
15471
13158
10521
9140
6808
5304
5887
6728
7487
8912
11856
14581
17065
20435
23268
25583
28609
30997
33021
34378
35307
34181
32067
29397
25516
21516
17740
14262
9697
7330
5414
4553
5487
6113
6870
8595
11090
13665
14340
17359
19232
19759
20204
19472
17808
17024
16721
14272
12044
10681
9342
7493
6792
4588
3656
3050
2598
2773
3187
4340
6243
7767
9824
12432
16415
17935
19287
19396
19563
19738
17976
16917
14767
11648
8495
5923
3761
75
-1831
-347
198
1503
1909
1972
2953
4031
3487
3866
6194
7700
8289
8677
8444
9128
8834
6657
4582
2121
-938
-2992
-4752
-6078
-6716
-6556
-5187
-3053
-717
2561
6399
9067
11960
13654
16116
16414
17674
17680
17104
14730
13143
10994
9274
6058
2779
-573
-3384
-5974
-6722
-8023
-8157
-8209
-7516
-4466
-2397
902
4481
8279
11193
14466
16088
16379
16028
14415
12435
11002
9424
7123
4825
2231
-192
-1273
-1845
-2041
-1297
79
2200
4552
7792
12194
15453
18128
20636
22511
22581
23147
22854
21115
19865
17638
13973
10335
6776
2905
-689
-3800
-5213
-5724
-5978
-6648
-4321
-2063
1082
5584
9007
12150
15010
17383
18916
20342
20356
19581
18933
17033
15034
13819
12584
11780
10593
9064
7748
7891
7481
6978
8323
9633
12424
15295
17790
20761
22866
23816
25065
24197
22233
19732
16956
14622
12620
10799
7578
5231
2137
-904
-3080
-4332
-5983
-5760
-4202
-2239
-12
2060
4708
7254
8965
9895
10522
10868
10948
10117
9719
9568
7606
6034
4133
2570
872
-543
-2148
-3643
-3797
-2946
-1032
1086
4312
6199
8579
10375
12006
13725
13688
13624
11939
9415
6982
4251
2091
-1442
-3658
-6749
-9566
-11383
-12806
-13504
-13697
-12914
-11069
-8671
-5951
-2893
210
2314
5909
7655
8312
8886
8914
8639
7937
5670
4738
2970
1560
-932
-3463
-5763
-6482
-6613
-7215
-6493
-4309
-1755
936
3796
7002
9382
11626
13467
13426
12822
11005
9474
8757
5028
1955
-678
-3429
-5825
-8042
-10253
-11331
-11412
-11027
-9397
-7490
-5744
-3716
-706
831
3103
6370
8168
10447
12191
12160
11553
9800
7358
4861
1054
-2525
-5842
-8145
-10401
-10668
-10087
-11284
-10076
-9462
-8183
-6162
-4189
-2005
909
2912
4948
6451
5799
5812
4506
3139
1952
337
-2094
-4420
-5693
-7636
-8748
-8542
-7794
-7214
-5748
-3766
-106
3285
5260
7602
10549
12530
14300
15277
14879
14922
14387
13267
12108
8616
5235
2176
-124
-2405
-3686
-5064
-4531
-3251
-2046
-160
3642
7272
9198
11650
13794
15371
17475
17602
18745
17562
15818
14056
11826
9207
6384
3050
-902
-3566
-5525
-7167
-7434
-7614
-5166
-2377
475
4133
6661
9162
11771
13467
14140
14354
13172
12032
10095
8270
5261
3022
752
-1865
-5064
-7121
-8798
-9584
-9394
-8422
-7514
-4332
-2136
1204
4725
7805
9217
11672
12298
12603
12998
11872
9698
7568
3811
1006
-1976
-5434
-7028
-9146
-10604
-10700
-10106
-8633
-5802
-3249
-249
3402
6982
8985
11213
12816
14232
15118
15085
14487
14033
12288
9485
6952
4030
1345
-2038
-4937
-6278
-7060
-6363
-5739
-4735
-3027
358
2611
4316
6576
9046
10473
11914
11859
11314
10456
10945
11352
10248
9335
8137
6131
4505
3003
1020
-343
-1229
-1138
-687
669
2817
4972
7447
9736
12290
14406
14639
15395
15075
14825
13691
12048
10386
8851
5409
2344
1340
-605
-2890
-4169
-4654
-4782
-4757
-4135
-3336
-1089
987
4051
6197
9062
11758
14183
15973
16135
16117
14846
13317
10965
8306
5178
1264
-1251
-2428
-3387
-3311
-3030
-3215
-1919
262
1569
2805
4899
6348
8545
10679
11362
12298
13277
12304
10648
8039
4389
677
-3265
-5673
-8844
-10575
-11409
-10098
-8361
-6393
-3586
375
4265
6810
10504
12859
15936
17571
19404
20379
21344
21303
20093
18827
15074
12067
9157
5847
3135
105
-1303
-524
313
1581
4191
7320
10900
13655
16543
19560
21968
23456
23835
24459
24006
45380
20982
17550
13976
11648
7618
4616
2039
-941
-3148
-4025
-3605
-3091
-2688
-278
2498
5419
8894
11934
14832
16763
17411
17743
