95887
86236
-86
-147181
-29048
-18993
-9652
2911
12076
22532
30756
34467
34660
31224
26860
19656
9283
-3317
-19016
-32584
-46769
-57736
-63824
-68649
-70316
-68685
-63277
-52281
-39704
-26600
-13029
1332
14368
26544
38244
43040
45248
45620
40236
32055
21372
9116
-5424
-20912
-32928
-41965
-46577
-47532
-45460
-41964
-33492
-23809
-15728
-5548
1588
9532
17659
25732
31859
35928
39799
42192
42803
36615
25796
13827
-644
-15700
-33004
-74904
-19152
1927
14460
21676
24903
27868
27795
24232
18652
11371
1991
-11400
-24405
-37580
-48809
-60153
-64264
-68073
-69101
-69120
-62613
-54669
-44032
-28337
-12220
6716
25616
43871
54071
62435
64860
62363
52067
39712
23791
6143
-13168
-30300
-47900
-60152
-68760
-73576
-73220
-67060
-58800
-45589
-30328
-13097
3748
20384
31387
39087
42276
44111
44979
42276
35328
26535
15576
3620
-7428
-20153
-31985
-43416
-50608
-54125
-55796
-53797
-48885
-38448
-25800
-12316
2520
16228
31491
38948
45600
49428
48484
41872
30391
15532
2439
-9413
-23361
-34280
-42757
-46581
-45756
-43553
-38748
-33609
-25593
-16125
-6585
4704
16699
27796
39343
47116
52672
52475
50243
44320
35331
23196
8175
-6740
-20188
-33285
-46696
-57048
-64344
-68825
-70132
-69289
-64520
-55641
-45989
-33505
-19673
-2809
11000
21456
27639
32275
32051
28819
19236
8183
-4904
-18285
-29337
-42277
-53264
-60093
-63432
-63589
-63845
-60337
-52736
-43916
-30128
-15993
1476
16532
31592
45687
55971
63612
64264
62319
55344
42456
27047
10156
-5800
-18620
-25708
-29372
-30637
-29357
-23581
-13696
-4400
6528
19332
30579
42987
54579
65775
73291
79208
83527
83448
79920
75347
64763
51219
38352
22699
6851
-7797
-19289
-27429
-33449
-34796
-33881
-28148
-18909
-7193
6972
20672
34556
44595
53171
59747
63684
64875
59484
49772
37812
20863
4608
-9693
-24072
-35192
-44548
-51341
-55036
-52629
-47520
-39605
-30441
-20245
-7328
7180
20796
33887
44639
53116
58524
60359
54888
45655
34271
19451
6792
-8573
-24161
-39160
-52816
-58453
-61068
-60657
-57297
-49284
-36153
-22277
-6184
9284
26315
40676
51835
57211
60067
57999
52788
40083
23744
4700
-13433
-32469
-48237
-61705
-73257
-79001
-81716
-79292
-77224
-70344
-60193
-47521
-34637
-19177
-2104
14212
28327
36776
41339
44755
40467
29772
14903
-1281
-20040
-36021
-48588
-60888
-67501
-68548
-65705
-61624
-52561
-40677
-24784
-7580
10755
27379
45391
57128
66463
73163
74331
70431
62211
50491
34832
20500
6368
-5648
-17108
-27552
-35249
-41892
-46556
-48268
-47205
-43992
-38613
-29445
-19220
-4809
12567
29080
43216
53307
60788
63540
59948
53511
42012
28460
11772
-5149
-21964
-34660
-43849
-48025
-47833
-43413
-39825
-30633
-17909
-3416
12220
25927
39791
51579
59436
66003
69147
69223
66923
61867
53151
40435
28619
14863
3232
-6800
-15185
-22849
-27465
-27888
-24484
-16476
-5568
5603
19012
33127
48495
64051
72711
79915
82896
81211
76928
67736
55431
40331
25140
11812
-3333
-14872
-21369
-23005
-22792
-21088
-15921
-10780
-4417
3372
8203
18083
30664
43152
56795
66759
74040
83283
84972
82003
70580
51484
30683
9643
-10872
-28040
-42661
-54492
-59185
-58532
-51145
-37557
-20617
-3805
15511
36516
53676
64675
70599
73551
74651
71079
65115
56911
48620
36027
20451
7623
-6085
-19528
-29533
-38633
-46608
-50248
-50313
-49661
-44605
-35288
-24553
-10109
7976
23635
36260
46059
52111
51291
46127
38103
28331
15803
1699
-11457
-25181
-35432
-44917
-52996
-58621
-59248
-55412
-47113
-33804
-19341
-3244
13351
25131
37251
47328
54103
57372
59172
57372
51524
41852
31020
19695
6208
-8128
-29236
-237337
-20025
-7021
5028
15091
23412
30360
33491
30587
30579
28255
17203
4584
-5640
-21121
-36476
-47472
-54705
-58165
-63228
-67773
-62792
-54529
-44056
-31288
-14717
5596
22584
33527
42835
50327
53916
52188
50380
46228
37392
23543
9072
-2940
-19856
-36201
-48624
-53837
-56964
-58792
-56560
-46556
-36340
-29489
-21237
-5729
11088
20835
27556
37515
46948
52319
50475
47491
39572
24807
8464
-5273
-16852
-31309
-45660
-51216
-51972
-47933
-43784
-36296
-22817
-9140
435
13139
27255
40300
44908
45224
47955
46675
38364
25832
16424
4640
-8197
-25156
-37760
-45805
-51668
-56117
-58465
-52369
-45328
-39852
-27660
-13076
1439
11812
20132
30683
41712
51400
57487
61247
63195
59516
46676
29855
10520
-8261
-28192
-40284
-48345
-52936
-56412
-57752
-52464
-43581
-34569
-24501
-10301
-272
9783
18140
25767
27844
25187
19944
12552
6155
-1408
-13536
-26949
-39181
-50389
-60009
-67692
-71817
-73285
-72965
-68924
-61368
-52337
-42068
-29373
-13764
2023
15603
26383
34160
41691
45652
41663
33492
21828
8308
-7301
-22713
-36077
-47332
-53901
-57016
-62476
-63724
-60948
-54897
-47340
-40664
-31273
-17468
-5397
8075
18459
28403
33287
33711
32472
27039
17151
2084
-14917
-30628
-46764
-58684
-64913
-68301
-69304
-66597
-61580
-53561
-43145
-30361
-18756
-4877
9064
20848
30632
38272
41371
42104
38116
29452
20148
6252
-6660
-20568
-35556
-49037
-58009
-65800
-71101
-71760
-68204
-61149
-47869
-32328
-16429
2948
18903
31532
42156
50951
53984
53100
48263
41667
30820
18812
6236
-7485
-19725
-27525
-35385
-40952
-41029
-40565
-35288
-29157
-21100
-8393
3904
17667
29703
42132
52756
60883
64751
65088
60279
49840
36903
25672
13471
2171
-11812
-23996
-31532
-33065
-30556
-25205
-16437
-6293
2375
13287
24720
36991
48832
58219
67199
71543
75308
74128
70020
62251
52120
41159
29875
19100
6707
-4897
-11904
-14908
-16504
-16316
-12333
-3381
7419
19739
32824
46124
55920
63248
67151
71167
72771
70559
64968
58788
48147
33291
18876
7744
-5117
-16432
-27920
-30845
-33277
-32689
-26533
-19576
-11133
347
11295
25368
40060
51120
58704
65287
69491
69520
62391
53328
41332
26812
11883
-2725
-15916
-28288
-38749
-47892
-51656
-53081
-52429
-47020
-35592
-23284
-10825
3064
17839
29719
37299
39220
40644
38632
33723
25740
14371
-145
-14868
-29896
-43696
-56472
-64193
-71636
-76704
-74717
-68828
-58753
-47364
-34628
-17769
2167
19447
34467
48219
57439
59527
58160
50675
41488
26827
10508
-4805
-18532
-33524
-44457
-52720
-57368
-58696
-56516
-53161
-45264
-38216
-29785
-18072
-3685
9336
21760
29700
33516
39692
42532
39364
32192
18936
2247
-16836
-35849
-51929
-63793
-71849
-75037
-73396
-66529
-57789
-44613
-29968
-16325
-3813
8635
22944
33839
41543
48844
54915
56643
55271
50607
41980
31792
19564
5260
-8836
-20288
-29068
-33997
-36952
-38805
-36861
-31337
-22029
-9893
3555
18576
34352
48732
61275
70188
72688
74152
70423
59548
46219
30812
16044
-1732
-15816
-26656
-34376
-36348
-41848
-41225
-37356
-29928
-22868
-13620
-5368
10188
28048
42659
53736
61399
66559
65704
61039
53200
39800
21856
1224
-19557
-37528
-57769
-240673
-55333
-45980
-33360
-18753
-4273
9799
23296
36304
48175
54244
58207
60604
58551
54260
45816
33967
18671
723
-14168
-29817
-44456
-52537
-58353
-59060
-56153
-49328
-38609
-28693
-16849
-2801
11267
23175
33235
37580
39755
39415
35636
32215
23343
14067
1935
-10444
-25984
-37937
-47889
-57313
-64224
-67244
-66337
-59861
-51184
-40905
-27528
-12620
1796
15020
26176
35800
39467
42728
42771
38311
29279
18140
5544
-6416
-19853
-32148
-42725
-48552
-53069
-55884
-56192
-53193
-47724
-41729
-33309
-20117
-3556
11416
23152
32483
38728
41192
41664
39012
32684
22447
10243
-1612
-15181
-29909
-40741
-53112
-60597
-63304
-63708
-59833
-52368
-41261
-28157
-12096
4424
16896
24891
31912
39132
41952
44140
41511
36343
29427
17040
4339
-10696
-23037
-32976
-40580
-42837
-42985
-41720
-36692
-26077
-12969
103
12735
26588
39167
45139
49947
53212
55491
56331
52328
44792
35419
22632
10736
-3957
-17376
-30117
-42177
-48484
-53100
-53169
-47952
-38137
-25972
-12028
3247
19012
34271
47315
55620
61092
60840
56652
49775
39803
27092
15107
2267
-10860
-21464
-31869
-39261
-45329
-48608
-47077
-43917
-37461
-28876
-18669
-3941
11795
25771
37059
45795
50284
51723
49879
44327
37964
25443
13295
4359
-8212
-25133
-37721
-44768
-51672
-53788
-55016
-50597
-44836
-35001
-24253
-12348
2260
18195
30604
41035
49187
53076
51479
48415
40648
27879
12116
-1508
-18573
-32009
-41388
-48353
-52017
-52428
-52433
-46716
-36720
-27180
-17900
-7508
5636
17115
27532
37792
41888
45796
49132
47748
42183
31228
20915
5711
-10428
-25832
-39801
-49449
-55005
-59596
-58405
-53940
-46493
-35813
-24128
-12909
-913
12651
22623
29403
34263
35648
35191
30943
22963
15351
5143
-7213
-22101
-37604
-53020
-60644
-62689
-62608
-58285
-53296
-48209
-39005
-26948
-15521
-5116
7216
19288
29239
39200
49195
51488
50891
50204
44951
30520
15500
-4005
-22297
-37201
-50621
-61481
-65916
-62121
-50861
-40501
-29477
-15748
-3468
7680
20783
34055
41168
43624
48535
51580
52136
47167
34899
21648
7324
-10141
-26516
-37448
-44761
-46764
-47109
-45281
-41481
-33572
-26232
-13709
-309
11460
22107
37543
53159
63992
67231
65811
62431
52515
41163
28428
12875
-4329
-19820
-30740
-37348
-38793
-38569
-35656
-24884
-13208
-3397
6875
20507
35560
50471
61084
69811
75919
77659
78451
74192
67228
58455
47299
34783
20523
7523
-4493
-11521
-14425
-14064
-13765
-9924
-3437
4992
15487
25399
38419
51251
60220
69172
73699
72364
68944
61431
51531
37924
26611
12979
2579
-6505
-15196
-22225
-29312
-32936
-32372
-28481
-19341
-7889
8056
26768
46416
67987
86119
96587
101748
104095
99403
92284
79919
67040
51835
32971
16559
2772
-10053
-20217
-32217
-38900
-42992
-40204
-35301
-25377
-13913
-44
17664
35200
48740
57531
60059
57867
53312
44135
33995
22587
12631
2187
-8752
-19212
-28488
-36300
-40400
-43665
-42205
-37393
-31476
-20772
-7888
5884
21236
31892
41599
50652
56712
58380
56367
48935
39468
26776
14456
1367
-14380
-30396
-42792
-50952
-58592
-63928
-64245
-60232
-54204
-42936
-30309
-17889
-1849
10891
23228
32679
39667
43192
45532
43771
37484
32180
23756
11504
-2489
-13448
-24701
-33420
-35588
-35117
-30556
-24341
-17992
-10341
-337
8067
16780
25780
34567
42720
50239
55744
59436
57116
50992
42103
30815
13664
-577
-17784
-30844
-42832
-48905
-52977
-52196
-45529
-41873
-33441
-23108
-10232
2815
16555
30712
38391
46340
49600
53531
48876
41320
32475
20028
5247
-10469
-22365
-33945
-41917
-45948
-49844
-47981
-45561
-36712
-25165
-13104
1476
16363
27532
34691
40527
44440
44003
40191
33447
19084
2684
-9017
-21825
-33912
-47656
-57961
-63924
-69444
-68236
-67309
-61105
-50496
-39201
-25421
-12601
3183
18580
35252
47479
55308
57527
59331
53036
43496
32148
17687
-204
-17053
-34653
-51365
-63968
-68140
-71624
-71853
-71261
-67576
-56228
-43272
-28904
-12664
-361
8651
18176
25896
31644
32416
29424
22347
8804
-6429
-24421
-41725
-56741
-67653
-74660
-78257
-76885
-70892
-60597
-49437
-34920
-20617
-5777
9375
23236
35264
42803
47719
49255
48171
42484
30619
16679
2523
-12184
-26645
-39468
-51281
-59164
-65017
-64481
-61233
-56172
-47665
-35265
-21373
-7029
6051
18236
26700
30728
33775
35760
36276
32740
26524
15872
72
-14896
-31329
-49429
-62617
-72100
-77253
-81813
-84325
-80589
-74285
-66992
-57865
-45073
-31408
-18960
-1636
11835
24567
34999
43968
46919
44568
38319
28595
14112
99
-13992
-25452
-35572
-42056
-45300
-47176
-45685
-38908
-29545
-19476
-7137
5588
15616
23715
31243
35087
37487
32896
23883
14628
5095
-8060
-21925
-35585
-48404
-59712
-65896
-71621
-73676
-75048
-72776
-66600
-60425
-54076
-42780
-30893
-18973
-7301
-693
5047
8659
9760
6871
-1173
-12012
-26152
-40481
-54529
-67492
-75864
-82733
-85605
-84721
-80813
-73953
-64756
-57196
-49729
-42040
-36089
-28753
-16833
-7865
600
7387
11515
10808
9023
1175
-11773
-24068
-39249
-54853
-69837
-81348
-84572
-86949
-86280
-81940
-71897
-58333
-44377
-29061
-14181
-553
8283
12580
14676
17943
16272
12848
5091
-5213
-16373
-29585
-43332
-57333
-68316
-74537
-79205
-82565
-82565
-80005
-76285
-70165
-61100
-48180
-35876
-23677
-11136
-1881
4839
10764
14180
12599
4111
-5084
-13564
-24117
-35024
-45524
-54705
-60948
-66376
-69153
-70081
-64533
-58400
-48905
-39276
-26804
-13301
-1333
10099
16956
22160
26156
26723
23003
12903
152
-12829
-24097
-35389
-46352
-55044
-61609
-65620
-67857
-67961
-65885
-58409
-48368
-35829
-23345
-8769
2732
14339
24583
30783
34760
34683
30832
24172
16779
7412
-4532
-17109
-29880
-44684
-54128
-62228
-68732
-62660
-56437
-45493
-36001
-24240
-10365
3123
14148
21823
28940
31704
33028
27292
19679
11355
35
-14660
-29201
-40924
-55872
-70345
-75780
-78004
-78872
-78133
-72161
-62104
-49801
-36628
-22328
-7105
8859
17595
23247
27899
30636
29419
25096
15167
5204
-8497
-21649
-33361
-42565
-49304
-57785
-62513
-64205
-62805
-58073
-51269
-40497
-30364
-19293
-9057
2344
14268
24763
33311
37107
37395
32595
24088
14203
1964
-11877
-28696
-46145
-60269
-72224
-79364
-81392
-79016
-71708
-62808
-50473
-36368
-22640
-6557
9628
21275
28503
31535
30783
29523
24508
14520
5964
-4213
-14149
-25968
-36705
-45264
-50453
-54081
-58265
-58621
-57557
-52556
-42760
-30517
-14341
959
16948
29315
38532
44823
46711
45035
38956
28211
17487
4707
-10860
-26485
-40840
-51028
-230877
-61552
-62497
-61361
-56009
-45105
-33021
-21060
-8080
6319
17363
29235
38964
43404
42828
39739
32847
23019
10571
-2236
-15340
-28685
-41177
-52804
-60573
-61632
-60992
-58664
-55245
-49477
-36772
-23289
-8425
6223
20571
34464
42308
45087
46891
45375
40567
32175
21404
10924
-985
-14168
-24269
-29933
-33048
-36860
-33524
-26508
-19593
-10141
1615
13803
25964
39463
54780
66435
74987
80180
82987
81500
76668
66959
53363
39531
24888
9220
-5224
-14884
-24221
-31065
-35157
-35368
-33733
-26868
-17348
-8236
4111
17351
31383
43088
52479
60192
64119
63363
58308
50755
37579
21636
7432
-6841
-19741
-26708
-29525
-30501
-31985
-31321
-24648
-15165
-3064
8308
23932
40648
55871
66852
74868
80743
83728
80240
70328
58664
43503
26927
9720
-7064
-23040
-36576
-47368
-51185
-49932
-45648
-35073
-22592
-6224
8875
22691
36907
48332
56780
62319
66136
67332
65247
57960
48535
37927
25603
12427
136
-11385
-18416
-23253
-25897
-28401
-27601
-20588
-14028
-4016
3440
10072
22504
30620
39784
48579
54232
55436
52627
47940
38172
26335
15475
3124
-12093
-24372
-31625
-39520
-43969
-42872
-38485
-34704
-25460
-12944
-4616
8244
23095
33004
40352
47072
48235
48091
50124
48960
38327
28688
17900
2340
-10725
-22392
-31688
-41876
-46673
-50541
-50384
-45201
-40293
-30200
-15953
972
17695
32775
49888
61824
67543
70944
69411
60407
49019
35648
20491
8267
-112
-11736
-20156
-22332
-23260
-25744
-23309
-18941
-13989
-7808
2248
15712
31304
48312
64436
75032
83600
88255
85560
80035
69315
56235
42871
31703
20195
10351
723
-4913
-11177
-12272
-12212
-8089
1151
13068
24596
35315
49635
62892
70132
78667
84124
85119
81572
74559
64763
53435
39080
25080
10556
-1145
-11097
-16809
-22453
-21637
-19216
-14965
-5292
5276
16316
29272
45567
57476
70255
78295
81467
85207
84488
78592
65863
50763
36059
20227
5123
-11021
-20536
-30201
-37348
-39436
-38592
-31617
-22864
-13221
-1624
11260
22952
33115
39864
46924
49532
48864
44036
36659
26472
14740
3820
-8877
-23548
-36661
-45953
-51669
-56288
-59668
-58565
-53116
-41185
-28692
-15913
519
16424
30627
39756
46516
50552
51983
52115
46188
40375
32815
21792
10663
-3556
-17728
-30589
-39801
-46376
-49616
-51144
-51124
-45612
-35476
-20412
-6269
10112
24012
36267
44399
49476
54119
53312
49440
42443
32779
21947
9972
-1508
-14141
-24104
-33124
-40684
-43397
-45333
-39157
-29121
-15849
-872
13887
28284
43911
55927
63383
66024
65296
60663
52363
41475
29332
15976
1311
-14848
-30801
-42220
-49512
-54673
-56573
-53033
-47357
-38881
-27057
-10969
3923
16848
29816
39955
47872
53112
52987
51588
46020
37848
27100
14955
3895
-6977
-17645
-25769
-30077
-32293
-34169
-30629
-23536
-14141
-2316
8792
21600
36451
48039
56931
63096
69319
70151
64348
56624
45508
33683
19023
5559
-8677
-18872
-27404
-34213
-36725
-37289
-36969
-33488
-27136
-19940
-10476
-137
11068
20927
28676
37548
43107
46659
47171
42355
35347
25907
16160
4971
-8989
-21753
-29365
-37368
-42144
-43649
-42988
-40389
-32341
-24180
-12245
-645
13808
27692
38003
45204
48167
46272
40283
32844
21160
8096
-3445
-14884
-26972
-37941
-45508
-52517
-59284
-64453
-67093
-65004
-59829
-46685
-33560
-17376
640
16720
30631
41947
49547
53372
53864
50483
43520
31755
17536
5748
-6405
-16736
-26365
-35392
-36749
-36741
-36513
-30157
-22941
-14668
-4397
7380
19184
29747
38228
44075
46455
46831
45032
38663
28891
14660
1223
-13432
-27116
-40957
-50916
-57648
-62449
-65728
-62653
-53729
-43121
-31580
-14329
383
14988
26152
35920
41631
44487
47740
47895
42160
32279
22475
11119
567
-10156
-21493
-29541
-33252
-36440
-37925
-36069
-30653
-22432
-12932
-1957
11700
24800
35436
44703
52896
56568
58867
57695
51847
41408
30712
19160
6959
-7381
-20796
-29752
-37541
-41492
-41865
-38856
-31569
-22777
-9617
5504
19044
34460
47828
58415
66351
71651
73484
71820
63491
54871
44208
31971
18440
5640
-7697
-18289
-23777
-28121
-29885
-27569
-21872
-14465
-1564
11803
26060
38483
49204
58552
65315
68951
68207
61527
53535
43564
32248
19500
6260
-5888
-16081
-21601
-22384
-21393
-16908
-12601
-8021
-1164
6327
15471
24640
35283
45831
54380
60044
66920
69984
71304
67867
62667
52308
39192
25999
11144
-2181
-11537
-20368
-25240
-26581
-23272
-15865
-8321
1335
10712
21735
34299
44563
54515
61431
65783
67904
68208
63424
55356
46083
34563
21920
6944
-7212
-19021
-26752
-31189
-34769
-33545
-28621
-22756
-12345
-468
13031
25336
36883
47232
56180
62175
63976
62864
60131
52347
42056
27103
14040
1312
-10881
-22465
-30233
-34548
-39505
-38424
-33957
-27040
-17245
-5656
7027
22495
36539
48048
59172
67524
71043
70059
63643
53888
42607
30584
16368
2700
-9145
-20516
-25881
-28300
-30745
-30104
-26688
-17861
-8464
4024
19211
31415
41604
47347
53731
59508
61315
58091
50959
38943
26644
10971
-5368
-19437
-31448
-41408
-47188
-49596
-48456
-45396
-39637
-30717
-19252
-6040
8280
23060
34680
45748
54831
58495
59115
55387
48051
39603
28255
16236
719
-12660
-24568
-33232
-38561
-41068
-39856
-34400
-27029
-16497
-5081
9004
22999
36427
50388
60500
71004
78464
82559
83352
76636
65356
51007
34716
17564
564
-14120
-25956
-34616
-38652
-38877
-35673
-26404
-19220
-4996
7600
20911
34132
45111
54151
59868
62551
65360
62284
59440
52607
41775
31368
20755
7248
-5128
-16609
-26017
-31337
-33004
-31481
-25901
-17001
-5800
7959
22699
37212
51264
63563
67640
71703
72607
68488
60688
47040
33319
18716
6015
-5928
-17841
-26013
-30684
-36768
-37760
-33728
-28468
-20484
-11113
180
12924
26771
37587
47435
55243
59155
60368
57608
51224
42095
30931
17420
4748
-5233
-14260
-20429
-24524
-25516
-20805
-15076
-6440
4027
14652
26971
38992
50244
62640
70559
76223
79703
81984
82556
78247
67703
56844
44831
29876
17280
5883
-2477
-7484
-10064
-12068
-11188
-4285
3639
10564
19271
31264
42652
51508
60284
66435
68740
69611
67116
61020
50264
35135
21119
6339
-7013
-19472
-27229
-33945
-36976
-37761
-36285
-32976
-26241
-15081
-4388
6483
17935
31612
43972
51551
58440
60840
59399
56600
46960
35671
23460
10644
-4501
-16077
-25201
-30725
-33305
-33717
-31696
-23584
-15480
-6325
4208
18108
30471
41080
47816
52696
55635
55756
52591
46008
36212
25603
11967
-2864
-14136
-23792
-30973
-35564
-39800
-40993
-39296
-34837
-29356
-22201
-11485
-69
12179
23295
33576
41667
47928
50519
52448
46384
38035
25975
11959
-3560
-18640
-32025
-42116
-49317
-53408
-53792
-50441
-46437
-40184
-26208
-13012
-2205
11891
23280
33107
41175
45736
48791
44768
37619
28700
15191
788
-13525
-26104
-37097
-47125
-52384
-56148
-56713
-52760
-47185
-39673
-29837
-18788
-5517
7096
19780
31031
38496
43008
46388
45116
37324
26948
14584
-424
-14956
-29808
-42640
-51737
-57020
-60804
-61989
-58144
-52884
-41881
-29548
-13581
3727
19140
34487
45808
54652
60955
62527
59179
53488
41808
29895
15012
2188
-10705
-20165
-28172
-33660
-36204
-34969
-33109
-26889
-19133
-6876
4639
16239
28632
39311
47320
55796
60128
60576
58452
50623
39836
26588
13511
-757
-14280
-25036
-32712
-37585
-39949
-41804
-38872
-31973
-25772
-17824
-7412
3527
14375
21936
28868
34336
37908
40807
38820
34963
25188
12715
836
-13992
-28817
-41104
-52949
-59345
-63752
-65149
-63913
-57377
-51036
-44885
-36044
-24389
-10565
1032
9272
17651
19792
23831
21291
14328
3076
-10841
-24917
-39768
-54748
-67409
-78280
-87032
-93184
-94193
-88796
-81192
-71240
-60576
-47649
-34124
-21724
-10057
1172
11199
17120
22699
24143
19771
14324
3964
-6908
-18785
-33297
-45557
-55812
-62233
-67664
-69308
-66648
-61400
-51625
-40313
-26501
-15024
-1316
11368
20679
27875
30952
30211
27564
20451
11464
-357
-11880
-23133
-36248
-47745
-55769
-63397
-69725
-72297
-69280
-64153
-56744
-44012
-31397
-16109
-1685
10448
22259
31451
36496
39564
38707
35319
27304
17724
6092
-7816
-21196
-32533
-40264
-45860
-50416
-50188
-46873
-40205
-32165
-21021
-7244
6028
19735
30627
39943
47148
50112
49951
46587
37563
26680
12552
-1208
-15040
-26984
-38613
-45688
-50148
-51912
-50753
-45385
-38257
-28872
-17665
-5421
8127
21308
33320
42499
49504
52287
52619
48691
40819
30575
18351
2444
-12845
-28297
-44104
-54261
-60629
-63376
-59848
-55148
-47933
-37840
-24336
-12624
751
12392
19651
25591
26488
26047
25960
21075
15603
7663
-4440
-15748
-26576
-37625
-48836
-56009
-63300
-68069
-67692
-64577
-58533
-49896
-39245
-26361
-13072
-820
11167
18679
22171
24639
21607
14427
6331
-2517
-12856
-24149
-36380
-48264
-61421
-69505
-76269
-79313
-80936
-78321
-72848
-63673
-55277
-43325
-30733
-18797
-9381
-24
8263
13692
17875
16959
14583
7623
-4080
-16333
-31453
-46313
-59289
-70517
-77729
-82885
-84229
-82873
-77677
-67521
-56300
-43533
-29393
-14540
-1408
6852
12515
15972
15543
10259
1903
-10273
-23105
-33529
-46156
-57689
-67772
-75517
-80584
-82993
-81301
-76744
-69548
-59245
-47793
-35821
-23256
-8964
4340
15840
22579
28547
28448
25824
19295
9312
-1252
-13592
-26368
-39081
-49741
-58221
-65364
-67804
-68845
-66576
-63264
-55684
-45312
-33321
-20177
-6785
3847
10632
16839
20380
19240
17611
9652
-1065
-14352
-28921
-42105
-56193
-69229
-79104
-85324
-87633
-85812
-80340
-71653
-60029
-47928
-35356
-21052
-6873
5396
15276
23340
27416
28088
22231
15031
5139
-5961
-17820
-30840
-42592
-51981
-57812
-63084
-65457
-64996
-60392
-53828
-42868
-30748
-18452
-5080
9208
19572
29308
38839
45487
49655
48835
43875
37088
24939
12632
-2721
-16052
-30788
-42153
-48381
-51872
-49876
-47257
-41461
-33096
-22120
-9733
2668
15735
27823
36855
46055
50743
51119
47571
42695
34540
21304
6980
-4148
-17988
-29025
-36221
-42568
-44088
-43244
-37297
-29816
-20860
-9740
2728
19107
35567
49784
59087
66752
71488
74296
73731
67619
56944
43652
29343
14059
1200
-10241
-21388
-26904
-30729
-30853
-24281
-18261
-8901
2668
14559
28024
44380
56363
67179
72164
77964
82291
80512
73756
62724
51251
37664
21563
5811
-9368
-20077
-26621
-28029
-25300
-20933
-13125
-4121
6444
18263
32184
43923
53224
60431
67987
70000
69496
66483
59367
49524
38256
25856
12100
-1244
-14160
-22753
-29661
-33525
-33232
-30044
-24400
-14797
-4261
8356
20028
32112
41504
49771
54963
57247
56692
54648
50031
42800
31588
21880
11264
284
-8580
-16320
-20896
-23208
-24165
-21573
-17196
-8460
1031
13283
27576
41647
52919
63375
70351
73043
73731
67791
56988
45987
33119
20004
7184
-8752
-20389
-29532
-36836
-41989
-42856
-42309
-37721
-27093
-16892
-3352
9804
20736
31859
38004
41251
44851
45879
42479
35524
26955
16751
5580
-7220
-17028
-24764
-32232
-36905
-36545
-36696
-33821
-25401
-18325
-7133
6868
18679
28508
39412
47988
54483
59144
60484
57656
50991
41923
31527
19215
6451
-4812
-15296
-22901
-26900
-31468
-31861
-27332
-21652
-12668
-536
10691
24363
37763
48932
58715
64899
68343
68436
62563
54812
42208
28064
14252
-236
-12693
-24896
-32917
-34884
-36841
-34497
-31101
-24488
-15405
-5673
6931
19835
33539
42540
51416
56883
59047
57720
53155
45816
35671
24827
9887
-4785
-18048
-30201
-36956
-40629
-43189
-43492
-38741
-31988
-23713
-12204
1203
14420
27844
40467
51119
57035
61943
62792
59299
52352
44004
33528
21535
9955
-3440
-11452
-16621
-22624
-25596
-26025
-23380
-16637
-7248
3643
13447
26575
36739
43916
47523
51012
53196
52599
45396
37655
26920
13587
-1092
-16669
-31457
-43604
-51237
-57561
-59200
-58817
-55445
-49149
-39504
-26857
-13377
1364
13088
23323
35856
41888
47559
49143
47740
41883
34567
24943
12155
603
-10056
-21164
-29013
-35788
-37688
-37664
-34305
-28412
-21605
-12340
-2048
8668
21596
34252
43124
51060
57463
58431
55504
46795
34524
22348
5555
-8865
-21589
-32373
-39756
-43720
-43648
-44536
-41344
-34265
-26665
-14165
-3328
10900
24427
35900
46507
52823
57444
59151
56703
48576
40035
26847
12484
-989
-14124
-26681
-35452
-41704
-45464
-46028
-41709
-36940
-29096
-21585
-11493
875
12064
23980
35796
42863
47455
50136
49187
43480
33056
19060
6643
-7349
-21952
-33128
-41645
-47032
-49645
-45157
-40072
-29868
-18653
-6605
9591
24547
40900
54583
62720
67427
72524
72740
67776
60684
47796
34520
21607
6212
-6689
-18508
-25104
-29509
-30864
-29073
-23676
-17013
-8261
1851
14340
27059
39780
52471
60756
67651
71636
71512
69236
58671
45139
29935
14719
-380
-13112
-23868
-31848
-38241
-41273
-41857
-39672
-33728
-26188
-15804
-2740
11476
26055
36888
44055
52151
56347
56039
51715
43363
32412
18559
3967
-8705
-21773
-33296
-42913
-47960
-50261
-50040
-46105
-39397
-31184
-21273
-10720
1583
12376
23116
30524
37236
39836
41284
37532
28159
17507
6275
-6813
-19917
-32572
-43440
-50048
-53901
-55321
-55228
-51777
-45916
-37097
-25176
-12712
104
11987
23779
33772
38800
41087
40724
39096
31496
21299
9976
-1625
-13836
-27033
-36105
-42609
-48841
-50572
-50996
-48000
-41397
-31077
-18984
-6345
6775
20623
32351
40968
46003
49272
50708
49884
42712
34779
25036
13227
1888
-12001
-20837
-29009
-34108
-36488
-37088
-33197
-26124
-18353
-8857
727
12179
25083
35471
44575
50507
53216
52499
51304
47032
36591
25147
12607
-1212
-16301
-28773
-39133
-46473
-50812
-50961
-47381
-39621
-29433
-17576
-5524
6987
18875
30732
39268
44636
47256
47136
43996
36224
25259
15156
1968
-12361
-25712
-37372
-45317
-53076
-55908
-55365
-52616
-45392
-35349
-22396
-9252
4236
17480
29724
37227
41695
45303
44183
40183
33972
24387
12060
-197
-14056
-26933
-37913
-46056
-50901
-53484
-52613
-48624
-40997
-29772
-19604
-6837
8263
21523
33352
42463
49924
55263
54984
52900
46323
37332
25336
15215
4095
-6561
-17608
-25245
-31253
-34489
-33885
-29341
-24004
-14661
-3869
8160
19963
30335
37307
43339
47999
49560
50043
48139
44035
37436
27580
16959
4584
-9905
-21512
-30384
-37689
-41956
-44620
-43113
-37149
-28889
-16384
-4141
11712
27664
42987
55012
65396
69259
71176
69043
62687
52811
41459
31651
19335
6444
-4224
-13724
-19864
-23620
-24500
-20680
-12861
-2928
7956
20948
33972
47344
56651
64676
