52191
53531
4587541
15807
-2433
-6637
-9201
-10445
-5677
1348
6364
12999
20616
25812
27743
25740
23288
17251
10812
6735
1276
-4532
-10841
-17169
-21521
-25825
-30201
-34005
-38648
-42193
-42817
-40741
-36633
-33412
-31885
-29645
-22789
-17469
-15229
-13169
-10449
-8820
-7105
-7116
-8457
-9412
-9329
-11037
-13776
-20088
-25005
-27385
-28873
-29457
-28928
-26612
-19329
-6941
2140
8999
15140
18331
20235
19639
18008
16680
15104
12324
10896
-3293
-206977
-24201
-21705
-21908
-19501
-15865
-10748
-6857
-7864
-10568
-12429
-14305
-18401
-24256
-30685
-36613
-43053
-47841
-51220
-54832
-55953
-55781
-53276
-50097
-45077
-36092
-27480
-21048
-14573
-7333
-817
3180
3696
6911
9587
12500
13692
12196
7044
1015
-3100
-7384
-10441
-12912
-15652
-14641
-11913
-10033
-7008
-4213
-884
1387
1579
4368
6751
5203
3967
-1008
-4037
-7653
-12609
-14564
-14976
-13348
-13228
-15589
-14784
-14541
-13616
-13776
-15909
-15900
-16428
-14661
-11836
-9205
-7905
-4821
-756
2192
3740
4376
5388
6024
7083
4932
2255
-1052
-3332
-5557
-9433
-12264
-13665
-14585
-11853
-9188
-7408
-7009
-7137
-6348
-5432
-3189
-1385
-884
588
6576
11120
13695
15388
15092
14147
12643
8663
3384
-3661
-8984
-13004
-17757
-20080
-21484
-22664
-19809
-15416
-10377
-8392
-3084
3519
7456
10408
10295
9220
7996
5323
2644
-317
-1352
-2596
-6613
-12120
-18221
-22608
-26240
-29816
-31928
-28149
-21457
-11244
-1252
6423
14231
21084
25956
28080
26244
22080
17992
15888
10824
4903
2335
751
-1373
-3509
-3996
-3384
-940
2584
6496
6547
8432
12672
14060
15623
17495
20855
21756
23016
23824
23619
23095
18307
12756
7347
2148
-2721
-6816
-11088
-14913
-13904
-10452
-7081
-6608
-2617
2183
7416
10340
13152
16191
19635
21755
24116
23335
22120
19372
15532
9556
2519
-4436
-7761
-12249
-15556
-16753
-14668
-12472
-12692
-13680
-14725
-13028
-10529
-9844
-8305
-7393
-6897
-6105
-5064
-3372
-4481
-8501
-10920
-15480
-19704
-22668
-23836
-25208
-25653
-24832
-23829
-22360
-21720
-19757
-19029
-17609
-16056
-12589
-8540
-3528
5368
11540
13319
14535
13299
10855
4676
-2581
-11104
-19800
-27777
-34096
-38665
-39156
-38153
-37688
-34616
-31488
-26996
-20432
-18181
-15109
-16737
-20297
-20985
-19304
-17813
-16813
-12124
-9984
-7512
-6357
-5905
-8460
-11965
-17392
-25109
-30804
-32656
-35104
-32928
-25940
-20460
-12037
-696
11656
19872
26883
32967
34123
33575
29447
26251
20056
13267
5524
2444
2756
2451
1735
-3309
-4965
-6896
-8349
-10461
-10645
-9608
-5249
892
3511
9463
15387
19611
22163
23572
22347
20471
17316
11859
7551
1951
-2664
-5456
-8956
-10180
-9208
-7836
-3884
-1493
3407
5659
8299
11492
13632
17292
22855
26435
29536
30279
29723
27812
27876
31368
26488
26987
24764
21784
21952
17223
10320
4355
1944
-968
-2720
1719
8523
19315
27716
31460
37107
39780
38879
31500
25079
18424
16067
16536
18023
20364
18988
13896
7255
3083
-4172
-5833
-3120
-2181
3652
11243
17339
22587
24036
19476
14287
9380
7475
9872
14552
21272
27732
27863
26256
20392
15576
9708
2796
-2424
-8200
-9209
-5552
-197
2500
3371
8435
11359
12163
12924
14379
18187
24236
29872
33688
37084
35820
33732
28368
20279
10043
2020
-6781
-15560
-20124
-22048
-19884
-17992
-16121
-13125
-7616
-1024
652
180
1616
6615
9796
11832
12099
11632
16216
17311
13067
8819
4667
2543
-941
-8745
-12588
-14317
-15856
-12113
-6289
2087
10483
14012
14707
20963
26119
18004
14151
20884
18411
15532
16412
21244
23887
-1404
-235761
-20788
-23928
-15952
-13864
-17005
-16240
-9889
-4849
-5200
-9393
-8520
-4421
-5049
-6609
-10512
-13041
-18032
-31568
-39781
-44404
-47788
-50704
-50049
-45224
-37544
-33572
-31161
-22713
-10356
-7037
-4685
4035
10608
13928
12263
14024
17043
14187
6616
5179
10952
9227
-3708
-7617
-3585
-297
-8460
-13664
-10953
-10188
-11077
-8512
-1844
6068
7471
3243
9720
17579
12392
4396
5096
3800
-1329
-9617
-13437
-12940
-17464
-25497
-25441
-17272
-13044
-19573
-24413
-20628
-11548
-10920
-13528
-10717
-1137
7675
12400
17908
25396
26332
27415
30555
28819
21844
14748
9884
7724
2748
-5880
-10377
-9316
-8725
-11728
-11921
-9328
-7632
-5729
-1997
3411
9212
13908
18587
23832
27019
25763
21987
16720
12588
7483
1579
-1661
-4785
-8821
-7433
-5916
-1937
-136
2363
4704
9852
15448
15023
16355
18780
21103
21883
20268
19700
22571
18439
9547
1664
-4285
-10208
-16864
-23773
-29997
-36092
-36149
-36824
-37724
-37344
-35768
-33332
-28416
-23081
-20664
-16884
-14501
-15921
-19153
-19952
-21492
-23612
-25417
-28996
-28912
-29036
-28993
-30149
-29425
-26453
-24677
-26077
-24929
-21737
-18020
-15625
-12412
-7524
-1592
5035
9163
11391
13231
11564
8259
3091
-5305
-14152
-22628
-29369
-30533
-28981
-27528
-26033
-24001
-20877
-19133
-17760
-16509
-11768
-10652
-8732
-7689
-5512
-2340
31
3623
6991
6252
4248
2644
1175
656
-3092
-8388
-13324
-15296
-13816
-14424
-14457
-12261
-9449
-6505
-3201
1216
1067
1095
2504
3680
4528
2387
1532
1216
-1261
-3437
-6980
-9165
-12485
-17785
-20409
-21365
-20913
-20857
-18068
-14020
-7556
-560
5155
10143
16192
21096
25056
28527
31096
30727
30959
29119
31496
32675
32324
31424
29059
27336
25000
22615
20775
18703
18771
17191
20148
27724
32903
38940
44583
48091
48040
47788
45207
41628
37939
33639
28183
27252
24535
22131
20995
22152
20759
17603
16272
16516
18487
18044
16944
19627
27036
32819
36719
40939
47172
52008
53380
52335
49583
48527
44728
41080
38504
36424
34616
32456
31095
29039
28632
28204
27812
27008
24096
24703
26923
27119
26140
24243
23188
23556
22903
19888
19032
19372
19208
16640
9479
4844
2080
-837
-3264
-4501
-5860
-7176
-6777
-7016
-4516
-2533
75
2823
7475
14676
20296
23776
24031
25259
21268
16700
11248
6147
2887
960
-285
-2217
-3357
-3509
-4804
-6537
-7652
-9209
-8749
-9101
-8329
-6341
-5416
-3229
-1516
1892
5424
5227
6072
6191
5611
2251
-720
-6208
-8493
-9145
-10280
-11349
-11873
-9488
-6233
-3605
-2229
964
3635
4527
7359
9751
15659
19116
21743
22619
23644
24256
20732
15472
10968
5784
-261
-4768
-11464
-16761
-21829
-24637
-25821
-26336
-22217
-17413
-11928
-5937
115
6091
10795
16211
21176
22571
21336
21219
19259
17156
12856
8864
5048
196
-4148
-6640
-8397
-5797
-4565
-1661
4360
11212
14751
18796
21423
25436
30596
31572
32084
32895
33468
31943
30260
28056
23183
16736
12144
8011
4136
1419
1387
1668
671
2971
8392
13472
15964
20611
22912
28083
32480
36955
37839
36079
35928
29383
22576
14180
343
-176129
-16380
-19597
-21084
-19664
-19792
-18101
-16249
-13657
-9237
-5656
-4164
-1448
3164
6600
6631
4580
4495
3731
-1612
-4901
-7761
-12028
-16816
-19808
-20832
-19633
-17740
-15693
-13797
-12709
-10924
-10733
-9508
-8161
-7224
-7709
-5201
-4413
-4712
-5817
-8373
-9400
-12285
-16288
-16708
-14221
-12044
-13053
-13404
-12912
-14312
-15924
-18965
-21332
-21320
-21052
-22337
-23516
-20629
-16141
-15173
-16005
-18025
-21420
-23760
-25993
-28476
-28588
-28324
-26880
-27572
-30616
-30829
-29952
-30340
-28201
-26140
-24932
-22408
-17817
-15396
-9397
-2281
1600
7192
7299
6547
5259
1732
-1261
-4136
-6189
-6616
-7381
-11793
-15485
-17996
-20248
-19721
-20748
-20569
-18424
-14757
-14473
-9421
-5073
196
3547
5620
8011
7995
5911
5783
5435
4535
1667
-1416
-2937
-2545
-2833
-5908
-8612
-14293
-18132
-21177
-21353
-20725
-17701
-13656
-7164
-1432
5648
11847
13219
16616
18783
19663
18900
17547
15448
10247
8587
5199
2856
-1288
-4136
-6192
-7577
-7268
-8157
-5512
-3696
2019
5496
7319
15704
19471
21527
27872
26031
17996
16860
13191
5656
2384
863
-1228
-5624
-8644
-15216
-21573
-23013
-23561
-21761
-14885
-9000
-3360
7060
17615
20415
21116
21560
17956
13604
10460
6275
2112
-425
-124
-708
-1980
-3640
-7713
-11633
-13988
-16921
-20100
-18612
-13213
-4892
-1141
2843
8080
9696
8204
7199
3036
-1977
-4976
-4908
-8228
-10832
-14856
-16777
-20208
-23896
-25904
-28125
-30432
-29093
-24148
-23104
-21725
-18920
-13345
-7273
-4464
-344
3863
4684
6724
6459
6172
3816
3040
3067
523
-3256
-7833
-10881
-16200
-15704
-13336
-18608
-22565
-22141
-21256
-19521
-18353
-20088
-22729
-15816
-7581
-6181
-5932
-8184
-13228
-14481
-18188
-20584
-22321
-27237
-30768
-36413
-42309
-41801
-40164
-42876
-46704
-46876
-44173
-34117
-21132
-14225
-11072
-7916
-3564
-6009
-9488
-13889
-13557
-10632
-7321
-1641
4871
7868
556
-8653
-18424
-24664
-32980
-40425
-39056
-30029
-15724
-1277
4360
7271
9227
8683
6560
2363
2603
6331
10155
14403
15935
18416
17455
11872
671
-8729
-15500
-18620
-16233
-13244
-10256
-7200
-3528
7004
15179
18448
20308
20600
20459
23787
26328
28703
30092
27327
18711
9128
-92
-5613
-4044
-1884
-1436
-120
-921
300
5219
7572
6404
7987
12931
17035
25799
36236
43348
45564
40159
37824
38695
35196
30052
25504
21743
15016
13011
11436
10539
13379
12223
10196
9559
12448
16167
21412
24647
27516
32580
36251
41175
42803
44983
49372
46351
42760
38967
32568
28579
22716
12503
2648
-3345
-8440
-13816
-10520
-7793
-7201
-4417
584
8032
17183
23732
26940
31291
33748
35163
32623
31379
28924
22760
15932
11927
10616
7891
5280
3907
1196
1160
5980
11007
17380
22343
26559
32440
38816
47696
51192
50715
51907
52759
49192
44575
37864
29744
18891
11612
4171
-917
-7136
-10173
-10881
-9168
-3300
-716
-152
2987
7192
7460
9516
13272
15292
14527
16359
14976
13239
15552
14896
13424
13584
12180
9488
8571
6063
2744
-801
-5101
-7325
-4917
1736
5172
6651
8567
6659
5336
10935
15060
15939
15755
22508
23640
28104
21688
19000
17119
-1
-1741
-12905
-10665
-14160
-10461
-10809
-6985
-4921
-5353
859
60
6456
9128
15543
25143
29771
31328
30663
30923
27251
24240
17176
14096
13067
8728
6356
4744
8096
8543
5012
480
532
4943
4291
5315
7111
6951
423
-6465
-5525
-6981
-6993
-12717
-13145
-16632
-15696
-15445
-19588
-20016
-20809
-21841
-25520
-21249
-13924
-6960
4828
8092
15232
18967
24267
26879
25831
24956
24199
22999
21176
21720
18571
13499
5787
940
-6084
-14784
-20729
-23285
-22117
-22752
-21336
-20385
-22309
-19572
-16584
-11208
-8473
-4892
-920
1779
2551
2231
3984
2287
-737
-3657
-13265
-21404
-25044
-27677
-33680
-36760
-37609
-37320
-33520
-29713
-22384
-21825
-19572
-15648
-12252
-5877
-5232
-5189
-7600
-5232
-4980
-6248
-7676
-8417
-10196
-16800
-22317
-29620
-35424
-39649
-44792
-51620
-51513
-48456
-45073
-41644
-36481
-25873
-18349
-15133
-10488
-6216
-7680
-10681
-10444
-9016
-8593
-14104
-16573
-18548
-20897
-23825
-29236
-34797
-34228
-32016
-29536
-27533
-22441
-18972
-16861
-13701
-11125
-6701
-5209
-4968
-4192
-3220
-2840
-3068
-7508
-11272
-16700
-21456
-22293
-23284
-26717
-27597
-28644
-31056
-34001
-38048
-38540
-36361
-32637
-30528
-29165
-28313
-25412
-22308
-19417
-18833
-18273
-20108
-19525
-16593
-17840
-20780
-22696
-24449
-27828
-31841
-33149
-32752
-31288
-32176
-31536
-29981
-25656
-20236
-16649
-13628
-8364
-3561
-1084
-345
2132
2580
-661
-5516
-11212
-15797
-23221
-28881
-35568
-43216
-45693
-48933
-49252
-48769
-46161
-41921
-35652
-32052
-29313
-24373
-18169
-15369
-17860
-20304
-27752
-31469
-35785
-42284
-48033
-51176
-54616
-57560
-58616
-60545
-60913
-59108
-55572
-50997
-47364
-41857
-34801
-29125
-23420
-16120
-11020
-8528
-5809
-4765
-6485
-7141
-9544
-13645
-19008
-20453
-22489
-25685
-30369
-32181
-31105
-31160
-30972
-30545
-27328
-26348
-24652
-21949
-20433
-19200
-19817
-19437
-18464
-20621
-22176
-22673
-25309
-28313
-31373
-33268
-33356
-33652
-37305
-40393
-42429
-43884
-46144
-47865
-49101
-47065
-44885
-41677
-38512
-35117
-33541
-33097
-31992
-30413
-30133
-30204
-28909
-26132
-26485
-30669
-31405
-35793
-37581
-38373
-39980
-38864
-41160
-44697
-39384
-41093
-35216
-34049
-32305
-26392
-15305
-5709
-2421
-1572
-2909
2159
-6024
-12596
-22928
-32025
-35512
-41033
-40528
-49153
-48528
-53748
-49669
-46901
-42737
-38293
-34097
-23561
-18244
-10616
-11057
-8632
-11288
-14628
-19296
-22833
-20820
-24592
-24312
-26045
-23745
-21801
-27092
-27296
-29476
-27317
-25096
-26049
-23553
-21073
-17908
-13701
-10104
-5205
-3236
-2944
-5160
-3517
-5508
-5973
-12025
-20160
-29029
-38160
-46036
-53692
-59097
-61576
-63704
-61184
-56349
-52752
-45097
-38289
-27957
-19792
-13620
-9117
-892
3267
3995
1655
-889
-4901
-9361
-13088
-20325
-22117
-25164
-29172
-30973
-33300
-34652
-34344
-30512
-28797
-24449
-19049
-12701
-9633
-5553
291
4360
7164
9352
8967
5380
2956
-161
-4252
-9552
-13400
-20900
-23924
-26548
-25609
-26140
-23580
-14733
-5373
2304
10683
20332
25996
29543
27787
26395
23723
22868
18639
11663
7907
4895
2155
1220
2359
2499
-1605
-11473
-15996
-19892
-23192
-25084
-28476
-26701
-22300
-13996
-8428
-3017
2143
4848
9095
11407
11284
11899
10403
10752
10983
9219
6392
54287
-761
-5909
-9353
-13653
-14352
-16392
-17081
-17624
-18600
-18404
-15265
-12168
-11153
-8189
-4185
35
1995
2087
1476
-669
-5345
-10905
-16621
-19493
-19440
-21708
-23805
-24681
-23133
-23485
-24804
-22872
-16713
-12848
-8092
-2093
3428
9207
12576
15487
15075
13815
9679
8179
7103
6247
3740
3319
3539
5812
4596
2732
2247
1400
-2488
-2245
372
3292
6244
8272
12915
14076
15663
17131
16371
15428
13948
10644
9451
4436
1363
-3369
-4701
-3301
-1616
284
3428
7776
14071
20552
26491
31835
35840
34744
34619
35287
35952
31687
27231
23328
21592
18199
12876
9383
7084
2887
-1201
-5716
-12261
-16100
-16248
-16852
-18868
-17833
-13720
-4428
5935
15992
26336
31388
34839
40839
44956
45360
44283
42012
39072
35404
29480
22072
17211
10236
13519
10323
8407
9952
8940
9296
15012
21816
20588
27452
30004
30171
31751
37236
37972
34776
33868
33483
28059
18448
12404
2432
-4941
-4756
-6905
-6785
752
9324
14435
19464
29211
28699
29560
37535
35631
39443
45287
48235
46388
47864
46064
41040
32028
26675
16192
7499
6996
3084
2283
5428
12483
11212
15819
24575
24175
27703
28415
28632
30364
32760
35963
35032
36823
33851
27548
25928
22051
18359
14192
10664
8507
3368
2228
-1573
-1492
-2696
-3372
-829
-1517
936
4975
4712
5439
4352
6700
10024
15156
20204
23411
26123
24832
22792
18959
11292
6060
-845
-5681
-6644
-8416
-6472
-1185
5575
15080
23980
29595
29703
31564
34772
34488
31584
31179
28467
24539
26091
22219
14904
12563
12020
10227
6539
7699
11211
11411
13464
14316
13944
16211
21836
29247
35944
42828
47392
48520
49423
49884
48679
44820
39796
32451
23504
16196
13895
11963
11127
10211
10099
10516
11699
9504
7795
8396
8216
14367
18448
25843
33656
41504
49547
56400
58200
54516
50283
42624
34611
29135
21156
13432
6059
1768
-253
-1732
-3492
-6273
-3872
-625
3663
9719
13535
14392
19463
22467
23043
25287
21715
22992
21363
16459
12820
8160
3667
-4421
-10472
-15085
-17000
-15824
-13617
-8549
-1089
5723
12431
17747
22464
28512
29192
29364
27948
27252
25096
21308
19347
14559
8727
4131
923
-2864
-4336
-8693
-8577
-5000
-1389
391
552
4715
8083
11663
13532
15703
20251
22971
22407
21459
23079
24591
26475
20407
14755
11660
8547
3035
-376
-4137
-6241
-5057
-5704
-1992
2828
9008
15268
20051
24607
29748
34107
40336
38583
35108
31772
27643
25831
24247
20935
17383
17623
14571
11232
9016
5191
3164
415
-309
-564
1700
8012
12975
17800
23496
26599
28696
30015
30351
27043
24091
22584
18723
13112
6856
807
-3184
-7528
-11777
-14080
-14948
-13925
-13241
-9556
-4304
1180
3800
7728
12988
17891
21808
23195
22024
20380
19747
17460
12063
6916
3443
1368
-4440
-6784
-7536
-8565
-7641
-6517
-5004
-1288
4679
8711
12356
15056
17036
19975
19700
21459
22651
19152
17868
14636
10487
5479
560
-3356
-11624
-17304
-23273
-29825
-32376
-33797
-33024
-30872
-29117
-23248
-17940
-14797
-11029
-5253
-1588
2031
3532
5007
5607
5139
4107
-501
-4165
-9341
-12481
-14628
-17797
-18776
-16213
-14189
-13692
-11952
-11628
-9253
-7532
-7433
-4024
-209
575
2428
3616
968
-1100
-1985
-3649
-4244
-7993
-10673
-13660
-16816
-19053
-20801
-23796
-23217
-22825
-22268
-17184
-11476
-4941
1951
7243
11203
12271
12795
11240
10564
9035
5900
1232
-1465
-3792
-4069
-6192
-10764
-11405
-10396
-10281
-10772
-9916
-8312
-5377
-3497
16
4384
6740
10691
15460
18588
18192
15783
14064
12496
10151
6536
1864
-169
-2644
-6188
-9697
-10321
-8720
-8481
-8965
-8016
-4076
-2397
880
5835
10456
14820
18303
20515
19903
19932
17043
17067
14779
11316
8024
7799
7148
4487
4491
4016
4203
4219
6712
11527
15815
21520
24100
27291
29224
31963
32915
31096
30212
29840
28723
27232
25923
25292
21780
17199
13468
8024
6415
2395
3327
3940
4443
9064
11967
17659
21444
25552
31008
37883
41592
45883
45843
46204
44383
42736
37543
31971
26535
21715
16836
10295
6791
3999
5432
6032
7228
8655
13456
18984
23995
27123
31304
32976
36728
40135
43039
44503
47072
49299
47760
44131
38343
32363
24744
16296
10612
8495
6536
7640
9247
12195
17999
22124
24083
27712
30976
31555
31431
31555
30419
30784
29628
26443
24648
23792
20587
16563
12951
7003
3560
-1692
-4600
-7469
-8348
-7168
-3024
2775
8376
14552
19191
25556
27363
27296
24640
22811
22652
17687
11963
7860
4764
1640
-3096
-5348
-5361
-3888
-96
4308
8891
13568
17583
22351
27587
29715
29695
29828
31083
29692
27284
24556
22532
18580
13647
6851
2184
-2261
-8773
-15036
-18848
-17708
-13968
-12340
-5521
651
5960
9063
11660
15703
16064
16631
15095
13279
10723
9884
8443
6135
2967
-829
-4397
-6325
-9352
-13581
-16557
-18108
-17540
-14488
-12420
-7004
1160
9831
17420
23512
29792
34119
35863
34175
32492
30816
27883
24228
21644
18071
15304
12480
9371
7903
5592
1183
-817
-2176
-4529
-7044
-6964
-5936
-2460
696
5331
9003
15679
16783
19287
21139
21355
19539
15623
11224
6608
-773
-4920
-9144
-14313
-13505
-12704
-10349
-7316
-1276
2492
7503
14379
20044
23767
29704
31548
32364
32408
33511
35875
34252
27988
23664
20171
14484
8147
3596
460
-2860
-3456
-3200
-2541
-1513
2024
7731
12900
14915
17372
21284
19652
18467
17972
16072
14824
10804
5775
732
-1068
-4721
-10901
-14273
-17956
-18188
-17249
-17852
-18717
-16532
-14117
-12285
-7889
-4784
-1008
4847
8728
13268
17275
20603
21871
22448
19136
14995
13295
8075
4552
3967
4531
5472
7647
11516
16911
22588
27056
32068
37028
40868
40891
40547
41412
41859
41371
40219
39983
39680
37607
34396
29187
21363
14404
8252
2144
-1456
-3876
-5005
-4972
-36
4560
10080
16144
18871
23388
27920
27719
25240
22959
18379
14015
10048
5751
4948
3179
3199
3839
4507
7351
7243
6759
6431
7255
8144
10144
11716
12352
12591
14384
14268
15528
16723
17727
20024
18835
14116
9999
4823
-237
-6016
-8756
-12100
-14861
-14593
-13017
-12312
-11049
-8908
-6061
-3476
-865
831
1831
5515
9183
10659
11992
12116
10868
9067
5520
931
-3501
-9296
-15541
-19944
-22808
-24860
-25828
-25640
-23072
-19045
-14677
-10052
-3092
780
875
2332
2659
1656
-1809
-3813
-7448
-11120
-14548
-17625
-20320
-22065
-26957
-30320
-32368
-33337
-30533
-31553
-31524
-27461
-23292
-17953
-11672
-8085
-3733
911
5447
7080
8164
7563
6027
4699
-664
-3793
-9153
-15796
-21533
-26917
-28744
-29289
-27048
-23812
-20141
-16328
-11136
-6401
-2041
1807
4816
5508
8668
10980
10248
6872
4327
600
-2544
-6208
-9513
-12584
-15053
-17737
-17573
-16913
-14309
-13596
-10985
-6276
-2068
2312
5728
10615
14444
16587
18695
19292
19252
19131
17611
15028
12128
9159
6236
451
-2793
-4708
-6980
-9484
-9561
-7977
-6241
-5268
-1381
3144
6692
12632
16483
22992
28368
30604
32703
32604
29991
25352
19631
11564
5423
-513
-6061
-11749
-15629
-18512
-18080
-14648
-14004
-10576
-7441
-4805
-3273
939
4875
8895
8764
7419
5235
2084
863
-4205
-8620
-16136
-24336
-31060
-35377
-41513
-44593
-48808
-48192
-47540
-45760
-43220
-37684
-30157
-24812
-18129
-13588
-7828
-4057
-1197
944
3136
2088
2471
1744
-3125
-6041
-11325
-16921
-22097
-26028
-27689
-28001
-28988
-27269
-26145
-23976
-19413
-15836
-11668
-6916
-1617
-1208
-2133
-1029
-5497
-8073
-11869
-18180
-23768
-30521
-36593
-41004
-44668
-47281
-47844
-46484
-44604
-41516
-36564
-31873
-24196
-17125
-12288
-7653
-2484
-321
-505
-1388
-2228
-2877
-6084
-12440
-17465
-21209
-23672
-26173
-27116
-23369
-19477
-15592
-13329
-10609
-5244
636
4599
6567
9751
13979
18183
22227
22563
21299
18679
16627
14800
7600
1844
-5060
-10757
-15416
-19476
-19241
-17957
-15777
-13768
-10824
-4421
3799
8244
12200
15811
17931
18515
16911
14755
14019
12072
8064
4684
2816
376
-2025
-2565
-1461
-3316
-5572
-7141
-7620
-5188
-4433
-1764
1307
4312
7019
8056
11239
14268
14955
13675
10604
9040
7735
5296
423
-4324
-8376
-12569
-17148
-20812
-21920
-24080
-23736
-22257
-21176
-18556
-15817
-12848
-7441
-2072
3600
7344
9588
9896
9048
7667
4888
1307
-5784
-11493
-18892
-25496
-30380
-35229
-39141
-41769
-42957
-41696
-40605
-37961
-34632
-29588
-26489
-25524
-23173
-21501
-20080
-19996
-19997
-21493
-23053
-23152
-24625
-30648
-35960
-38813
-41373
-44885
-46296
-42969
-39964
-37404
-33708
-29164
-23161
-18964
-14941
-12884
-10164
-8020
-6065
-7596
-8588
-8840
-9520
-14105
-19645
-23116
-26653
-31412
-36521
-40805
-44888
-49092
-49036
-47304
-44600
-38944
-31928
-24885
-17545
-10949
-6764
-2180
-108
-240
-1832
-2505
-3500
-6409
-12272
-15277
-17724
-20948
-25748
-30913
-35920
-38757
-39061
-40541
-40868
-38717
-33889
-30585
-25929
-20261
-16377
-15924
-16140
-20644
-22628
-28064
-34361
-40037
-45925
-50145
-54156
-57688
-61248
-63280
-64540
-64193
-63929
-62188
-58345
-52037
-45345
-38209
-31188
-24612
-17576
-11800
-9116
-9029
-9924
-12557
-16529
-20757
-28365
-33940
-36524
-41345
-46216
-48576
-50536
-50800
-52101
-52292
-52229
-50512
-49497
-45056
-42396
-39633
-34589
-28457
-26265
-25028
-22840
-20964
-21644
-23821
-27576
-35196
-41396
-46265
-50505
-52168
-52625
-49165
-47149
-42861
-36960
-31404
-25425
-21816
-16657
-11576
-7124
-352
3464
6440
8800
9160
10648
9079
4668
-1036
-5992
-9353
-12833
-15524
-17357
-19077
-15905
-11553
-10617
-5437
-437
5764
8916
13208
19283
20883
23812
25600
26203
25827
25336
22720
18780
11771
7072
-8
-3884
-7013
-10193
-10480
-8185
-4912
-2408
1535
8616
17052
22732
30420
34387
40112
45140
47564
51959
55095
53944
50828
49911
45812
41352
37243
32364
29651
26859
25931
26251
28376
31872
35031
40224
46239
52452
56763
61139
63240
65284
64448
63179
61264
56991
52651
47643
41260
35403
32239
25487
20268
17608
17228
17068
17979
20387
22564
26808
30807
35087
38232
40908
43780
45271
44944
41887
38939
34432
30020
24228
18363
11348
4920
532
-2065
-4568
-5976
-4632
-3469
-817
3663
12707
17567
21255
25643
29627
34139
36359
36664
35400
36128
33611
30172
25780
22591
19112
13316
9988
6096
2456
2527
2203
635
2004
2508
3904
8144
10904
13699
17384
21124
20971
23468
22243
21772
18448
16016
11559
6188
3008
2527
1136
415
779
2779
2996
2515
4472
5523
8087
11635
12199
13888
16776
19599
22743
23463
22975
22679
19759
15215
9967
4276
91
-2933
-5769
-8148
-5313
-6724
-7901
-7685
-8645
-7568
-5281
-3061
-153
2919
6672
10171
14527
17572
19072
22508
23747
23923
21483
19875
18020
17928
15184
12456
11884
11687
11076
10684
11344
12663
13863
14587
15564
15663
16892
18248
20916
21636
22484
24347
25708
26016
24431
21500
18112
14528
9195
5228
1563
-92
-1008
1455
5155
11243
17463
23539
26783
29084
31671
32416
33527
31755
31447
29455
28871
26780
22548
22192
21251
17632
14144
10083
8411
8483
8016
8243
9959
13596
18436
23256
25476
25448
25460
25623
24363
22968
20771
18847
17880
16404
12283
8327
3360
-1025
-5308
-9444
-13064
-12808
-11676
-10056
-9333
-5349
59
3787
7087
10264
16564
23135
26364
27988
27560
26004
24807
18408
12972
8043
1388
-4269
-8581
-9677
-11413
-13492
-14944
-15405
-14693
-14344
-12468
-10028
-8464
-5573
-2733
560
4212
4627
3260
4643
3019
-1189
-6068
-7772
-13308
-19228
-21637
-23405
-22377
-21309
-19280
-16444
-13380
-9940
-3648
-1173
2979
5371
6288
10287
13951
17779
19467
20024
19691
18151
18948
16771
11940
8007
3372
-1049
-4081
-5541
-6640
-8001
-8585
-7621
-4581
-2280
747
4043
7540
12851
15083
18180
18276
18780
16151
13267
8624
3815
-757
-6144
-10956
-15096
-17712
-17237
-19264
-19641
-19729
-18500
-14464
-12261
-8301
-4745
-2612
-397
1928
1791
288
-925
-2904
-6077
-10533
-13952
-17172
-22017
-24924
-28161
-28956
-26513
-23829
-20136
-16165
-10424
-5245
2152
7916
13467
18564
23771
25940
26763
25223
25767
25203
21011
16411
12747
10420
9115
4352
415
-1052
-996
371
-1469
-1137
3520
7095
10699
16343
23051
26979
29292
30816
28487
26656
25091
24139
18439
12560
8067
2175
-1904
-4492
-8884
-12168
-12737
-10252
-9009
-6673
-3280
2752
5435
8583
12319
16199
18600
19983
21304
23099
23360
21080
18716
16232
11387
4404
-384
-6632
-9312
-13197
-17273
-16952
-15204
-12177
-7564
-2025
3640
9388
14600
19003
21127
22615
22604
19195
15952
12764
7372
3752
-2516
-8629
-14612
-17901
-19825
-21576
-23628
-24357
-24512
-22733
-19425
-15468
-9932
-4949
360
6727
11540
13187
15708
17023
16084
14511
9179
4460
-1705
-9728
-15080
-19449
-22473
-22585
-20125
-17152
-14153
-10869
-7129
-1976
3428
7252
8780
14075
18392
21615
23988
21920
19847
17264
13447
8919
4924
1583
504
-1524
-3704
-2408
-1676
-897
492
3056
8428
14419
19315
23384
25248
26276
26667
25227
23256
18216
15471
12340
8908
5883
1900
-1268
-4952
-7989
-10677
-12701
-12181
-12997
-12008
-9237
-6316
-2485
2448
4511
8295
13699
15804
16863
16627
16796
15396
11892
9291
5540
235
-3896
-5236
-8309
-11588
-11837
-11008
-11456
-8809
-6020
-1437
5887
13531
18007
24188
28127
29451
30595
29199
25908
23340
20659
15984
12967
8968
5420
2907
-1333
-6788
-10716
-14789
-17365
-20041
-20952
-17621
-12277
-6392
-208
5524
11139
15851
20056
20872
19691
16388
12048
8028
2963
-3144
-7697
-11780
-14168
-13957
-13164
-11528
-8112
-5284
-2005
3387
7048
10956
16223
22300
26984
31279
33764
37144
40251
39495
39168
36900
30088
26131
23363
19224
16624
12415
11667
9767
9288
11964
13376
18019
22164
26959
30832
35083
37719
38739
37935
37536
36535
33135
28392
24431
18483
15231
8848
5383
2623
-1793
-2224
-1973
-1028
631
2831
5372
10339
15279
21255
