16823
12739
-14624
-29248
7252991
-1513057
-53856
-54664
-51177
-44976
-39400
-34808
-32616
-31961
-27453
-25644
-24972
-23212
-20792
-15673
-8916
-1684
3804
5168
2659
-2032
-11453
-21741
-29781
-35309
-40144
-43825
-45845
-47344
-46593
-39464
-34076
-27776
-22125
-18209
-10517
256
1676
-113
1919
5764
4000
-1268
-8740
-20184
-33909
-39652
-42740
-44261
-45409
-42464
-39396
-32865
-26148
-21505
-15080
-8425
-9952
-11313
-14500
-19064
-1821377
-27560
-19704
-17765
-18733
-15637
-7461
1651
10799
22043
30312
33655
28343
21151
21212
23784
22311
15507
7752
6215
10824
8895
2511
-1488
-5521
-7688
-4036
1744
-1433
-8161
-6312
-1720
3595
11768
20232
30963
41616
48796
54379
55967
49592
39952
39271
37575
32987
21748
5839
-6909
-11492
-12777
-16129
-18444
-21289
-20096
-13200
-440
13344
21683
23828
19432
14248
16063
22468
25571
26052
25551
21719
13888
12384
15624
12360
212
-2676
1091
4875
6859
2631
1600
6519
17455
27347
36499
44315
55571
59591
57376
49600
50835
54427
48063
36531
27699
20979
17255
17648
14143
6888
28
-2408
-2752
-889
3212
11027
18068
25191
30728
36188
38699
40007
43212
50036
53320
49712
46192
43032
37303
21748
7780
2808
-2316
-4381
-8644
-10972
-7424
-4284
2040
9172
13431
16836
18660
22852
28836
27983
26092
22451
20584
21807
25871
30247
26752
16720
7484
-1861
-11408
-17057
-17432
-14184
-11056
-9085
-7816
-3188
5660
10692
11831
12280
14391
19247
26548
34571
36216
33583
28104
22383
15903
11304
6407
-85
-7456
-11216
-13213
-13337
-9784
-4892
-553
4672
9568
15099
22391
32636
39084
40864
41019
40700
40148
36392
34343
29139
24099
19536
15055
10048
6652
1759
-4376
-5477
-4441
1276
6260
9996
12128
13155
17292
25940
35623
42416
46771
48955
45740
42495
40048
36052
32307
26467
22680
18447
15003
12624
12227
10291
5523
-605
-2953
7
4783
11156
18780
25448
34223
37212
39708
41704
40668
35495
31868
27748
21752
13779
4992
-2392
-7329
-10880
-9872
-11740
-14125
-16429
-15197
-9945
-5141
1083
8271
13032
18020
22868
29340
31520
28983
26367
20871
14919
9432
5027
1924
-1856
-6209
-8737
-11785
-15929
-17245
-14776
-13112
-13888
-11449
-7472
-2216
4608
12343
17488
21620
23515
23895
22940
18948
10940
2576
-3992
-7457
-10109
-15909
-21244
-24145
-26573
-25681
-23460
-20165
-17436
-14109
-9701
-5601
-1416
4275
8632
8467
8700
8148
7304
4975
947
-2444
-6109
-9092
-13152
-15792
-18416
-20288
-20964
-19600
-18085
-17445
-12464
-5889
763
7152
14952
24771
29667
33367
36560
34692
29627
21979
16671
10635
4864
2019
-4253
-11277
-14568
-19020
-22297
-19329
-18133
-16880
-11441
-3008
4167
12231
21191
27264
28755
34739
36360
34231
30111
24480
19612
14127
12404
11176
7596
2828
-3469
-8140
-9961
-10685
-10176
-2949
3996
5691
13115
23468
32104
39379
42863
42843
38504
34871
31003
26715
22068
16092
11663
6015
2588
-3809
-10004
-15425
-16712
-16869
-15109
-7501
-3596
2616
9588
17464
23431
25424
28264
29567
30752
29419
25567
19864
12708
3720
231
-2648
-8868
-15216
-18729
-21752
-25940
-27401
-22905
-19901
-16681
-11033
-5745
-2304
-548
3112
6148
7511
5899
6384
4351
-557
-4312
-4437
-5525
-8864
-13060
-19397
-22480
-23204
-21072
-17824
-14897
-11569
-6245
1539
5560
9227
15607
19868
21815
26295
29764
30560
27883
22288
16940
13288
7063
1372
-156
-244
-824
-6325
-8161
-11569
-13080
-11936
-6433
252
5660
11972
20275
25560
94720
6248
2964
-2525
-9493
-17608
-23388
-22361
-24536
-24788
-23105
-21429
-16201
-10533
-3337
3228
7955
14188
18256
21359
18531
16315
10519
5128
-1116
-8021
-11761
-18217
-24401
-29417
-32909
-34905
-34793
-33412
-31253
-28641
-22400
-15500
-9041
-4576
-264
7512
13880
16488
17232
14468
7455
503
-6188
-10092
-16912
-22745
-26245
-30461
-31656
-30029
-28589
-25937
-23885
-20477
-16292
-10893
-4565
-661
4159
10708
13507
14371
13672
13003
9080
4371
-1588
-8909
-14880
-18140
-21920
-24737
-27689
-30104
-29821
-26801
-21828
-14301
-6505
172
5383
8244
10592
10400
10264
14068
15436
14316
9331
-76
-7617
-16688
-20624
-23448
-27005
-28921
-31113
-33616
-33593
-31617
-27081
-20225
-12936
-3488
6444
13392
19699
23287
23652
21875
20279
16260
11956
4660
-1501
-4184
-7181
-9476
-13517
-20576
-26473
-28881
-30608
-33516
-34668
-31181
-25912
-19944
-15797
-13228
-8660
-4625
-1821
300
348
-228
-5381
-13392
-22112
-27872
-32697
-36809
-42353
-45660
-46769
-44868
-43953
-43269
-39365
-35852
-33353
-30600
-27369
-22761
-17381
-16460
-21212
-24364
-25833
-27248
-29904
-37817
-45832
-52460
-52672
-54669
-57449
-60072
-61125
-61265
-62213
-61976
-58373
-51448
-40621
-32705
-24576
-21825
-21389
-16997
-8400
-1784
-2049
-4409
-11429
-18228
-21292
-25513
-32069
-41781
-51584
-59556
-61672
-60892
-61016
-59025
-57965
-52528
-44481
-35084
-24288
-17928
-13281
-10388
-8116
-5832
-5488
-7708
-12613
-18825
-26772
-32725
-37000
-39116
-43192
-48633
-52113
-52312
-49648
-44629
-38653
-32008
-25717
-20140
-14176
-10540
-7736
-4553
-305
372
-2440
-5988
-8628
-12873
-17928
-23341
-26824
-30717
-33928
-37941
-41533
-41737
-40708
-38133
-33312
-27685
-20644
-13360
-6268
283
7207
12327
15992
14444
10580
7636
5299
2612
-4893
-13245
-21401
-25900
-30028
-32868
-37176
-38832
-36961
-31052
-26765
-21284
-14696
-7044
-888
7256
13867
17407
20652
21995
20519
17911
10900
3727
-941
-7161
-12356
-19432
-27320
-35544
-37308
-36812
-36241
-34928
-31537
-28284
-22465
-14900
-9233
-7509
-6808
-4200
343
2019
136
-3480
-10464
-19921
-26305
-30917
-36533
-41720
-45968
-50633
-54348
-55536
-53765
-50557
-45132
-37324
-32608
-29168
-23481
-18249
-14124
-10509
-8337
-6481
-7237
-9885
-14348
-18836
-25108
-30224
-36125
-41460
-46504
-49876
-52400
-54073
-53324
-50772
-45737
-41709
-36609
-31613
-25200
-17177
-9681
-3464
-1249
-176
-376
791
-2269
-7376
-12009
-16452
-21349
-27261
-31601
-36041
-37560
-39040
-37064
-33153
-28512
-21577
-14869
-9840
-3532
2075
7864
14795
19000
21224
19311
14707
10619
5892
579
-2885
-6804
-13312
-18409
-21272
-23233
-22996
-21161
-18137
-14180
-7761
-4861
820
6763
13080
17700
23024
23276
24519
21832
16864
10343
2715
-3276
-12017
-19445
-23984
-30413
-35248
-39148
-38545
-37968
-36553
-32281
-28164
-22040
-15473
-8464
-2452
3315
6372
7668
4879
1784
95
-4332
-9489
-14637
-20388
-26457
-32037
-36120
-43717
-49141
-52768
-52481
-50328
-48689
-45932
-41549
-36308
-30741
-26341
-20101
-15220
-12572
-10484
-11640
-12677
-14817
-20968
-28952
-33369
-34997
-38669
-43896
-47812
-50229
-53112
-49628
-45857
-40241
-35200
-31020
-24549
-16920
-8280
-544
-7340
-12188
-17752
-21452
-26133
-28072
-28441
-26616
-23928
-17388
-11024
-3444
5095
13328
20512
26439
30743
34275
39307
42508
42511
40936
37279
31587
26244
22544
17919
15036
9064
4007
-116
-2317
-1909
1460
5896
10744
15799
19768
24988
30619
36448
39623
40340
38460
35244
31584
25951
18183
12340
3287
-3160
-8632
-14693
-19676
-22136
-22693
-20076
-16257
-12181
-5988
447
6771
13207
20843
26224
26096
27647
27147
28139
24548
19675
12752
7271
3787
-1240
-5592
-9341
-12961
-15536
-15724
-13913
-10188
-6244
-60
6327
13351
19800
26344
34323
40475
43812
42599
42220
40071
38272
35755
31488
27168
22795
19228
18376
16988
15212
13876
11595
13195
18932
25784
32500
39915
47635
53468
59772
63476
66008
66115
64611
60163
54616
48943
43695
38431
33903
27732
23792
20456
16631
14820
11371
12691
15239
19076
23275
27483
34279
41467
47959
52671
53879
49912
47480
43028
34488
29496
22388
16928
11643
9051
6607
4052
1707
-1224
-3557
-509
4132
7939
12000
16104
20111
24979
30375
32935
33483
33099
30172
25940
22008
17832
12376
6579
-168
-4624
-10425
-13309
-14437
-16572
-16804
-15501
-12525
-8905
-3028
495
6996
12204
17208
22755
26395
28339
26292
23600
18924
14264
9351
3960
-1604
-7229
-11001
-14228
-14844
-12729
-10132
-6937
-965
6431
12776
20392
25907
34963
42243
48711
52179
52676
51319
48083
43135
37932
32847
27455
21416
13136
6491
2547
-856
-2372
-1225
35
4127
9396
13152
19835
28748
34483
38804
43327
45643
44120
41164
37535
31895
25500
19559
13756
5392
-1917
-6496
-11076
-13561
-14164
-12797
-11997
-10517
-7157
-2721
4659
13124
16819
18887
21211
22407
21987
21823
18163
10127
1967
-5976
-11637
-16440
-21860
-25928
-30200
-31985
-30992
-29688
-28220
-25940
-21296
-15157
-6668
2407
12200
17807
20195
22888
25087
26272
24596
20399
13747
9888
6259
1707
204
-2629
-4533
-5500
-2297
-1032
4860
13872
17931
21912
27408
36611
45528
51772
57604
59792
58384
56156
52056
46599
41664
34664
28535
22420
14904
9195
5748
2499
-124
-144
3740
7995
13236
18768
25719
34131
42828
48531
51188
53035
54059
53212
48688
43652
38187
33468
28155
21067
15660
10044
6852
3943
1608
3247
6903
7239
10384
14616
21183
28487
36223
39551
40436
41619
41492
36256
32515
25876
18148
9972
3052
-565
-4932
-8909
-11700
-14601
-14457
-12328
-9496
-5837
-1184
4335
10143
17376
22343
26344
30719
34472
32279
29795
25912
20411
15371
11996
5744
-660
-7408
-13820
-16912
-18341
-18605
-17237
-13313
-7396
-669
5408
10971
17508
23835
27715
30940
31812
30580
30607
29087
23887
16447
9247
2651
-1929
-7173
-14289
-18072
-18509
-17701
-16340
-14320
-12200
-5492
2447
8743
12968
18611
24560
30872
35488
37899
36727
32587
23531
16404
10884
5656
-1812
-9484
-15969
-20561
-23041
-24792
-23224
-19221
-15089
-8241
-2892
3236
9512
15892
22215
24020
23363
21711
19511
13980
7899
3003
-3945
-9709
-14725
-21369
-25765
-30965
-34873
-37512
-37921
-35661
-32433
-31684
-29565
-23873
-14672
-6417
959
3464
1335
-4397
-10564
-18909
-26925
-33957
-39820
-43649
-46573
-48424
-50909
-49489
-47393
-43360
-39496
-34897
-29661
-24617
-20209
-15228
-8828
-3309
127
896
1464
1524
-2761
-6968
-10641
-14600
-19681
-24853
-29561
-32381
-32932
-31312
-30576
-26865
-20476
-13401
-6212
1655
6788
14316
19824
24848
28304
28443
25391
22431
19136
14692
10624
6912
2460
-1561
-6581
-12812
-14900
-14629
-12157
-8161
-5045
512
7920
16559
23120
30927
38232
42648
45480
44996
40712
35980
30128
23003
15168
10299
4496
-1425
-5809
-9897
-9465
-6900
-3964
-1549
-49
3500
9171
14771
21356
27339
32171
34467
32984
29887
26463
24616
21603
18428
13864
7255
1576
-4452
-7561
-10848
-11836
-9716
-9476
-5609
1196
11483
19980
27927
34991
38912
44211
47764
51812
52083
50339
45760
39164
33620
26960
22171
15543
10592
8379
7340
6567
5155
3691
4283
6859
12227
19656
24480
30995
37968
43719
49244
51439
51751
48984
47207
40895
34708
31616
26211
21279
16135
14711
12019
11879
13007
15328
18111
21791
26731
32584
40819
48308
53524
56935
59687
58895
59987
58699
56888
51543
42468
33688
26891
24436
19668
14835
10411
7180
5975
7124
12048
17764
25235
30387
37819
46412
53320
60063
63112
62191
60160
59952
56156
48407
41284
32695
25100
18195
10267
3112
-3568
-8732
-10253
-12064
-11648
-7120
-2272
3084
8272
12404
19299
24743
29919
31860
30880
27168
22255
20092
18051
14820
9508
3148
-2253
-4961
-6009
-8205
-8752
-6792
-4745
1575
6811
13027
18851
23227
25960
27000
31055
31599
28340
26023
22479
18792
11008
4504
-1057
-5036
-8620
-14553
-18840
-20916
-19669
-16728
-14785
-10305
-4661
-5
7155
15736
22468
27336
31056
33131
34443
31224
25987
22204
16276
10364
3211
-1888
-6353
-11260
-14865
-16332
-14056
-13660
-8913
-2365
2116
8036
14176
23720
32960
41532
46595
48755
47715
46164
42636
39204
34228
26815
19928
12812
7820
4240
-1229
-2912
-3472
-1869
-89
2140
5600
9935
14619
20020
23523
27888
28848
29820
30884
29296
25560
20875
13764
6680
2164
-4401
-9300
-13789
-17749
-18361
-18248
-15900
-12101
-7156
-464
4252
10455
15783
24355
30035
30508
30248
30996
26736
23072
18867
13192
7936
2519
-4753
-10745
-15041
-19481
-23676
-25084
-23468
-19120
-13993
-8889
-2044
4924
12767
20539
25884
29856
31759
31723
30272
27432
20035
13428
7143
883
-4724
-10009
-13117
-15941
-16301
-16464
-14272
-11428
-9636
-3493
2647
8639
13823
19008
23407
25952
25507
22043
16672
10803
4960
-1621
-8712
-14045
-20589
-28553
-34985
-37149
-38280
-39145
-33688
-29740
-25212
-18381
-11236
-3777
4648
14780
21024
25867
26919
24996
20428
15308
9171
1571
-4861
-13309
-21524
-28956
-36041
-41649
-45608
-47664
-46140
-43353
-39524
-33872
-28193
-23057
-16533
-11180
-6744
-2601
255
-2025
-5025
-8309
-12341
-16972
-24088
-30281
-36573
-43132
-47964
-49821
-50604
-51400
-51949
-51508
-47476
-40861
-32180
-24356
-14717
-6540
-621
4147
6175
5768
7415
3119
-3556
-12064
-18261
-21973
-28173
-32196
-36717
-43765
-48024
-49493
-46453
-40525
-34609
-28080
-20869
-14885
-8189
-1365
3151
7327
4279
-249
-5988
-13364
-18513
-25685
-30808
-34301
-38204
-41208
-43885
-43900
-43173
-40441
-36309
-31557
-27349
-21604
-14729
-7665
-292
6188
8396
8372
6879
2371
-3012
-7621
-14401
-17973
-22169
-29257
-34009
-38193
-41501
-42581
-40873
-38832
-37105
-31237
-24849
-18209
-11681
-8289
-3444
1400
5703
7904
6648
4215
-489
-5697
-12717
-19413
-25104
-29476
-33292
-36513
-39216
-39437
-38480
-36564
-31709
-25068
-18444
-8293
1744
9055
15872
22000
26003
27712
28555
28884
24712
20200
12299
3855
-1601
-5137
-9461
-14957
-19280
-22532
-22192
-20920
-17405
-11613
-5765
427
7720
13828
19588
26528
29532
30364
29304
24792
20404
13691
7952
5695
251
-4800
-9864
-16860
-20876
-21988
-22816
-21924
-20617
-17709
-11865
-5320
620
6423
12035
17412
21311
23068
20903
19128
16484
10708
4939
-792
-9152
-16788
-21257
-25804
-31648
-34740
-37348
-35424
-30313
-27333
-18733
-11213
-3312
4388
9184
12671
17460
20312
20576
19023
13804
6999
296
-8129
-15476
-22652
-27692
-33537
-39796
-41193
-41665
-39636
-35561
-29092
-23621
-18628
-13880
-6840
-613
4483
9576
12571
11076
6691
2323
-1517
-8396
-14752
-21084
-23464
-27553
-32348
-33740
-32989
-31968
-28828
-24008
-19932
-14669
-8861
-2032
3619
11112
16619
19803
21651
22703
20643
17036
14115
8180
2816
-3260
-8965
-14596
-17785
-20808
-21109
-19793
-19369
-15968
-11964
-7472
-1344
4895
10608
16380
22952
28575
28872
27503
25775
21132
16031
11195
4972
-737
-5944
-10733
-15204
-17873
-20220
-23405
-22805
-19309
-14440
-8529
-3309
1743
7432
9027
12107
15279
15083
12135
8372
2847
-2256
-7936
-15949
-23816
-30336
-33897
-36952
-39144
-37461
-34957
-30209
-27056
-21009
-12065
-7137
-800
8016
14060
18111
20907
22668
23384
22872
21855
16764
11479
5003
-1001
-7056
-13717
-21220
-27365
-29916
-29276
-26909
-24328
-17008
-10452
-6033
2260
10439
17155
24076
27651
28795
29487
28467
23412
18899
11844
3356
-3644
-10792
-16320
-18428
-21065
-23044
-24133
-21556
-18196
-12924
-7264
-1713
5940
13864
19320
24628
28027
29027
29812
27920
26052
19884
11612
3368
-6053
-14285
-22324
-27856
-32365
-34976
-35308
-34768
-31097
-27561
-22805
-18588
-12052
-4193
1251
6479
9983
11692
12463
8392
4667
-1433
-6989
-13400
-22541
-28893
-34192
-38472
-41076
-42704
-41080
-37984
-34249
-29033
-23633
-16989
-8028
-1269
2624
6683
10123
10248
7324
2896
-2036
-6869
-13421
-20261
-25253
-30425
-35376
-39676
-39684
-36248
-34329
-31453
-26920
-22689
-15728
-7224
1359
7932
15439
23596
29555
31144
32435
32323
31147
25492
19304
13391
7571
1795
-3293
-10081
-14721
-16309
-17725
-14877
-9072
-1636
5460
11835
18356
24160
30248
34587
38907
40255
39311
37660
35600
31367
26315
20967
13768
8031
2163
-2165
-6232
-6688
-6381
-5077
-3081
2543
8163
12571
19575
24836
31108
37683
39868
39412
40195
37723
33292
26919
18868
10716
3176
-5984
-14540
-22648
-28276
-31685
-33797
-34376
-31200
-26452
-21553
-16793
-11617
-5468
1348
7680
10536
11587
9451
7003
2091
-2613
-8980
-14576
-20937
-29429
-35404
-39997
-42600
-44464
-46409
-44737
-40717
-32628
-26261
-18617
-9529
-893
6443
15000
24448
24903
25356
22316
18372
12224
5159
-65
-4809
-11105
-15112
-16556
-16065
-12925
-8692
-4672
148
5572
9608
15928
22340
30155
38275
44548
47284
48535
48011
43739
41119
36972
30612
24495
17867
10319
6567
3719
1207
2395
4332
9356
13440
18236
25236
31859
38548
44344
47872
53508
55372
54848
50920
46467
42272
35324
28120
22068
15484
7936
3275
-788
-3084
-3685
-4945
-3220
2507
10011
16963
23311
29900
35151
42667
44827
46751
46903
43503
38324
32436
26331
20336
14439
7604
1523
-6560
-10589
-10753
-10128
-8200
-6304
-2396
832
5764
10975
14735
21608
26740
28856
28136
28195
24055
18080
10651
2644
-5265
-12517
-17212
-21272
-24440
-28061
-31545
-31140
-27760
-20804
-13237
-8328
-2241
3188
11279
17819
21540
25788
29155
30111
29499
26224
20839
16644
8207
3036
-3713
-8665
-12937
-13464
-15033
-14661
-10340
-5417
-2008
3619
8924
15207
21979
28452
35084
38192
40752
39927
39416
36272
30595
24803
19964
13584
8792
1843
-4252
-6693
-6140
-6140
-2493
167
5424
10688
16167
21655
26415
32267
36588
37528
39936
38824
36007
31487
23759
16608
10383
3068
-3888
-10197
-16109
-18293
-19076
-17064
-14761
-9748
-3597
2584
10059
17968
25312
31852
35752
38416
41868
41520
38259
31943
25104
19300
13575
7816
-465
-8309
-14837
-19617
-21533
-22592
-19496
-15153
-10245
-3956
1955
7663
14456
20988
25863
29231
31476
31207
29267
25136
21512
14536
8948
699
-6156
-11073
-13264
-16217
-17088
-16777
-13885
-8612
-2813
4524
12619
20200
26099
33428
37887
41924
42956
39920
36743
31335
24328
16115
8148
2063
-4837
-12833
-18324
-21145
-23352
-23772
-21221
-16356
-9916
-1989
5647
14519
23159
30527
37000
42831
41876
39604
35196
30331
23340
16127
7176
-704
-6396
-12228
-17433
-21132
-23917
-24517
-19864
-15568
-11372
-4808
1844
10320
16232
21596
28464
33140
32695
30463
26980
22031
16272
8180
1192
-7065
-13241
-18509
-23681
-27116
-29185
-28892
-27041
-24905
-19640
-13392
-7437
1703
8103
14984
22000
25760
27376
26016
20755
14884
9455
4260
-632
-6948
-14149
-19761
-22516
-25661
-24924
-23192
-20872
-17280
-11241
-3961
2259
10524
18419
23795
29559
34356
36732
36931
33564
28603
24079
18116
12715
6756
1900
-2144
-4217
-4845
-6253
-5460
-1696
2440
8908
15840
22688
30492
37772
41871
44760
45447
45459
41183
36500
29920
24556
17599
9756
1552
-5900
-10820
-16273
-20225
-22553
-24424
-22981
-17981
-10929
-4653
1635
9004
13604
16192
20020
21656
20699
17536
12155
7508
-165
-7196
-14588
-23772
-33621
-41025
-46745
-50333
-52021
-50540
-49545
-45012
-38437
-32828
-26644
-19896
-14088
-7765
-2888
-261
980
-273
-3329
-6788
-11901
-20696
-27305
-34793
-39585
-45052
-49677
-52561
-54321
-53084
-49477
-45520
-40104
-33732
-28048
-21485
-15797
-9469
-4329
-589
-153
-2136
-3265
-6536
-10985
-16361
-21116
-26416
-30577
-32417
-36493
-38669
-37249
-34621
-30048
-24761
-19548
-13284
-4416
2912
10523
18395
22868
26380
29116
27495
24871
21608
13416
7060
147
-7780
-15264
-21764
-28009
-32881
-34353
-33824
-32136
-26400
-20069
-13409
-4932
5879
15339
22508
28663
33171
535552
30767
26820
22044
16096
6900
-836
-8820
-16056
-22653
-28941
-33697
-36209
-38129
-38009
-36213
-32164
-27001
-21689
-14625
-9440
-3369
3536
7328
7423
6903
3323
-2796
-10948
-16957
-24193
-30556
-35105
-38733
-41380
-44580
-45973
-45012
-42061
-35073
-31825
-26332
-20676
-13432
-4177
2404
5939
10264
10651
9791
7804
3095
-2265
-8205
-15556
-22332
-28840
-35492
-39961
-40713
-41329
-40360
-36081
-33152
-27108
-20484
-14280
-5268
2679
9127
15652
20875
22511
23028
20848
15679
9803
3243
-3449
-11016
-16833
-24068
-30936
-35185
-36444
-36337
-34253
-29465
-24801
-19504
-10612
-3508
4027
8960
13420
16763
17599
18667
16468
10768
4828
-3004
-9617
-16405
-20976
-26948
-29821
-32356
-32321
-29676
-27581
-24276
-20133
-14740
-8560
-3453
1408
7687
13764
16488
17899
16808
14119
10096
4260
-2797
-9000
-16176
-24408
-29201
-35412
-41745
-43693
-42497
-40837
-35448
-30204
-22752
-13800
-6457
-824
4867
9139
11060
11347
9276
7387
-141
-7100
-16044
-22185
-28136
-36040
-41965
-46528
-51525
-53173
-51857
-49413
-45196
-37960
-30204
-20317
-11777
-4513
3368
9703
12183
13524
10927
7764
2520
-4676
-11961
-19256
-26617
-35116
-40009
-45085
-49697
-51081
-50668
-47404
-42073
-38088
-29541
-21649
-13493
-6096
747
6519
8672
8487
7724
2308
-3261
-8732
-15285
-21516
-28372
-31184
-34985
-41028
-43268
-43165
-41496
-39032
-32841
-27361
-20349
-13624
-6012
284
6635
11119
13231
15268
16432
13384
7379
-392
-7748
-13916
-21456
-28065
-33144
-37072
-39797
-41597
-42672
-39508
-36260
-31816
-24585
-15100
-8077
-740
6664
11632
14227
16400
15004
10732
6412
1015
-6972
-12800
-20824
-27652
-32620
-38013
-40273
-41853
-41601
-39556
-34765
-27404
-20604
-11976
-5813
-1
4343
7231
10676
11336
9260
6599
2372
-5936
-13257
-21065
-27185
-34281
-41040
-46572
-51384
-53916
-53892
-51725
-47288
-41848
-36284
-30088
-22484
-15528
-10416
-6577
-4245
-4632
-5801
-10372
-15361
-23084
-30840
-36604
-42541
-47221
-53717
-57020
-58832
-57669
-55657
-51141
-46856
-38980
-29636
-21848
-13021
-4232
2871
7359
11784
12031
9588
6471
3080
-3073
-9104
-15176
-22377
-27752
-32180
-36961
-40697
-44892
-45157
-42384
-37625
-31392
-22685
-13997
-6556
416
5812
11096
15440
16987
16767
14772
9067
2475
-5900
-11509
-17053
-22168
-25181
-26957
-28560
-28108
-25744
-21169
-18344
-12880
-5661
1519
6820
13712
19707
24272
27599
28420
27883
23660
17616
12276
4851
-1960
-8172
-15177
-19616
-24428
-25348
-26309
-24028
-21968
-16920
-10780
-4544
3776
11719
18475
25816
34807
37507
39856
39692
36108
32059
26211
19387
11631
5215
-3105
-10041
-15769
-20812
-22865
-22453
-23085
-19437
-15368
-11941
-7017
-1920
3912
10343
14064
17275
19148
18492
16360
12399
7868
1711
-5989
-11573
-17400
-24336
-26905
-28208
-29952
-30592
-29668
-25408
-20273
-13936
-6324
-848
5639
11260
15687
17611
18848
16319
11280
6603
-2021
-10653
-17865
-25401
-32196
-38889
-43948
-46677
-46128
-42597
-38185
-31033
-23360
-15496
-8376
1767
7939
14735
19464
22452
24015
21267
17696
12451
6259
492
-6824
-13396
-19313
-26864
-30709
-35108
-37364
-37064
-33960
-28092
-22205
-15649
-7053
2059
11948
22119
27880
32167
36443
35432
30131
25447
18703
13131
8836
3016
-4373
-9552
-12184
-14700
-14769
-13993
-9629
-5000
187
8348
16152
23356
27344
33384
38196
39100
39556
37764
33215
28067
21712
14460
7571
779
-3725
-6180
-9285
-9817
-10168
-7200
-2473
3796
11595
20159
28312
34575
42643
50859
55591
58147
58256
56136
52848
48851
43547
36615
30603
23052
15083
10147
5007
1892
832
1971
4863
9956
15383
22443
28964
36332
42652
48091
50659
53404
54048
51771
48056
44564
39356
32804
26011
18920
13132
8236
3936
1863
1504
3112
6256
10876
16508
23111
28864
34947
41395
48140
53820
58192
59727
59364
57840
52944
47687
39667
32860
26615
20356
15332
12212
10607
9699
12444
17376
23331
30212
36375
44564
51940
58040
64263
66907
70172
69259
67399
63183
56503
48803
42276
34612
28640
22732
16999
13247
9903
8984
10820
16132
23147
29084
35315
42839
49820
55167
60248
63780
65179
66159
63808
60332
54120
45791
37536
27780
17587
10036
1875
-5628
-8813
-9196
-9165
-6989
-2152
2864
11288
17311
24823
31175
35199
39348
40955
40287
37412
34099
26583
19471
12479
3595
-4300
-11849
-18073
-25012
-27884
-30453
-28796
-23280
-16916
-9277
-1617
7020
15343
24171
31092
36064
38463
37751
36227
32083
25683
17983
10135
2347
-3960
-9945
-15040
-19125
-20504
-21400
-17901
-14141
-8212
-249
5696
12871
20064
27975
33932
37380
39007
38380
37040
35792
28503
20143
14404
6915
235
-5848
-11176
-15109
-16897
-15272
-13924
-11688
-7569
-2141
4624
12296
19531
25595
32307
35332
38227
36124
34676
27768
23127
18319
11008
3888
-2892
-8781
-12812
-16052
-17760
-19544
-19028
-14948
-9949
-3785
3875
9072
14591
19908
23028
25512
26580
26383
22911
18527
12251
6799
52
-6921
-14465
-19377
-24493
-29312
-29541
-30197
-28205
-24505
-18181
-9540
-1405
5936
15004
23684
31035
36992
40791
40827
39239
34792
27420
20992
15628
8792
3636
-1677
-6696
-9825
-11729
-12009
-10080
-5668
176
7328
14900
22388
30160
36912
43252
48040
49116
49712
49036
45376
38887
34431
28000
22695
16035
10312
5348
1288
-3349
-6333
-6908
-5017
-256
6064
11879
18788
27116
33980
39832
45072
46803
49296
47331
42480
37287
31712
24580
18751
13171
7159
179
-4653
-8677
-10336
-9856
-7321
-252
4739
10023
16535
24603
31048
38132
42988
46176
46604
43311
39228
33343
24348
17596
9783
2679
-3409
-7385
-14201
-18397
-20581
-18744
-15940
-12941
-5792
1580
9612
16855
23207
30188
35055
37012
38172
34435
29127
25523
18488
10671
2528
-4428
-11604
-18548
-23497
-28128
-29304
-28696
-24512
-18640
-10680
-4533
5431
14503
24704
32123
38716
43480
44652
43459
39683
33876
26275
18003
9931
3000
-4764
-8944
-14080
-17973
-18013
-16309
-13673
-6524
1547
10115
17775
25836
31920
38844
41963
44767
45268
39900
34903
28107
19331
10535
2907
-6149
-13393
-18268
-22653
-25249
-25792
-24925
-22021
-17032
-10248
-4381
1063
8175
13972
20836
23596
26996
26528
24460
20692
13219
7568
-80
-7600
-15057
-22873
-28109
-30337
-33081
-36060
-34233
-31032
-27620
-20876
-14996
-9488
-2304
4908
9840
15228
18079
160472
18163
13820
8823
3071
-1949
-8357
-15977
-22156
-28077
-30524
-31025
-30808
-29088
-24233
-18225
-10369
-2004
7275
14796
23484
30008
34867
40103
39387
38396
35407
30764
24428
18120
9487
2767
-4301
-12369
-15864
-19061
-20160
-17905
-13521
-9249
-4200
1592
8276
16732
23592
28699
34651
36003
35596
31703
25324
17540
8391
-1568
-10689
-18133
-26160
-33189
-38469
-42229
-43429
-41865
-39480
-34260
-26801
-20045
-12965
-3312
4767
11420
17059
21268
21383
18256
13483
6700
360
-7913
-16705
-25104
-31421
-35393
-40389
-44252
-44925
-43276
-37345
-33496
-26557
-19305
-12997
-5645
1328
7568
13108
17731
18027
17428
14384
8772
1899
-4661
-13265
-20537
-27256
-34205
-37304
-41717
-41621
-37932
-34557
-28665
-21088
-14872
-7837
1111
8860
16424
20119
21123
19164
16295
11571
4048
-2285
-9748
-17249
-25232
-31093
-36113
-39273
-42849
-44124
-42933
-40156
-33557
-28744
-20961
-13209
-5229
2099
8088
14272
17371
17364
14527
12071
4683
-3052
-10880
-19108
-25653
-31824
-38025
-42184
-43069
-43472
-40221
-37385
-30373
-23488
-18281
-11324
-3544
5380
12499
17684
20520
20660
17864
12948
10436
2348
-4797
-10173
-15937
-21869
-26388
-29957
-32308
-33116
-28765
-26524
-21873
-13741
-7716
1168
9795
16467
23799
27575
30832
31312
28319
23983
20004
13672
4147
-3604
-10636
-17669
-22209
-26536
-28033
-27604
-24717
-21041
-15641
-10632
-4056
3723
12571
19664
25879
31172
33355
34452
31231
27259
