9099
14375
15774
29720
39518
25816
-5902
-31192
-43002
-26985
-39246
-47233
-47847
-48110
-49451
-41717
-29366
-21722
-10170
4268
11093
10364
10481
7582
1340
-4033
-1983
-1113
3075
5616
7564
-3809
-14702
-16123
-17574
-22858
-29055
-30541
-39320
-41222
-33632
-27430
-19078
-8135
5457
10649
13763
17639
19182
22685
23401
13143
1651
958
-172
-9936
-21834
-31985
-40582
-41892
-38584
-37653
-33780
-23549
-14675
-13441
10918
-3144
-2840
-774
-10026
-20976
-24583
-26816
-24719
-15939
-12962
-15963
-12996
-410
21047
36262
38957
28394
21895
25568
29873
28100
23151
17164
13855
11276
9001
2163
-6633
-12818
-16500
-20031
-22711
-17827
-11317
-2949
8238
15450
22040
28193
34756
39534
39831
35457
28092
22997
23713
24827
24384
18855
12914
9112
3670
-2183
-7141
-11777
-13358
-15787
-13346
-8574
653
9706
21666
29909
30916
28048
26240
28373
33054
33180
27674
18786
12287
9901
7573
1282
-8165
-17885
-22586
-22394
-18442
-10318
-4367
2254
10331
19508
26185
29650
31301
30457
29628
32501
36771
41410
42907
38202
27165
14927
6952
1884
-4136
-10386
-17073
-21266
-20996
-14454
-5119
919
4694
7999
15035
23978
31506
33819
31833
31846
34652
36950
36857
31525
24759
15816
5004
-1504
-5353
-9034
-10508
-9547
-5316
-2103
-1267
941
8968
18361
24307
24936
23130
22105
23125
25420
26892
27601
26957
23484
19130
11111
-1075
-10934
-16954
-21107
-25273
-28381
-27296
-21628
-14987
-8152
397
6381
9654
12895
14872
14859
16507
20410
22896
21904
16719
10725
6471
1127
-6444
-13806
-19731
-25444
-29396
-30810
-29486
-26657
-22681
-16121
-8810
-1084
6984
13216
18991
24393
27816
28870
27879
24325
18886
11663
4807
-2054
-8034
-12273
-16408
-19978
-22969
-22863
-20706
-17467
-11188
-4965
-621
5879
12659
19035
25251
30008
33139
33593
33818
31388
27531
20997
13554
7339
1301
-4156
-8562
-10640
-12687
-13744
-14041
-11393
-6978
-2435
3519
11053
17819
23550
29499
34304
36843
38492
38438
35758
31908
24870
17285
9800
2793
-4238
-8670
-10406
-12344
-12555
-11506
-8487
-3441
1940
5923
9308
12601
17948
21996
26190
29547
30592
30732
28908
23332
15405
7629
253
-7896
-14208
-19461
-23909
-25699
-26059
-26497
-25077
-21692
-18731
-13313
-5901
97
8604
16061
18804
22773
27364
26637
21786
18530
11502
2749
-3074
-9031
-14785
-18917
-22725
-26907
-25743
-23218
-20159
-14492
-8143
-2268
4885
14098
21601
26024
30563
32370
31494
29940
28905
24085
16252
11884
6385
2146
285
-2860
-7501
-12176
-15038
-13593
-12805
-9203
-3305
3570
13802
25865
33301
36829
42036
41201
39237
33945
29223
23689
17359
12247
3627
769
-4695
-8707
-13437
-14707
-15485
-14837
-13583
-10206
-2603
2422
11665
17458
22455
27046
27126
25261
23942
23323
20431
16008
11252
8716
3227
-1103
-7215
-12563
-18720
-24210
-25007
-25045
-19778
-13695
-7927
-764
8004
14174
19001
24335
28737
27348
27067
23971
22000
16325
10189
3376
-3329
-7995
-14937
-20833
-27823
-28242
-28247
-27715
-24684
-21554
-15130
-8481
680
8052
13484
19361
23104
26147
29738
29508
28144
24083
19394
13239
8058
1912
-5365
-13292
-19880
-23784
-24763
-25831
-23835
-19196
-11911
-3882
2711
9206
15650
20597
24507
26800
29540
29703
28739
25478
22013
15800
7507
723
-5577
-10066
-12975
-14635
-16025
-15486
-11164
-5865
-297
5079
10402
15812
22202
25803
28754
32984
33288
31617
30152
26264
21566
14394
6060
-1319
-7773
-12373
-16711
-20043
-20736
-19106
-17144
-14106
-9272
40454
40418
19683
16070
9545
3419
-4070
-23238
-18254
-22192
-25971
-28566
-28954
-26797
-21982
-16672
-9418
-2996
685
4844
8757
13053
18013
21021
23450
25596
23592
18487
13488
6726
-884
-10620
-20522
-25759
-30816
-34061
-33305
-29314
-22976
-15206
-9191
-3437
2346
7993
13968
19007
22761
23553
24399
26188
26759
25013
19889
12724
4729
-4079
-10523
-15306
-20934
-26223
-27191
-24962
-20996
-16610
-12559
-9448
-5041
1268
7217
12206
17108
22497
25753
25818
21854
15449
6647
-1755
-8103
-15694
-22591
-26079
-26335
-25606
-24764
-23419
-21465
-17284
-13171
-9444
-5081
-716
3919
7949
13270
18200
20864
18989
11956
4362
-1744
-5484
-9460
-15093
-21422
-27069
-30702
-34601
-36221
-36317
-36023
-34599
-29836
-22447
-12296
-4066
1336
5659
9795
12062
12660
11057
6496
1719
-4442
-10038
-15089
-20310
-25769
-30914
-34092
-36021
-35816
-34787
-32793
-29166
-25725
-20259
-14561
-8653
-2120
4660
9769
13636
14879
14011
11758
7458
2392
-2291
-7872
-14902
-22545
-28327
-33345
-35913
-34557
-33099
-33439
-32039
-28612
-20061
-9925
-2770
2384
7563
13129
17790
17383
14065
10562
6749
944
-6602
-16295
-24647
-30584
-35161
-39956
-41513
-41226
-38229
-33155
-27623
-21948
-16637
-11586
-4093
2263
6410
8089
9082
10223
11950
11751
7847
808
-7424
-16000
-21389
-26108
-30501
-33489
-36796
-38616
-38114
-34181
-29744
-23811
-17787
-10370
-4528
242
4543
8372
10945
11780
10326
7456
3584
-709
-8616
-16913
-22918
-28679
-34648
-38311
-41206
-41275
-39678
-36544
-31703
-25912
-18731
-12581
-5301
1328
5731
10040
11425
10632
9543
8139
5746
2343
-1382
-9191
-16050
-21769
-25012
-28025
-30546
-31318
-30972
-27996
-23369
-18073
-10717
-2141
5918
11226
14797
16864
19436
22167
22579
20726
17150
12182
5879
-2072
-9660
-16139
-21244
-24621
-27220
-30093
-29828
-26626
-20985
-14003
-8066
-3789
1339
6555
11257
14828
16265
17554
16093
13600
10594
6059
173
-6500
-14002
-20247
-24812
-29357
-33296
-34231
-34066
-31438
-25959
-19853
-13992
-8020
-3079
1345
5278
8069
10697
11595
10019
6641
1768
-3951
-9562
-15475
-22528
-27389
-33211
-36668
-38811
-39819
-38061
-34161
-29174
-24168
-17379
-10955
-5413
-582
3234
6728
9791
10910
8880
6573
3879
-2117
-8363
-13853
-21968
-28108
-31875
-33967
-35931
-34914
-33564
-31648
-26828
-22153
-15678
-10586
-5114
644
3529
7788
10992
12002
12025
7751
1214
-6327
-13227
-20888
-28273
-35081
-40500
-45839
-47619
-45859
-43645
-40065
-35704
-30302
-24829
-18093
-9896
-4251
867
5554
9082
11285
12428
9678
4467
-1089
-6445
-13612
-21110
-27820
-33824
-38323
-40158
-40371
-39657
-35189
-31062
-26494
-20713
-13113
-6493
-487
4540
7829
9456
9847
8807
5257
695
-3322
-9441
-16856
-23268
-29258
-34520
-38841
-40413
-41956
-40644
-36035
-31354
-24977
-19316
-11817
-6193
-1436
3460
6219
7750
9066
9503
6383
645
-4283
-9806
-14982
-21129
-26777
-31373
-34125
-36512
-38241
-37197
-33806
-28928
-23402
-18053
-10557
-2382
4397
10072
14465
15813
18122
18388
15510
9218
1806
-5561
-11900
-19303
-26587
-32550
-38039
-41954
-43315
-85712
-39831
-35465
-29928
17832
15768
6534
3456
-583
-6582
-13269
-19632
-24945
-29755
-32345
-32591
-33329
-32299
-29755
-24026
-18623
-12024
-4193
2132
7665
13205
17379
19339
20242
20715
18134
14977
9997
4875
53
-6488
-12368
-18663
-22402
-23943
-24053
-22300
-17400
-11419
-4648
2879
10415
17450
24094
27832
31002
32239
32494
31904
30154
26902
22351
17098
10197
2606
-3850
-8478
-12409
-14759
-15721
-14341
-9869
-5396
100
6070
12844
18725
25061
29738
33636
34938
35145
34048
32255
27942
20900
14642
8100
960
-6006
-11178
-15284
-17904
-19146
-17674
-14588
-10918
-5610
487
6231
11562
17996
22436
25208
26772
28064
26802
24398
20352
14617
8610
1444
-5468
-11590
-17134
-19817
-20598
-20863
-20521
-16868
-12529
-7765
-326
6182
13168
18513
22785
27899
30606
32574
32008
30522
25913
20134
13163
6181
-697
-6799
-12050
-17339
-19751
-20098
-17804
-13683
-8662
-2835
4368
11153
17375
22874
27090
30204
32708
33679
32032
30227
25536
20452
14255
7559
594
-6350
-11596
-14121
-16135
-15692
-13316
-9536
-4465
2308
8118
14239
20558
25160
29391
31475
32717
32582
30594
27852
23675
18341
11993
4569
-1305
-7098
-10831
-14924
-18348
-18430
-15998
-11954
-6910
-276
5600
10714
16658
21793
26489
30199
32367
32911
33066
30163
25081
19806
12963
6852
-360
-7114
-13266
-17686
-19735
-19662
-18244
-14542
-10212
-3634
2347
8967
14352
18631
23435
27705
29574
31498
29814
26165
21885
17581
10989
2969
-4558
-10653
-16482
-19649
-20954
-22008
-20565
-18057
-13648
-7227
-1319
4931
9608
14936
20013
24022
26739
26487
26847
23202
19707
15269
8672
2640
-4436
-10773
-16101
-20668
-22275
-22651
-20951
-17397
-12351
-6612
-1434
4910
11034
16873
21147
23473
24699
26257
25929
24447
21236
15937
9002
2394
-3310
-9176
-12989
-16239
-18013
-18418
-15685
-11443
-6664
-296
6534
13815
19609
24190
29178
31784
34540
34698
33991
30310
26234
21806
16495
10320
2201
-4215
-8881
-12425
-14721
-15184
-13539
-9662
-5277
-605
7284
14570
20695
26864
31717
35099
36816
38037
36250
33971
30279
24900
18901
13822
8515
3368
-343
-3335
-6136
-5625
-3565
1049
5541
11730
18923
25860
32006
37894
43717
47232
49158
50824
49877
46211
40550
34109
28432
21587
12710
5065
-1965
-7305
-8784
-8420
-5319
-2582
702
5541
11138
17523
23325
28568
32783
36810
38654
39329
38908
36826
33712
28416
22821
15509
7907
2179
-3483
-6654
-9374
-11092
-12544
-9709
-4433
3273
10097
15928
21766
26657
30171
34098
36583
37623
37129
34465
30222
25596
19937
11891
3232
-3973
-10570
-14251
-15373
-16100
-15200
-11566
-6544
-200
6530
12529
17646
23121
28341
31250
33374
33663
31358
27187
23302
18737
13383
6621
-573
-6837
-12895
-17787
-19563
-20072
-19346
-16815
-12872
-7216
47
8045
14582
19972
23354
25466
26758
27000
24591
20341
15204
9780
1973
-7773
-15656
-22311
-28235
-32063
-34479
-34975
-32236
-28752
-24063
-17027
-9998
-3986
1289
6200
10298
15072
17272
18498
18537
16736
13257
7973
1784
-4417
-11631
-17984
-23453
-26472
-29438
-29850
-27562
-24168
-19579
-14339
3150
16316
12143
15646
16833
16599
14472
11644
6240
100
-6721
-13322
-19834
-26117
-30925
-34825
-36600
-36124
-33994
-30028
-24540
-17726
-10820
-3460
4240
9659
13472
16594
18827
20412
20859
19408
14961
9326
2840
-4039
-10930
-17982
-23518
-27259
-29210
-28012
-25752
-22397
-17191
-10197
-3782
2784
8665
14622
18959
21883
23848
23950
22478
18781
14518
8188
1103
-5200
-11832
-17074
-20297
-22990
-23721
-22885
-19875
-15434
-9951
-3780
3342
10521
16834
23087
26847
28960
30398
30811
29644
25489
21717
16136
10249
4915
-1882
-8330
-13861
-17480
-18945
-18401
-15841
-10701
-5665
869
8861
16204
23071
29441
34137
35452
37337
37106
34930
31115
25910
20685
15964
8672
1008
-3391
-5068
-6977
-8547
-8240
-6769
-2687
2893
8305
14885
20558
26412
31729
35685
37344
39369
39064
36708
33942
29371
24802
18709
11693
5747
-243
-5013
-8444
-8752
-8382
-6086
-3255
1913
8587
15810
24282
30634
35896
39264
42668
44964
46421
45774
41687
36696
30952
25621
18693
11439
3511
-2582
-6996
-9084
-9402
-8516
-4785
458
5923
11924
18287
23975
29577
33728
36723
38107
38143
36105
32592
26949
21562
15119
8398
950
-5798
-10854
-14317
-17266
-19478
-18835
-14789
-9982
-3270
4305
10560
17045
23731
29614
32848
34060
33772
31899
27872
22711
16511
9348
2064
-4077
-10526
-15431
-18783
-21154
-22515
-20887
-18183
-13370
-6980
-123
7615
14239
19729
24426
27647
29796
29731
28880
25039
19412
13099
6424
198
-7182
-14007
-19175
-22427
-22402
-22323
-20862
-17779
-13076
-6055
1153
9258
16768
22244
26715
31453
33835
34504
33951
29265
24304
19439
13275
5987
-1292
-7621
-13205
-16029
-18297
-18910
-18358
-14940
-10567
-3947
2395
8048
14647
20536
24528
27776
29581
29743
29199
26370
22185
17108
11407
5023
-1245
-7871
-13162
-16398
-18660
-17588
-15993
-12229
-6487
-694
5625
11741
17287
21725
25758
29263
30081
29971
28258
25083
20439
13806
7258
1503
-4941
-11263
-16894
-19291
-21546
-22198
-20774
-18711
-13806
-7480
-1036
6051
12522
17935
22721
26178
27277
28564
26164
22043
16748
11091
6120
54
-6935
-13322
-18903
-22376
-23966
-23204
-21674
-18823
-14489
-8857
-1473
7048
13315
19118
25098
30021
32668
32763
31398
29116
24164
18687
12990
6087
-903
-7335
-12348
-15390
-15715
-15521
-14745
-11978
-6422
-409
5651
13848
20556
26722
31769
34238
36913
37083
35955
30977
25915
19589
12946
6440
-1277
-8026
-13316
-17330
-19651
-18903
-17500
-15308
-10468
-3860
2767
7689
14177
20565
24707
27168
28155
29291
27309
24639
19381
13436
6923
-124
-6840
-11837
-17089
-21218
-24105
-24485
-22808
-20182
-16112
-10710
-4953
952
6619
11302
15430
17486
17365
16906
13924
10787
4497
-2584
-9781
-17011
-24541
-31618
-38103
-41506
-43854
-44241
-43355
-40499
-35710
-29891
-23515
-17891
-10731
-4428
-899
1858
4195
6099
5647
1807
-3864
-10448
-16499
-23381
-30669
-36409
-41309
-44424
-46029
-46480
-43403
-39382
-34266
-27982
-21901
-15206
-7684
-1163
2057
5713
7402
8207
6895
2847
-1562
-8007
-14753
-21935
-28502
-33909
-39413
-42029
-43570
-42672
-39667
-34668
-29419
-22415
-8455
-3666
5058
6781
9896
10670
10008
7251
3590
-1991
-8794
-15354
-23106
-30924
-38502
-44364
-48020
-49119
-49626
-46725
-42836
-37254
-29769
-22349
-15100
-7309
-1422
2916
6784
9027
9824
9211
7032
2978
-1757
-8067
-15536
-22171
-29522
-34844
-37454
-40035
-41410
-39580
-35700
-29297
-22542
-15663
-8482
-2000
3510
8372
11220
13764
13938
12022
9138
5796
-598
-7417
-15133
-21408
-27223
-31629
-35082
-36441
-35925
-32784
-28184
-43484
-14139
-7582
930
7409
13364
17130
20196
22214
21905
19266
15025
9450
3043
-3438
-9842
-16913
-24342
-29079
-31697
-31751
-31176
-30138
-25652
-20196
-14040
-6331
-519
5186
11279
16205
18757
20597
20867
19741
16956
12266
6282
164
-5818
-11398
-17016
-20579
-23108
-24911
-23377
-22165
-18069
-12716
-8539
-1483
5279
11612
16171
20680
23443
23983
25246
23453
19996
14179
7913
1394
-6095
-13177
-18320
-23486
-27477
-29145
-28864
-26664
-22372
-17312
-12046
-5906
1131
6890
12424
16829
19288
20444
21335
20403
19061
14107
8489
2104
-5389
-12873
-19077
-25091
-28906
-31335
-31828
-30202
-27273
-21669
-15271
-10539
-3832
2894
8539
12992
16268
17764
18504
17696
14737
10693
5447
-1122
-9617
-17351
-23451
-28085
-31263
-33595
-33106
-30419
-26520
-20694
-14020
-7379
-1089
5375
10415
13581
15662
18795
19663
19208
14751
8712
2395
-3349
-9610
-16671
-23619
-29269
-32139
-34044
-34401
-32450
-28635
-22808
-16932
-10458
-4243
2767
7627
12637
15841
18851
19771
18240
16097
11082
4967
-2003
-8843
-15635
-21219
-25794
-28639
-29215
-29753
-28204
-23358
-17512
-10950
-4162
1758
8605
14181
19587
23584
25967
25875
25298
22184
17026
11773
5479
-1960
-10437
-17086
-23799
-27938
-29111
-29589
-27344
-24667
-19829
-12920
-5709
1418
8168
14397
19208
24533
28406
29274
27627
24197
18716
13011
6988
-104
-6934
-12751
-17667
-21196
-22010
-21736
-19311
-14544
-9479
-2114
4958
11961
18166
23741
27893
30924
31975
31861
30021
25241
19887
13846
6320
-905
-9018
-15768
-20527
-23289
-25288
-25187
-22506
-19708
-13153
-6725
405
7348
14449
20494
25229
28225
28945
29456
27393
23077
17680
13174
5630
-1307
-9281
-15749
-20608
-23720
-25657
-26173
-23079
-18569
-12507
-6589
404
7657
14541
20281
24239
26364
28392
29870
28184
23527
18638
11980
4776
-2235
-8650
-14789
-19625
-23093
-24024
-23532
-20700
-16888
-11053
-4483
2159
8513
14722
19891
24178
27121
28565
29265
27190
24832
20207
13585
7615
-557
-6120
-12965
-18721
-22309
-24305
-24712
-22070
-18709
-13424
-7730
-633
5896
12001
17644
22419
25857
27767
28544
26741
22931
17682
10953
4852
-2437
-9581
-15557
-20312
-23672
-25642
-26246
-24200
-19748
-14688
-8161
-377
7358
14687
21332
26749
29748
30912
30543
28132
23837
18407
11042
4005
-3109
-8841
-14981
-19417
-23348
-24286
-23873
-21243
-17209
-12580
-6998
-511
5428
12077
17003
20422
23411
25465
25317
24312
21212
15808
10063
4383
-3355
-10898
-16517
-21790
-23741
-24083
-24031
-21546
-16889
-10600
-3728
3045
9123
15033
20405
24164
26306
27980
29114
27548
23359
17941
12776
6842
-367
-6518
-12041
-16847
-19034
-20104
-20067
-17783
-13425
-7702
-2167
12472
19032
24908
29107
33217
34205
34410
33465
29946
25389
19487
11948
5082
-2647
-9239
-14510
-16743
-17732
-17110
-14697
-10378
-4677
1682
8711
14741
20882
26564
31927
34568
37154
38126
36687
33168
27914
22333
15501
8612
1734
-5022
-10901
-14705
-15799
-17170
-14952
-10568
-4945
511
6833
13223
19985
25105
29255
31758
32378
31705
29596
26465
20750
12290
4717
-1970
-7278
-13122
-16586
-18552
-19551
-18549
-15201
-10592
-4540
979
7430
13617
19736
24354
28187
31054
31768
32071
29514
26347
22292
15773
10282
3877
-2277
-7851
-12107
-15781
-17494
-17315
-14090
-10495
-4762
2030
8365
15136
20967
28003
33471
37810
39884
40081
39382
35663
30877
26168
20965
12846
6576
-312
-4086
-6110
-8131
-8225
-5447
-1085
4181
10235
17329
24452
31087
36384
40443
42343
43141
41390
38057
33151
27054
20091
12313
3603
-5037
-11456
-15844
-19147
-20836
-20998
-19258
-14537
-8720
-2706
4242
11337
18013
23624
27966
30713
32753
31843
28595
24373
18293
10967
3187
-4585
-12754
-18859
-24779
-28972
-31331
-32111
-29892
-25668
-20113
-13580
-6308
878
8614
14439
18078
20443
22027
22076
19218
14669
9161
3766
-1932
-8796
-14923
-19902
-24216
-26682
-27333
-25902
-23370
-18077
-13113
-7284
-784
6529
13413
18821
22989
25909
27920
27646
25382
20581
15596
9731
3068
-4794
-11133
-17220
-22013
-23146
-23985
-24174
-21604
-16833
-10714
-4085
2691
9390
16202
21658
26684
29897
31504
30962
29270
25918
21068
14238
5781
-1533
-8539
-15409
-20707
-23453
-25009
-25447
-23288
-19090
-13963
-8123
-1555
4301
10559
15874
20343
24332
26395
26094
24123
19908
13918
7565
98
-7498
-14325
-21029
-26428
-29482
-29627
-28735
-25489
-20497
-15183
-9714
-3171
2218
8859
14516
18732
22334
24043
23666
21588
17681
12025
6504
-764
-8781
-15114
-19982
-24857
-27489
-27845
-26742
-23496
-18589
-11988
-4438
4260
12428
20184
26667
31429
35201
36776
37006
34674
30468
25731
19329
12540
6670
1039
-4407
-9017
-11002
-11100
-9686
-6624
-2219
4098
10395
15882
22751
30367
35660
39533
42176
43437
43262
40543
35849
29690
23047
14927
7039
-588
-6962
-11298
-14628
-15970
-14667
-12064
-7559
-764
6728
13532
20782
27704
32738
36942
40015
40695
40398
37584
32596
26471
19428
12829
5789
-1143
-7395
-12278
-16511
-18061
-16565
-13817
-10911
-5870
-668
4984
11980
18576
23329
26364
28354
29797
29540
26822
22876
17590
10909
3575
-3825
-10724
-17481
-22179
-26292
-27533
-27425
-25174
-20580
-15577
-9709
-3307
4084
9669
14699
19193
20925
20954
20637
16543
11536
5669
-1291
-9819
-17905
-25585
-31284
-37292
-40027
-40783
-39486
-36331
-32086
-25766
-19082
-10748
-3880
3308
7612
11513
14487
15708
15652
14125
9711
4859
-1698
-8636
-16187
-23187
-28991
-33042
-36346
-38432
-36798
-34498
-30985
-25513
-18960
-11761
-5000
2850
8371
12526
16268
17342
17241
14521
9575
2953
-3456
-9966
-17444
-24071
-29626
-35301
-38308
-38228
-36877
-34005
-30320
-24612
-17428
-10654
-3792
2789
7896
10888
12869
14092
12800
10208
6687
1202
-5855
-12424
-19438
-25927
-32014
-36359
-39830
-40713
-39491
-36175
-30628
-24953
-18316
-9972
-4798
3673
9129
12194
13751
15182
14715
12584
8654
2303
-4551
-11771
-19766
-27349
-34015
-38729
-41971
-43380
-42297
-38637
-33793
-27552
-20833
-13702
-6385
736
7850
12041
15342
16921
17824
16907
13459
9093
3020
-3590
-10518
-17710
-23688
-28892
-32155
-33764
-32559
-29932
-25940
-20757
-14384
-6135
1433
7085
12067
14941
17409
19039
18253
15241
10763
4359
-1265
-8446
-16215
-22854
-28942
-32658
-34987
-35805
-34325
-30502
-26281
-20415
-14175
-7331
140
6848
12631
16543
20062
21514
21780
19450
13918
7943
1016
-7692
-14175
-21170
-27844
-31892
-34353
-34677
-33942
-30748
-25942
-20330
-12810
-6209
708
6209
11365
15046
18509
20355
19538
17427
13593
8255
1185
-5647
-12432
-19235
-25368
-30173
-32921
-33655
-33013
-30219
-26488
-20647
-13518
-6031
1048
7006
12849
17514
20089
21117
20999
18391
12686
7275
685
-6147
-13278
-19332
-25261
-30162
-33315
-34056
-33578
-30879
-26851
-20628
-14280
-8100
-1381
5913
10619
14199
16414
16858
15457
11260
6172
-35
-6318
-13239
-21698
-29072
-35290
-40573
-43428
-44988
-44931
-42187
-37684
-32188
-25261
-19074
-12035
-4912
223
4377
6527
7451
6939
3838
-695
-6075
-12286
-19396
-26357
-32969
-39963
-44447
-46411
-46902
-45878
-42731
-37766
-31425
-23694
-15615
-8289
-1819
5065
9944
12876
14493
14230
11611
7192
2438
-3890
-12522
-19966
-26813
-33461
-37846
-40773
-41545
-40094
-37285
-32123
-24976
-17258
-9891
-2297
3467
9208
13613
16339
18261
18581
16078
12368
7916
2274
-4981
-12939
-19369
-25814
-30568
-33128
-33442
-31273
-27360
-21246
-13718
-6292
1391
9077
14903
20175
24722
27345
28287
27787
25805
21317
14651
7561
462
-7748
-15701
-21918
-26062
-28235
-29956
-29850
-27115
-23211
-18294
-11968
-5815
596
6302
11106
15812
18918
20063
19500
18060
14862
9895
3376
-1675
-7691
-15171
-20733
-25278
-27742
-28623
-28056
-25701
-21950
-15860
-9829
-3842
2100
8000
12618
15888
17993
19664
19452
16866
13922
9905
3226
-3414
-10827
-18359
-24586
-29935
-33233
-34227
-33770
-31529
-26715
-21435
-15567
-8122
-706
5476
10652
14165
17574
18419
18873
15477
10684
4597
-2048
-10217
-17911
-25349
-31555
-36329
-39107
-39605
-39403
-35674
-30877
-24673
-17671
-9867
-3627
1706
7507
10960
13598
15084
14761
12499
8892
4180
-1433
-8408
-15876
-21995
-28285
-32312
-34767
-36537
-35090
-31969
-26499
-20789
-14650
-7495
-1074
5165
10741
13113
14663
16053
14484
11998
7316
1298
-4638
-11953
-19117
-26482
-31646
-35245
-36646
-35964
-34146
-29244
-24205
-18476
-11416
-4950
1287
7064
11174
14460
16344
18448
18176
16758
12082
6978
1481
-5709
-13134
-20054
-25924
-31099
-33958
-35666
-34934
-31554
-27577
-22283
-14926
-7551
-1153
5212
11032
14953
17190
19002
18856
16231
12253
7355
1899
-5060
-11936
-17577
-22696
-26413
-29694
-29554
-27992
-24383
-19312
-12808
-6351
366
5809
11752
15974
19633
22186
22607
22303
19943
15512
9917
3268
-3130
-10746
-16900
-22067
-25924
-27633
-29336
-28821
-25601
-21124
-15435
-8133
-1239
5862
12726
18759
22874
25096
26369
26532
24716
20079
15715
10401
3900
-2620
-9128
-15540
-20524
-24007
-24845
-24292
-21676
-16034
-10419
-3797
3355
10840
17226
22360
27102
30265
31823
31402
29258
25385
20477
14406
7661
243
-7383
-13422
-17294
-20085
-21958
-21304
-17742
-13137
-7286
-333
6543
13941
20273
25670
30760
33311
33941
32965
30593
27116
21294
15525
8564
648
-6154
-12535
-17177
-20309
-20614
-19498
-16046
-10212
-3154
4589
12155
19453
25367
30657
35369
37772
38890
38654
35563
30920
25072
19219
12217
4523
-2232
-7669
-10861
-13427
-12687
-9973
-6431
-706
5776
12861
20390
28499
35472
40264
44929
47663
49308
49107
46283
40962
35071
28953
22252
15792
8184
2743
-1553
-4531
-4823
-3619
-365
4129
10322
17511
24482
31475
37125
41310
44735
46619
46423
45234
41912
36655
30952
25046
17461
10599
3083
-2369
-6432
-9519
-10502
-8686
-5636
-65
5992
11967
19650
26414
33445
40022
45065
46961
48152
47594
43969
39297
33597
25418
18063
10048
3605
-2000
-6644
-9606
-10199
-9895
-6818
-2564
3331
9451
15921
22154
26912
31312
35069
37624
38762
38033
35525
31448
26276
20819
14089
6562
-1280
-6811
-11131
-13979
-14651
-13509
-10239
-4961
2229
9260
16748
23995
30310
36049
40202
43193
43642
42515
39017
34280
27721
18964
11744
3617
-4509
-10149
-15397
-19051
-20979
-20028
-16677
-11966
-5987
-129
7375
12908
18332
22835
25767
27097
27552
25933
22777
17204
11235
5167
-1780
-9363
-15599
-21370
-25699
-27435
-27969
-27931
-25222
-19707
-13870
-7099
803
8387
13959
20692
24331
27121
27278
26729
23545
19097
13388
7328
1289
-5267
-12381
-18423
-21748
-23698
-24721
-23642
-20249
-15222
-9445
-1968
6264
14269
20890
26661
31371
35100
36879
36469
33920
29871
24918
19463
14010
7558
1255
-4305
-8474
-10988
-11840
-10878
-7227
-2420
4096
11365
17995
25619
33968
39475
44026
46467
48068
47470
45517
40964
34449
28472
19823
13195
6293
-390
-5427
-8851
-10865
-10150
-7525
-3929
2119
8433
14764
21781
27794
32129
35627
38000
38821
37658
34247
29740
23417
16946
10050
2788
-3883
-9470
-13379
-15444
-15611
-13883
-10922
-5089
1262
8722
16163
23155
30475
35764
39131
41327
41216
39424
36495
30903
24476
18115
10028
1154
-6353
-12735
-17007
-20130
-21070
-20920
-18336
-14419
-8396
-1477
5317
12230
19399
24419
29392
32970
34229
33897
31369
27829
23097
16139
9796
1988
-5757
-12181
-17843
-19719
-21112
-20317
-17378
-13008
-8599
-2787
2525
8987
15094
19175
22492
24712
25113
24413
21596
16466
10491
3757
-3662
-10356
-16355
-22053
-25102
-27409
-27857
-26207
-23512
-18170
-12381
-6631
354
7503
13688
18767
20864
23032
24340
22990
19876
15349
9667
2686
-5161
-12164
-19228
-25742
-30052
-32362
-33424
-31931
-28413
-23583
-18037
-11218
-4189
2845
9689
14922
18318
20317
21828
21536
18530
14209
8700
2198
-3717
-10763
-16737
-21558
-25057
-27206
-27303
-26732
-23503
-18379
-12376
-5479
2279
8791
15256
20952
25120
27383
28350
27253
24681
20310
14981
8403
1748
-4833
-11785
-15740
-18955
-21157
-21381
-18909
-15338
-9532
-4241
3030
10699
17003
23304
28639
32650
34414
35585
35108
31585
26560
20899
14007
7092
517
-7238
-12981
-16797
-18839
-20065
-18263
-15705
-9871
-3081
2814
10858
36592
24442
30484
34472
36555
37020
34525
31156
25543
18813
12152
4433
-3099
-9353
-15025
-19236
-22317
-22936
-21959
-18557
-13956
-9113
-4190
2135
8133
13574
18208
21029
23019
23234
22673
20263
15648
10270
3876
-2564
-8907
-14493
-18884
-22243
-23774
-23979
-22018
-17761
-13173
-7496
-749
5791
12397
18884
24622
28986
30147
30920
29726
27027
22073
16652
9892
3065
-4647
-11504
-17032
-20322
-22845
-24862
-23633
-20294
-15371
-9135
-2278
3922
10838
16881
21477
25067
27741
27890
26054
23124
18348
12799
5774
-1131
-9299
-16338
-22724
-27496
-28925
-28353
-28012
-24215
-18719
-13024
-6979
-230
6534
12483
17051
20644
22407
22999
21882
19287
13627
8242
1137
-4583
-11572
-17696
-23427
-27161
-29022
-29838
-28571
-25222
-20605
-14952
-8409
-1830
4717
11307
15754
19051
20720
22557
21212
18459
13885
8250
1471
-5958
-14162
-21423
-28245
-32479
-35446
-36544
-34996
-31937
-27050
-20713
-13787
-6558
626
7135
11866
16237
18692
20024
18440
15483
10334
5342
-1577
-8238
-15130
-21812
-27627
-32007
-34287
-34573
-31891
-27514
-22035
-15099
-7841
-1054
5696
11260
15660
18024
20360
20184
19179
15927
11472
6158
-514
-7041
-14028
-20692
-25740
-28889
-30243
-30325
-29171
-25272
-19498
-13698
-7467
-147
7410
13276
17193
21666
48190
25295
24005
20429
15884
9208
2026
-5572
-13851
-20919
-26630
-31385
-35021
-35095
-33801
-30469
-24645
-19320
-11848
-4289
2947
9678
14525
