-11253
-12589
-16674
-33348
3621886
-4850049
-48513
-46837
-47577
-61605
-69157
-59120
-45169
-27528
-12397
-15289
-19464
-12133
-14424
-20432
-27217
-34945
-44797
-56176
-57629
-50632
-43964
-40196
-29980
-29896
-31233
-30296
-19056
-13253
-10488
-16097
-22977
-26872
-25492
-33321
-33797
-21993
-22484
-29709
-27320
4939
25271
7624
-19048
-20637
-18141
-37249
-39404
-25169
-15225
-12732
-17200
-20761
-26100
-12685
-9109
-20097
-16389
296
7772
4463
2895616
20367
17067
2712
-5313
-2140
10428
19303
25796
38283
43112
40979
40119
43955
42748
41795
30631
11176
9139
21859
29672
33291
26815
12876
4684
3796
7275
12975
16443
14224
15872
23076
23407
19192
21791
20431
14595
14852
15932
13832
7863
11420
10295
7
-6813
-3845
1368
7148
13780
16860
19503
29264
41679
52428
50804
35723
25936
23547
18920
17819
24700
30396
29580
33027
37832
29983
17604
5788
-1257
1524
-1172
-1364
7935
18780
28044
32931
28128
22544
14172
14340
26651
35627
42316
46779
49415
51740
53155
53555
51743
40372
19768
4468
-2012
10372
28467
36856
39232
38643
40880
37811
30728
23895
21760
26820
32556
36124
44607
50603
48811
42615
41051
35596
30260
24376
20184
23656
28831
31735
34015
35328
34004
30687
26771
23435
22592
18651
17560
22431
30156
36315
37184
36120
34792
31863
24523
15964
6628
1559
347
1311
-1017
-5401
-6017
-3952
3836
9515
10572
7616
2960
-168
-725
624
-636
483
5140
11515
16436
18552
14868
583
-11416
-18045
-20637
-21876
-25272
-23033
-17101
-12601
-11020
-9217
-3981
-5173
-7408
-10824
-10708
-4652
4187
10983
14619
12807
10968
10251
8476
3608
1356
536
-3613
-9944
-10065
-4809
2311
9560
10775
12375
14355
17347
19135
20719
22239
20607
20416
20172
22548
27480
31584
31939
28764
29856
30007
26655
22511
17644
14072
14680
17487
21256
22164
19344
20587
20643
22759
24408
25303
30979
34523
37187
40880
42167
42832
42291
39255
34628
32511
30291
25955
22308
16175
12204
13203
13527
11508
11187
12151
9695
10595
10379
12651
14287
13464
13848
15215
13787
12975
13364
12087
6219
-216
-3829
-6261
-7081
-9549
-10553
-12673
-14884
-15228
-16889
-17148
-14205
-10372
-7532
-3572
-537
3595
5948
5676
4520
764
-832
-4440
-7108
-7993
-10121
-11857
-13380
-14629
-13105
-11428
-9029
-9328
-6756
-8904
-5100
-152
2987
3924
7336
9523
5568
7776
8972
8312
8519
11360
13947
13499
11904
10455
8504
11435
11275
9883
12048
19232
21563
23944
31939
36016
38679
38795
35024
30820
28092
24116
19431
20444
21416
19572
20007
21119
21251
17631
12415
9735
9480
4779
12139
10271
9443
16044
20959
19624
18767
18903
17651
21387
19084
20656
17028
19156
20820
25912
28196
24692
22300
14120
14788
10732
7599
-13
-29
152
2031
9828
7175
11364
7811
9236
7643
8960
11468
14020
18588
17767
18976
14352
11259
9195
6068
1755
-1089
-5584
-9749
-9232
-7413
-6404
-3777
-700
-336
-3592
-1600
-1517
-1397
-316
-2697
-4085
-9413
-7524
-6385
-5904
-7764
-8508
-13756
-14640
-12600
-13800
-13225
-12944
-9532
-7737
-157
6804
12483
16944
18228
18496
21920
23519
22388
17780
17427
20363
17875
13628
7796
6144
2600
-93
-2225
-3945
-3840
-849
1980
6179
10776
11927
15724
15879
13999
13792
17911
20831
20676
21824
23023
24023
24636
24520
24395
23776
20355
13847
8860
8048
9324
9564
11455
12203
11204
8971
8207
9724
12471
12604
14279
15235
18031
17087
15352
-222465
-23031
-10973
-9545
-9741
-12329
-15388
-14173
-11041
-7069
-3408
-1949
-412
224
4056
6767
8352
7379
2936
-2204
-8325
-11924
-13896
-14168
-15529
-15641
-14205
-14205
-13953
-14324
-14701
-13284
-11505
-9369
-6168
-4205
-3692
-2085
-2701
-4857
-4532
-4061
-4168
-4724
-5292
-5225
-1389
-3557
-6625
-9180
-8941
-6248
-3316
-2581
-4700
-6172
-3813
-877
4787
6568
7099
7415
7295
7079
5163
6232
7620
3963
2048
663
-1401
-3933
-4492
-3957
-2321
-1368
-5337
-13424
-19544
-19477
-17988
-13496
-9140
-3712
2183
7212
6572
2611
-4912
-8877
-9124
-11400
-13373
-15165
-11572
-3569
3972
4239
-776
-12841
-19320
-18373
-17545
-17709
-17016
-16008
-13169
-8737
-6801
-6381
-8424
-12921
-17268
-18781
-16576
-17257
-22248
-26224
-28592
-31309
-37473
-41856
-43153
-44248
-42489
-37673
-31824
-30421
-29916
-26969
-23848
-20509
-18840
-18449
-18868
-22577
-23201
-22613
-21069
-20508
-25117
-31512
-32204
-29112
-26116
-26137
-24868
-22129
-21289
-18340
-15349
-15020
-13249
-15700
-18268
-20253
-14729
-10793
-10908
-14416
-20112
-19825
-16009
-15096
-19892
-27461
-35341
-37872
-41789
-46036
-49572
-50585
-48200
-48376
-46912
-43201
-37945
-26988
-18164
-17085
-18216
-21157
-23353
-23161
-24321
-25609
-27765
-28276
-28205
-27929
-28349
-33664
-41032
-45013
-42464
-38293
-34864
-31180
-30100
-25884
-21657
-18856
-14925
-15620
-16516
-18473
-18208
-19041
-19848
-20912
-23896
-24476
-23148
-24416
-28244
-34285
-39448
-41536
-43313
-43445
-43041
-43948
-44357
-43873
-39265
-34681
-29760
-26548
-23404
-19132
-17761
-16112
-17512
-18485
-20321
-20965
-21928
-21609
-24136
-26513
-28053
-27076
-25888
-24653
-21733
-19268
-19184
-17420
-17661
-14573
-9192
-6969
-7001
-3601
-2209
919
5132
6339
5352
7872
6608
3971
-1300
-6149
-6553
-7477
-10529
-12805
-12393
-11784
-9144
-9052
-9152
-7493
-3872
-1896
-301
815
-252
620
2224
3428
2159
776
-1676
-2749
-2437
-3925
-7985
-14305
-17285
-16876
-15716
-11524
-11472
-13460
-13332
-10392
-8324
-8112
-9784
-10997
-12236
-10880
-8280
-7240
-9093
-12805
-15392
-18761
-23344
-27988
-31424
-34925
-37885
-38800
-39376
-39788
-39793
-39720
-37900
-36617
-34224
-33376
-30717
-32640
-34424
-34936
-36133
-36005
-36144
-36772
-39421
-43800
-45992
-45773
-45101
-44237
-43992
-43128
-41273
-35280
-33008
-31865
-29300
-28516
-27940
-21097
-16776
-18012
-15441
-15296
-14824
-15133
-16708
-18920
-22100
-26852
-28665
-30949
-33913
-32640
-33484
-35229
-35848
-36012
-36297
-33068
-29192
-25912
-24008
-20976
-17556
-15665
-12789
-11336
-12816
-14649
-16953
-21080
-23528
-23932
-24116
-27348
-27008
-29200
-30389
-30040
-31228
-32225
-30692
-28152
-26357
-24221
-20728
-17148
-14269
-10845
-12136
-10473
-11201
-10637
-12204
-14469
-14217
-17421
-18240
-18081
-19553
-22032
-23525
-23713
-22649
-24113
-23844
-24120
-25473
-24657
-24713
-25720
-25088
-25933
-27920
-29680
-31401
-32749
-35453
-39104
-40849
-43388
-42240
-42201
-42292
-42193
-41732
-41252
-39501
-36669
-35920
-33705
-31600
-26853
-21592
-17873
-13520
-10441
-8817
-6021
-3816
-4288
-9416
-13304
-18324
-23268
-23836
-28736
-33300
-35364
-34633
-33853
-36029
-36804
-33205
-27117
-24601
-23217
-22228
-21696
-18552
-15809
-16164
-17664
-18493
-25933
-30077
-30720
-29865
-29204
-28108
-25637
-22937
-20880
-16712
-13437
-10484
-7357
-7120
-8037
-10616
-9316
-6500
-6420
-6352
-6240
-5760
-4756
-5824
-4209
-4868
-6544
-3244
-633
612
3883
8499
13407
19604
21067
24384
30927
35247
36855
38039
37628
36096
33964
33587
30652
27927
25236
22356
19875
16416
15115
16084
17564
17204
14956
12984
14499
16119
17211
18791
18636
18780
18699
21320
21515
21995
20095
18555
14351
11696
12035
9459
7580
7147
9815
11531
11368
11031
12616
11956
13603
12527
13028
14303
16300
17704
19472
23027
23363
24219
22435
22580
21780
23188
21391
19727
18188
16611
19808
17960
18260
16335
16136
18200
19552
20959
19491
21492
24939
28271
30568
30411
29276
29960
29835
27828
24032
20828
19104
16767
14256
11879
11863
12107
13715
13251
12976
14636
18620
21580
21612
21640
22776
23048
23776
24607
25947
24779
23211
20844
20584
19271
17756
17695
15171
14859
14807
14275
14828
16284
18292
19839
19156
20871
21556
18587
14964
13203
11868
9487
8320
9012
10735
9911
9456
10051
10584
10183
8244
8592
9555
11480
15255
16563
16491
16996
17420
18264
20504
20483
20007
18336
16487
14799
14672
14135
13708
12172
9619
9016
7179
5428
5288
3436
3408
3199
944
1075
3228
8619
12659
15667
19684
19124
21279
24447
27140
28952
28480
25679
24511
24596
22927
21584
19171
17644
14472
11372
6364
5840
7007
9563
9524
8520
9179
9999
11852
13012
14019
11903
13744
13771
14336
15604
15395
12943
9955
7972
4484
1871
-1177
-2832
-5245
-7060
-6789
-6256
-7057
-8552
-11005
-12788
-12424
-11860
-9264
-8401
-9713
-9972
-11380
-10620
-7069
-5604
-5424
-6184
-7436
-7792
-7589
-4437
-1416
563
1792
1660
5028
8292
12052
12895
13759
15856
19711
22267
22736
22800
22315
22235
21996
23031
21831
17335
13839
11091
9815
10184
7884
7991
10155
11515
12920
13584
14392
14151
13484
14972
14936
15420
18416
18352
19359
20148
18136
20656
24396
24567
23084
22684
20532
22348
27067
28736
29940
33656
36756
40272
46092
51527
54447
56920
56780
55267
52963
52460
53087
51267
48731
50203
48580
46760
45511
43031
39336
35888
33624
27983
25811
24800
25375
25831
27176
26476
25772
27172
29287
34260
36252
32955
27683
27976
28412
25964
21739
16552
12688
12719
15311
15044
12156
12892
14016
15588
15340
16228
17748
22387
26463
25512
26899
28016
30791
30640
29623
29376
30347
28504
26684
25884
24700
23468
18988
13272
12951
16212
19195
19348
18656
16759
16691
20356
21771
22159
19696
17927
19099
19859
22872
22847
21159
19096
14335
9876
7832
9667
5787
2519
1863
3915
5627
7256
10707
11756
14208
14456
14940
14083
13928
14235
13988
11280
9263
8159
7675
5224
1988
-3040
-6880
-8665
-11041
-13273
-14348
-12612
-10761
-9732
-10304
-8241
-5496
-5540
-4349
-2708
-1561
-1993
-2112
-1492
-1757
-1440
-5201
-10060
-12864
-13456
-13836
-18104
-21501
-23569
-23569
-20069
-19173
-19456
-19261
-17881
-17833
-18753
-17185
-14204
-11529
-13197
-13348
-13625
-15081
-26952
-31644
-32393
-33205
-33621
-33233
-30820
-29072
-29700
-29240
-27220
-27472
-25596
-28600
-30264
-27824
-21476
-16433
-13669
-12160
-11116
-8341
-8328
-6680
-4709
-7409
-7877
-8341
-9253
-8617
-10989
-11777
-9264
-7957
-9040
-8533
-11361
-12901
-11845
-10009
-7653
-5605
-6140
-6828
-7540
-8004
-5725
-5161
-6785
-7205
-7484
-6920
-5545
-4476
-3577
-3005
419
3728
5939
9835
14568
16675
18567
20076
21344
22015
22063
21443
19443
17943
18784
17708
14295
10900
6287
3007
3116
3915
475
-2545
1376
3816
6332
11128
15459
18608
23100
24916
26151
28920
31451
33999
34671
33400
29207
26023
24587
25679
25599
26112
26732
24479
21900
22080
23824
26107
27355
25979
25936
26488
28603
29863
32327
32303
32255
29651
27399
24492
23203
24388
22132
21963
21532
23636
24212
23695
24032
26963
28127
28347
28927
31211
33760
38399
44091
47368
50080
52184
53951
55580
57207
57695
58404
56000
55459
55784
55983
55144
51560
48171
44747
44956
43483
41156
37296
36392
37875
39772
38812
39404
41539
41147
45975
48455
48532
47243
43720
40412
38987
37260
34996
30144
27007
23947
22227
22079
23495
26556
27380
26459
28099
30548
30183
28900
29971
28335
27703
26048
23392
22564
21580
19779
17755
16247
16215
14456
11631
8544
5839
5987
4651
3655
5248
6927
11515
15952
18075
20171
22939
24336
26812
27080
27844
25331
22259
17512
13395
11680
9687
9975
7639
3220
0
-73
839
4703
5599
5155
6971
9024
9315
11563
13856
14408
15595
16991
15588
17727
19407
18512
16900
16192
14488
14256
10812
6443
2560
1147
1731
1388
2103
3504
3672
6067
7244
8572
10912
11139
13744
13391
12383
11968
10652
9784
6819
4292
2531
2216
1352
-797
1003
2668
3584
6995
7724
11584
13864
14120
15692
15608
16259
16687
16595
16579
15987
15163
13240
11331
10300
9091
8592
8012
5920
3279
2311
3744
6059
7240
7376
8200
8983
11092
11968
11676
11095
10899
10659
9856
9483
9291
7363
7088
4776
3556
4631
4780
2336
876
-1545
-4729
-1576
-1140
-1776
-2873
-1741
-721
-773
948
3771
6584
7931
10204
11027
8463
8240
9003
8552
7327
8164
5908
5499
5456
4904
5908
8348
8512
8680
9048
11052
13376
12459
12516
14016
16255
17556
17355
17456
16668
17076
15004
13880
11856
11252
10244
8603
7143
6083
7556
8396
8263
6135
7492
6371
6824
7983
8280
10316
11944
14744
13980
12824
13992
13828
11672
10824
9939
8328
6916
7540
4251
3324
3991
3731
4791
1671
-41
-369
-581
-440
-801
-1900
-3952
-7276
-11096
-14672
-16273
-16408
-20868
-24740
-28652
-30557
-32724
-32696
-34213
-35996
-36888
-37368
-36725
-37472
-38437
-36969
-35989
-35613
-31101
-28769
-27817
-25729
-26384
-28017
-29621
-30872
-35133
-39516
-43741
-48180
-50109
-52052
-53440
-53633
-53016
-51844
-49624
-46732
-47320
-46340
-46357
-45465
-42964
-41597
-41592
-40717
-40216
-42389
-41756
-39708
-40617
-41333
-45540
-47236
-46949
-45600
-44793
-42601
-44300
-43328
-39893
-38137
-36312
-33997
-31949
-29632
-27881
-27192
-26177
-25757
-26857
-27036
-30985
-32417
-66919
-36341
-38476
-40081
-40973
-41560
-41337
-43077
-43732
-42301
-41553
-39001
-38268
-36448
-36424
-38096
-37876
-40008
-41520
-39689
-39396
-40064
-40928
-39636
-36337
-34665
-34461
-36672
-36045
-33949
-33369
-34645
-34032
-31516
-32512
-32405
-31296
-28788
-25773
-24793
-23312
-22289
-22473
-21541
-20145
-21068
-21636
-23233
-24473
-26701
-27585
-28304
-27701
-27861
-27381
-27152
-26253
-23585
-21840
-19085
-17556
-17389
-14257
-12025
-10873
-10200
-9368
-8784
-7680
-8856
-10864
-14072
-14249
-14572
-16008
-17716
-17193
-20260
-19360
-14124
-11132
-11601
-12109
-11669
-9629
-8700
-6376
-5089
-4480
-4640
-3124
-2108
-436
248
-257
12
-649
-252
-21
935
2032
4423
4039
4991
6868
6227
7559
7075
5828
5999
4132
1983
2556
-800
-2217
-1456
-1424
-2209
-2556
-2516
-2828
-1089
-1265
-2772
-4717
-6044
-5701
-5829
-3996
-5429
-4280
-3461
-1653
-1137
-2605
-3876
-4104
-5421
-6864
-6597
-6485
-5704
-2313
-1145
-381
-461
-1265
-2737
-5085
-8552
-12241
-14289
-16425
-16540
-15668
-15268
-13745
-12316
-11264
-10013
-10373
-8676
-7637
-7229
-6277
-5745
-4681
-4833
-5509
-7068
-8557
-9980
-11561
-12676
-12245
-10613
-7921
-9252
-9504
-7689
-6201
-7920
-8660
-7485
-7236
-4749
-4329
-4328
-4244
-3316
-4632
-3992
-5716
-7925
-11325
-12780
-15332
-17820
-18808
-20209
-19497
-19412
-19061
-17953
-14941
-11812
-10389
-8812
-5849
-4004
-1489
879
1136
203
1363
2455
828
-508
-1660
-3484
-6365
-8892
-9093
-8465
-6516
-5617
-4001
-1929
155
3720
5595
7056
4756
3224
3407
3852
3539
3711
2335
1967
1851
1076
851
691
-1112
-4232
-7697
-9997
-10165
-11277
-12861
-15304
-14732
-12144
-10592
-8433
-5208
-2468
-721
-576
-921
-2993
-3477
-4469
-6117
-5837
-5856
-3452
-4197
-2609
1852
5360
8252
11696
13336
12843
16147
18251
20239
21571
22039
22456
21856
24083
23307
21396
21551
19916
16512
13207
12683
10131
5932
3899
423
-617
1355
1656
891
2008
1831
1052
2595
5727
7163
8519
11011
10892
11176
11100
11279
10323
7979
5436
3207
1943
-632
-1776
-2460
-893
-101
-77
-1232
-1517
-1173
-688
1384
580
1311
3780
4907
5496
4272
2715
-620
-2013
-2237
-5421
-7201
-9680
-12484
-14652
-15480
-12928
-11065
-10353
-9564
-8333
-3793
16
3015
4103
5656
7040
7076
5971
6539
7892
7864
8015
7751
7779
8075
5795
3576
2447
-857
-2153
-1757
-1885
-1856
-2349
-3881
-2521
-2124
-1592
-272
1124
1587
1563
-725
548
1071
712
1991
568
-1576
-2404
-3112
-3561
-3565
-2613
-940
188
2999
4724
6932
8831
13052
15763
17467
19167
19868
20092
20199
21499
21572
21708
20935
20708
19623
18832
18420
15544
13672
14091
15984
14692
11248
12084
13348
14319
13683
15968
15015
11575
10251
8564
7828
6820
5724
3611
1259
80
-916
-2516
-5197
-8196
-8872
-8365
-9688
-8753
-8876
-9488
-8409
-6724
-4441
-3225
-3508
-1072
872
1791
4024
5432
5784
5959
5695
5496
4775
4559
2300
515
183
-588
-828
-2601
-2789
-3656
-3580
-4600
-5489
-4784
-2760
-1405
-653
104
3700
6152
10300
10563
11784
11424
10587
8852
7664
9152
10519
11511
13139
11504
12183
14404
15891
19111
21587
23540
24112
24196
24836
25648
25899
25332
24987
23799
23055
23552
25003
24811
24652
21951
21760
22507
23359
24580
25319
25480
26768
27291
27527
29984
30931
30599
28627
28084
29031
28775
27064
25723
24243
19939
18572
15432
12511
10924
11167
12155
12840
12804
13524
13876
13744
14812
13967
11316
11163
11676
12092
11348
11611
12084
12699
14911
14964
17828
18248
16295
14992
14323
14172
14827
13796
13287
13064
13227
15472
18048
19656
22300
24035
24267
24948
27891
30948
32336
32424
32091
32155
31416
30420
29576
25551
22392
22844
23360
22160
21500
21599
23303
25456
26924
28987
29076
29456
26928
25540
27511
28139
28531
26787
23983
22708
22575
21887
20003
18883
15567
15492
17131
16584
16463
18139
20591
21832
22684
22899
24599
24452
24863
23115
20924
19411
19080
17424
13988
10800
6659
1771
-1212
-3148
-4177
-4401
-5209
-5656
-4821
-3804
-1125
272
2191
3364
1640
888
2536
1416
2891
2539
2323
395
-1709
-2381
-2236
-2616
-4241
-6473
-7732
-7996
-7757
-5445
-4408
-3213
-3644
-1632
-1720
-1472
-1016
-1801
-1969
-2236
-3265
-4305
-4144
-4841
-3137
-2005
-524
1004
327
-1313
-1752
564
303
2296
3295
2472
5808
7916
10780
12444
15476
15127
15695
15528
14712
14467
12740
13612
12935
12335
12635
11603
12067
9876
9847
9668
8212
7424
5064
4047
4276
2328
4823
4860
5664
7624
8104
9184
7791
8343
6936
2924
2544
1595
-41
-1296
-2208
-2544
-3376
-1780
-3512
-6069
-8297
-9645
-10373
-11044
-10121
-12712
-12429
-9729
-6596
-4480
-3669
-2785
-1993
-2316
-953
-2405
-1384
-1748
-3485
-5473
-6392
-5649
-4745
-3868
-2913
-1596
1455
4812
7135
8967
10435
10452
12668
11184
11919
13351
13243
14248
16327
17660
17635
18355
18268
17924
20307
22532
23203
22916
22127
26131
28203
29479
27560
27156
26051
26148
28196
29635
30371
26560
23400
21835
21383
19875
16571
14636
13412
10923
11740
12707
13708
14207
16344
18560
20403
22032
24392
25208
25543
25547
27003
27996
28067
29087
29955
28932
28964
27275
23759
23443
22336
22136
20996
20743
19436
19996
20544
21620
22367
23275
22980
21907
21944
21799
22320
20996
19859
17984
15768
14787
14696
13400
12223
11004
9975
7987
8992
10043
9723
8491
7320
6092
5056
3728
4151
4011
2320
1612
828
-1908
-3628
-4956
-5272
-6921
-13376
-17777
-20221
-24012
-26420
-28497
-32401
-34024
-33688
-33637
-31712
-28460
-28649
-27752
-26304
-26536
-25544
-26216
-26941
-29524
-30165
-30001
-29425
-29177
-29197
-28880
-29533
-29504
-30217
-31520
-31912
-29560
-28409
-27436
-25777
-24677
-25276
-24756
-23484
-22960
-23105
-22240
-22872
-24841
-24977
-24033
-23573
-24372
-25993
-27140
-26497
-26485
-25508
-24348
-24268
-24281
-24237
-22884
-19920
-19293
-19161
-16621
-14408
-12548
-11920
-12285
-10672
-10949
-12437
-13556
-11480
-9480
-11105
-12204
-14357
-15760
-14524
-15913
-14541
-13149
-11952
-11069
-12436
-12856
-14444
-13528
-15077
-17913
-18028
-19052
-19301
-18248
-18345
-18821
-19069
-606689
-19601
-20168
-22676
-25468
-27224
-28733
-29665
-28089
-28476
-27904
-24933
-24281
-22836
-21692
-23361
-22640
-21469
-21740
-21476
-21480
-20472
-19121
-20273
-20301
-20472
-19172
-18305
-18204
-19337
-20080
-21676
-21684
-21149
-23841
-22840
-23096
-23976
-22365
-20753
-17856
-17401
-16573
-15041
-14453
-14853
-13200
-12937
-13928
-13341
-12528
-13505
-13436
-15793
-17137
-18616
-17477
-17717
-17796
-17769
-18417
-15956
-14125
-12577
-11253
-8453
-5601
-5648
-5508
-5229
-5473
-6849
-7105
-8357
-10005
-8676
-11365
-12336
-13432
-14440
-15181
-14400
-15676
-16593
-15073
-15852
-14460
-13328
-11424
-11160
-8877
-6545
-7308
-7085
-8865
-9652
-11653
-12765
-14517
-14293
-13008
-12941
-12024
-10053
-9077
-7341
-5040
-3525
-3640
-3416
-3860
-3556
-5528
-6353
-7972
-8616
-9832
-10212
-10188
-10545
-11081
-9228
-10209
-8552
-9392
-10905
-12225
-13693
-13793
-13905
-13325
-14024
-10245
-8169
-7101
-5028
-2769
-2329
-2600
-1972
-3956
-7337
-10677
-13268
-14301
-16021
-18240
-20693
-21921
-22373
-23332
-22713
-25160
-26316
-26208
-27741
-30640
-29028
-28416
-30004
-32517
-32892
-33708
-34920
-35252
-34972
-34093
-32856
-31452
-31472
-33369
-33521
-36209
-38621
-39060
-41232
-41556
-39073
-36724
-35800
-34384
-32384
-30549
-28636
-28057
-25868
-24953
-27097
-28748
-30089
-29197
-29177
-29933
-33373
-32648
-31173
-30580
-31528
-34037
-33540
-33260
-30893
-30093
-27977
-28424
-27832
-27152
-24992
-24284
-23421
-23724
-23017
-23753
-23000
-21993
-20668
-19652
-19212
-19668
-19477
-19084
-18168
-17960
-17220
-15012
-11664
-9801
-7520
-3860
-2005
-1813
-1200
-345
676
647
-1392
-853
579
-1021
-373
672
-525
852
1096
3095
1795
567
255
199
1071
-341
-3228
-6508
-7713
-8320
-10985
-10956
-10845
-10960
-9284
-6604
-6188
-6961
-6444
-5472
-6093
-6748
-9641
-11008
-11036
-11729
-11545
-9700
-9864
-8644
-8345
-9600
-10649
-13085
-14816
-16745
-17732
-18213
-18512
-19181
-20161
-19872
-18429
-18120
-15293
-15740
-16777
-15605
-15185
-15325
-14620
-13921
-13436
-13172
-15680
-16848
-17620
-16928
-17248
-17301
-16660
-17032
-17653
-16664
-17533
-17636
-17181
-16876
-16905
-18805
-19824
-19952
-20973
-22349
-23940
-23209
-20488
-22101
-22477
-22396
-18876
-18032
-18576
-17788
-17880
-18637
-16737
-15332
-14680
-13845
-13648
-13537
-11556
-10992
-11464
-12740
-13617
-16224
-17300
-16580
-17604
-17896
-17532
-15836
-14889
-14560
-15037
-15141
-16121
-16448
-17193
-16673
-17552
-16452
-15408
-16360
-14789
-12436
-11232
-12116
-13168
-14928
-12332
-9152
-7613
-6572
-6124
-6480
-6085
-6292
-4917
-7228
-9832
-11616
-11964
-12576
-11484
-11900
-10724
-7928
-7621
-7728
-7776
-5825
-5112
-5652
-4840
-4521
-3696
-3781
-5256
-4744
-6085
-8189
-10112
-12824
-13628
-14492
-15893
-17404
-16236
-13520
-13572
-12417
-11921
-10332
-8312
-6652
-6460
-6585
-7368
-7432
-7493
-8589
-9733
-10116
-10477
-8881
-8137
-8316
-8921
-7732
-8644
-8245
-7992
-8561
-6517
-5828
-5665
-5681
-5692
-5893
-6641
-8161
-9224
-9109
-9468
-10640
-11561
-10945
-10628
-10592
-9632
-7577
-8273
-8429
-9421
-10180
-8820
-7813
-7205
-7656
-6473
-6573
-5096
-1857
-3556
-4213
-2537
-1793
288
220
1175
1944
152
2468
2796
3080
5911
6324
8308
9852
11452
11287
13663
14212
13484
14456
15624
14883
12951
12031
11188
10819
11915
12575
11636
12876
14500
16240
19256
17847
15756
15579
14427
12895
13591
13103
13131
14456
14003
11928
12499
14327
14859
14903
13572
12704
15543
15139
16672
18059
19340
22128
23200
22043
20763
20587
21692
22312
22288
23800
21659
22108
23780
23504
23404
24691
25456
24331
25364
28183
30468
32908
34748
36251
38588
39284
39987
40732
40968
42028
41191
40232
38627
38128
39691
40244
41840
44515
45083
45008
44520
44692
44679
44751
46300
43952
43356
43395
42595
42972
42892
40756
39691
39400
39104
38952
39896
41276
43024
43379
42948
43988
42252
40152
38316
36127
33664
34828
37580
39451
39671
38888
38007
38607
39712
39352
39464
40024
38516
39844
42555
43243
45591
47711
49256
49531
50120
49704
47171
46908
45880
44731
44207
42684
41104
38043
37056
35711
35084
33515
31752
30268
29035
29147
29896
30491
31248
32412
33527
35367
36360
35924
34487
34195
33507
33523
33808
30924
29980
29464
29556
31596
30568
30907
31279
31523
31743
31183
28848
28580
27256
24692
23459
22311
19335
17796
17063
15023
13428
12752
11443
11331
11183
10195
9703
7828
6616
6455
5987
4471
1011
-2800
-3756
-4013
-4097
-5229
-4781
-2533
-3428
-2337
-2360
-3013
-1705
-661
419
-1341
-3228
-4488
-6041
-5541
-5432
-5689
-5228
-4984
-5796
-5172
-4537
-3857
-3297
-2268
-996
2311
2219
1804
1848
1895
1704
3667
4131
3920
3419
2243
3195
5432
5067
5744
5868
3308
5104
7484
8539
11200
13272
15143
18320
19507
19728
19196
19636
17692
17252
16603
16260
16556
15727
15632
15496
15867
19439
22180
25020
27816
29959
32100
32675
34840
37920
37864
37711
36636
34051
31240
28843
27379
25159
26127
25236
23263
20819
20876
19787
17695
18124
16908
16479
15827
14612
13032
9652
11260
10551
10227
9844
9372
9268
13431
14667
15828
19852
20896
24883
26467
28879
29460
28448
29396
29699
29008
29495
30259
29600
28587
28787
29512
27192
25495
23955
21059
18496
15603
13603
13111
11331
12079
12559
12931
13167
14123
13092
12060
10948
10951
9796
10035
11891
13359
12976
15935
17075
19088
21124
21364
25200
24051
22463
20011
17972
16295
14788
14196
12151
7955
7016
4915
4279
4444
2620
3428
3299
3104
2908
2183
2571
3632
3264
3884
4212
3908
5488
5911
6791
6244
5423
3927
2083
1599
2155
1792
1467
-93
-1604
-1452
-2408
-2564
-2704
-3009
-2205
-1468
-868
-1433
-2769
-5216
-5428
-5360
-7652
-8260
-10012
-11853
-12344
-11145
-12013
-12212
-10440
-10525
-10164
-9241
-7729
-7808
-8345
-6832
-5976
-5813
-7761
-6561
-6929
-7937
-8596
-9381
-10841
-10076
-9305
-10021
-9692
-10028
-9289
-8848
-7192
-8436
-7324
-6208
-5796
-2869
-2392
428
3532
5995
5807
9820
8923
8263
7048
4967
4476
5604
7164
7035
5843
5480
6388
6660
7908
7496
9468
9412
8559
10124
10052
9523
10947
11639
11648
11900
11523
10552
9436
8888
7864
6567
6987
5883
7851
9415
8071
8959
8552
8672
8088
8416
8123
7972
8111
10319
14012
483168
15568
18043
18340
19535
21135
20932
19628
19464
18776
17324
14716
12096
9616
4855
352
-3501
-6060
-8089
-10836
-10480
-11101
-10824
-7564
-4480
-2681
-1577
-1280
168
3340
1395
2667
4627
6279
6708
5207
4655
3991
3252
1964
767
1119
824
1311
3528
5279
5648
6964
8671
10311
10992
10487
9671
7655
5419
4779
3356
1264
-1965
-4461
-7320
-9649
-8445
-8156
-8149
-8764
-7904
-7525
-7565
-7428
-7204
-7569
-7132
-6381
-6648
-5084
-5192
-7193
-8380
-8752
-9673
-10149
-12493
-14409
-15941
-20261
-22053
-23485
-23316
-23293
-24472
-20661
-21009
-18301
-18065
-16937
-14372
-11069
-8632
-7449
-5413
-6240
-5516
-4757
-4228
-4936
-4692
-4345
-5060
-5516
-7253
-7493
-8413
-10112
-11232
-12405
-13700
-13332
-12609
-10385
-8880
-7604
-7921
-8533
-7800
-8117
-9148
-9140
-9272
-10472
-12241
-13593
-14168
-15916
-16716
-18196
-18484
-16496
-17361
-17353
-17401
-16361
-15485
-15348
-14668
-15192
-15073
-12217
-12280
-13553
-14101
-15296
-14853
-14788
-13972
-15236
-19725
-20380
-20989
-22809
-25472
-25212
-25144
-25820
-24836
-23316
-20464
-17653
-14944
-14276
-12824
-9072
-5337
-2301
-988
344
1180
2944
2527
692
1103
-980
-492
-1588
-2052
-3188
-5265
-4848
-4924
-6348
-6572
-5985
-3240
-1720
-1749
-1097
1100
1716
999
1627
1560
2388
804
-1245
-2768
-4717
-5476
-7344
-8045
-9741
-10792
-9997
-9220
-8877
-7656
-7101
-6128
-6713
-6244
