46545
48043
31042
5772
-10906
-40916
-34811
-44219
-51505
-57520
-60354
-61639
-60605
-57411
-49275
-38516
-26172
-11710
-731
8028
15568
21700
26667
29184
30902
27563
22698
16105
3600
-8822
-19221
-32923
-45539
-55476
-59231
-62200
-63454
-60825
-53460
-42646
-28803
-10784
2925
16996
31293
44487
54526
55210
46907
38858
27053
12158
-8825
-26352
-36578
-45848
-52081
-54152
-47517
-42582
-43888
-46312
-44841
-34374
-24097
-10025
-28456
-27740
-76130
-46646
-53615
-56572
-54274
-42538
-28856
-16772
-3994
13197
30875
42684
49466
56427
58816
54897
51557
47905
40960
29998
20404
8635
-2809
-12793
-24169
-35544
-40443
-40318
-38009
-32518
-26380
-19939
-12157
425
12078
25514
37731
45215
50555
54478
57789
54170
45289
32870
17362
706
-14662
-28143
-36450
-39971
-44133
-47828
-46364
-39294
-30412
-20371
-7743
4415
18211
33329
44946
53534
60442
59960
56616
49304
39773
29488
20446
9984
-3051
-15575
-22646
-27853
-33051
-35354
-36834
-31305
-21564
-12746
-576
14813
29111
40256
49931
56851
62702
63467
63733
59842
53237
42654
26718
10921
-3629
-15705
-22318
-27022
-30618
-33064
-35033
-33883
-26232
-12660
1272
14626
27061
39263
51298
60568
65746
65800
64343
60867
54934
45192
28910
12227
-3143
-16675
-29115
-37887
-42893
-44496
-44569
-38426
-29022
-17913
-6660
7551
21363
33878
43031
49676
53128
53870
52258
47084
39420
30002
17436
3881
-8231
-19832
-31488
-39766
-46620
-49309
-45964
-40424
-32585
-22891
-11470
1573
15132
27763
39438
47677
51279
48181
45152
41138
35135
26219
12957
791
-12670
-24561
-35682
-44267
-50424
-52132
-50104
-44652
-34374
-23131
-9036
5376
19835
34020
46352
54540
59280
59691
57281
51647
44027
32616
21196
7871
-5368
-17755
-27661
-34644
-38829
-41116
-39547
-35474
-27019
-15399
-1271
14413
28428
40781
51532
60400
66608
69220
66491
58690
49148
37330
25069
11765
-385
-11052
-20878
-29327
-33349
-34499
-31801
-26849
-19927
-10125
751
11813
24008
34783
44517
52173
56871
58342
56969
53830
46765
34408
20485
7047
-6289
-18164
-30601
-39252
-45269
-47361
-46097
-41691
-32613
-22868
-10558
2707
13394
24723
33737
40116
45268
46906
45612
41822
34424
25919
14202
1620
-12478
-26713
-37857
-45509
-49844
-51623
-49518
-43022
-34377
-23024
-9061
4884
15256
27108
37156
44829
48903
49757
46767
41071
32666
21774
10401
-3537
-16078
-28271
-37808
-44816
-49520
-50884
-49715
-44128
-36065
-24845
-9811
3787
17296
29645
40820
48825
53977
56411
55328
49588
40528
29351
15378
1959
-9216
-20816
-30998
-37777
-42274
-44266
-40989
-36383
-28089
-17255
-4513
7414
19770
34047
43998
51519
56362
58802
56097
51298
43304
31787
17634
6097
-7887
-19804
-28943
-35808
-41773
-43856
-39986
-35707
-27473
-18123
-5621
4663
16929
27990
36065
46415
52895
54659
54070
51432
44935
36582
21982
9351
-5767
-17918
-29175
-38169
-41626
-43182
-40351
-35670
-26183
-15092
-3722
7940
20265
31145
41167
50216
53359
54903
52538
46725
37126
24241
12302
-1647
-14428
-26647
-36243
-44354
-47567
-49332
-46258
-40112
-32342
-22253
-11177
1235
13700
25397
36217
45633
50390
52017
49883
43912
34430
24095
11570
-3442
-17345
-29404
-41067
-48444
-51828
-51803
-49223
-42935
-32833
-22713
-9469
4004
18587
33149
43902
53945
57044
58369
55872
49421
39617
27880
15605
1651
-11619
-24273
-34556
-43131
-47353
-47988
-46690
-42114
-34914
-23004
-9457
5952
19507
31597
41851
49069
53731
56854
54449
47379
39688
29281
18662
6157
-6701
-19272
-30665
-38195
-42530
-42279
-38752
-33288
-26678
-15863
-3488
8415
89188
72738
25562
12142
-1237
-15619
-28286
-40177
-48654
-53551
-53893
-51877
-46915
-39494
-27593
-16455
-2832
10797
22920
33365
41076
45038
45240
43421
39988
33706
24014
10747
-2574
-16432
-28316
-38888
-46613
-52088
-53493
-51788
-47728
-41225
-30792
-20601
-7227
6054
18975
28351
37093
41082
43219
42145
37528
29084
18313
7253
-4128
-16783
-28105
-37620
-47149
-52364
-52328
-49362
-42898
-34607
-23312
-11115
2304
17080
29202
39984
47331
50229
50629
48753
42763
33518
22376
9665
-3842
-17204
-29487
-38843
-47206
-50617
-51718
-49170
-43765
-37163
-26399
-14343
-2849
10649
21439
30833
38219
41702
42296
40869
38347
32125
23684
11643
-4818
-19920
-34892
-44858
-51392
-54802
-55929
-52765
-45894
-36951
-25407
-12345
868
11766
22905
32180
38398
41463
41088
38513
34340
26681
17574
3721
-9187
-24783
-38498
-48649
-56657
-62703
-64720
-63153
-56810
-49788
-37860
-24198
-9701
4471
17906
28711
37425
40814
40867
39264
34210
26514
16075
3470
-11045
-25989
-40977
-52703
-61594
-67020
-68688
-66012
-59012
-48048
-34071
-20336
-7978
4370
16225
27253
34812
36293
33372
29150
23446
15743
4037
-9414
-21628
-35068
-46229
-56466
-65948
-69851
-68809
-64436
-59119
-51983
-42143
-31766
-18051
-2704
10846
22095
29878
35553
38380
36716
32762
22381
10120
-4376
-16552
-28514
-41788
-51739
-60658
-66506
-67190
-63206
-55885
-47251
-37324
-26677
-13604
-1334
10615
20414
28233
32475
33872
30804
24966
18023
7705
-4154
-17153
-30253
-41678
-51306
-60909
-65191
-66536
-62656
-55786
-47674
-37735
-25168
-11230
1302
13282
22941
30097
35961
39347
37687
33333
25608
15714
3008
-10368
-23020
-34736
-45288
-53567
-58101
-57534
-53351
-47402
-37673
-26894
-16022
-1714
11012
22711
32788
39639
43527
43810
40843
35210
27650
19093
7748
-6336
-19686
-31052
-40075
-48609
-55403
-56445
-52468
-45679
-37236
-27562
-16129
-2658
12198
25760
36683
43353
45533
46718
45343
39402
30904
18762
5095
-8664
-20035
-31232
-41080
-50985
-55310
-55918
-52721
-46525
-39663
-31581
-21095
-8520
5923
18570
29160
35429
37638
37429
34076
28646
19466
7561
-5566
-19254
-32872
-45087
-56297
-63723
-69668
-70193
-66795
-62020
-53887
-42872
-29951
-16981
-2879
9017
18218
25676
28331
28989
27375
22208
14873
4696
-6310
-19158
-32228
-44408
-54298
-62321
-67245
-67716
-64591
-57842
-47794
-36144
-24061
-10626
2645
14677
25855
32053
35591
36775
34396
30468
24111
14425
2421
-9056
-22936
-35956
-47685
-54807
-57728
-58601
-56196
-50638
-43062
-31406
-17334
-4062
8024
20598
28781
36348
39772
41480
39138
34716
26259
16040
3612
-9751
-24053
-34796
-45815
-53440
-56068
-56179
-52136
-45279
-36103
-24343
-11427
3075
15611
25885
35223
41263
43617
44289
41429
34586
24414
11684
-1169
-15574
-27946
-40328
-51302
-60053
-64578
-66166
-62754
-56858
-47655
-36500
-24655
-10027
2415
14451
25137
31366
33791
35362
34158
27842
20568
8927
-3881
-17207
-29921
-43086
-53251
-63008
-67332
-67650
-64474
-57982
-49712
-39116
-26137
-11209
2128
14088
23487
29927
33367
35291
31973
26662
18976
8726
-3239
-17024
-30176
-42666
-51592
-57993
-61366
-62118
-59946
-53981
-45634
-33228
-19733
-4688
34503
24802
12863
-242
-14548
-27457
-38448
-49481
-56420
-60043
-59292
-55440
-48367
-37842
-26425
-13326
-226
13902
26124
38140
46528
51576
52583
52341
48870
40829
29205
17067
2959
-9503
-20775
-29753
-36970
-40834
-41066
-38315
-31840
-22906
-12432
-1281
11260
22987
34411
45261
51035
55073
56660
54113
48305
41037
30072
18058
5122
-8452
-21177
-32183
-40075
-44563
-47541
-46209
-41115
-33160
-22581
-9592
3475
16596
28032
37310
44326
48918
49994
46537
40602
31220
21327
10247
-2739
-16229
-26536
-35948
-42367
-45480
-44009
-39871
-34154
-23903
-11745
1676
14913
27185
37646
46682
54447
58976
59961
57167
51383
43989
33909
21548
9756
-2668
-14895
-23687
-31162
-34318
-35005
-30966
-24615
-15973
-3272
8623
20408
33231
45219
55569
63107
64627
63803
61457
56719
48366
36408
23125
8069
-5703
-18273
-29055
-35797
-41573
-43100
-39246
-32622
-22229
-10074
2622
18188
30833
43312
52016
57269
60731
61022
57138
50370
41281
30110
17332
2486
-11614
-23332
-34497
-40130
-42964
-43152
-39925
-33253
-24074
-11512
2395
16309
28183
39687
49894
54200
56802
56913
54331
47255
37640
24846
12053
-864
-12653
-24940
-35618
-42429
-46326
-45929
-41389
-35732
-27072
-15571
-3099
9760
23848
34658
43991
51222
54971
55319
53740
49416
42650
31497
19096
4730
-8830
-19327
-29738
-36682
-40925
-41957
-39848
-33419
-23309
-11857
171
12786
25695
38743
49067
55901
60060
61495
59766
55129
46771
36988
25639
11055
-3032
-15233
-24260
-31169
-34787
-36287
-33969
-28744
-19311
-8637
3129
16731
29353
39648
48192
54079
56380
54642
51172
45634
36548
22962
9654
-4592
-19024
-30702
-41218
-47974
-52710
-53945
-51998
-45264
-34363
-22097
-9053
4271
16909
29660
39708
47367
50667
50444
46496
40042
32371
21982
9741
-3741
-16714
-28098
-37391
-44179
-47738
-47633
-43174
-34977
-24128
-11829
1441
14315
26692
38020
48718
56100
60023
58771
54920
48417
40378
29568
17726
4301
-8603
-20627
-30721
-37216
-40719
-42219
-39335
-32863
-23156
-11081
2381
16675
31384
43526
52985
61189
66565
67185
64778
60424
50939
40264
28041
16238
3430
-8675
-18156
-24840
-29984
-30947
-28852
-22409
-12033
57
11358
23936
36312
47889
57637
65847
70065
70425
65205
58189
48786
38132
25311
12172
-974
-14468
-25055
-31675
-36393
-38489
-36755
-30208
-22632
-11299
1325
14240
27772
40785
50054
55601
58937
58314
54541
49380
42108
30894
18836
5318
-9877
-21732
-31453
-38001
-43080
-43923
-39138
-33505
-22131
-11264
2294
15465
29469
39664
48232
55410
60091
60394
56282
51397
40459
28999
17322
4712
-9668
-21185
-31496
-37134
-40290
-41327
-37910
-32076
-23179
-11622
107
14784
27433
39870
49379
55985
57435
56596
51844
46582
38941
27307
13964
-967
-13637
-25147
-35546
-43212
-47026
-47719
-44497
-37950
-28880
-16293
-3937
9231
22410
33216
43155
50024
51947
51311
48042
42364
34131
22706
9477
-4726
-17651
-29790
-38622
-44693
-47156
-46829
-42798
-36707
-28027
-17639
-4178
9798
20596
31002
39339
46346
50697
49812
45971
40196
30104
18502
6619
-8142
-22839
-36452
-47591
-55999
-59962
-60507
-58470
-51741
-42169
-30139
-16263
-3448
29077
35215
36154
35673
33109
28181
20168
9316
-3102
-15364
-28174
-38978
-49136
-56302
-61000
-61260
-56475
-48919
-39603
-27168
-13064
550
13941
26733
36421
42892
45165
45105
41449
35004
25042
13591
1134
-12173
-24387
-36265
-45865
-51379
-53799
-53993
-51074
-44470
-34373
-22023
-8089
6194
18939
30079
39575
47803
51453
51399
49514
43721
34067
23521
10225
-2674
-15114
-26743
-36225
-42414
-44440
-45221
-42779
-36508
-27548
-15474
-805
12624
25596
36812
45795
53188
56522
56859
53704
48227
39053
27177
13933
-270
-12755
-23747
-33142
-39452
-43652
-45319
-41986
-34925
-24805
-13684
-927
11445
24532
36338
47020
54182
58239
58567
55599
50046
40362
28355
17973
4783
-8683
-20976
-31906
-38644
-42362
-42113
-39247
-32065
-22504
-10131
1785
15337
28211
41259
50209
56891
59118
60056
56752
51456
43203
33020
20251
8040
-3554
-14163
-22923
-29884
-33232
-32939
-27902
-21794
-11948
-1124
11970
25065
37429
49237
59141
65914
69469
68603
66482
60241
50350
39633
26234
12281
-729
-12815
-23690
-30994
-33826
-33561
-30001
-22526
-12699
-572
12703
26177
39949
51553
60892
67844
69406
67859
64556
57629
48346
36262
22396
8083
-6646
-18072
-26788
-34659
-39414
-39370
-36214
-29638
-20282
-8968
4596
18388
31105
41764
50557
58312
62519
62899
58378
51859
41776
29294
17760
3817
-9855
-22270
-33525
-40878
-43903
-43606
-38435
-33336
-24718
-13595
-873
13619
26788
37617
46928
54298
57244
56271
52724
45423
36270
25688
13322
-633
-13798
-27458
-36085
-41698
-45446
-45269
-42155
-33567
-23685
-12395
1177
16001
29421
40978
50299
56394
57597
56757
51520
43473
33752
21016
8039
-5197
-18847
-30809
-41272
-48125
-51539
-50278
-45976
-38894
-28788
-16947
-4227
10129
25085
36382
45972
53012
55820
56178
50850
44133
35041
22608
9389
-4795
-17153
-29119
-37748
-42799
-46512
-47219
-44220
-37812
-26826
-13958
-823
12248
26151
38295
49014
56636
60274
59998
56533
49512
39769
29093
16497
3680
-10247
-22933
-33600
-39211
-42154
-41445
-38221
-33382
-23361
-11372
901
12951
25167
37362
45189
50341
53558
51930
48879
42778
32872
20944
7278
-5712
-20240
-31637
-41973
-47603
-50793
-50247
-45431
-37644
-26029
-13914
-591
13831
27269
39768
49103
55206
57012
55921
51197
44732
34085
21452
9549
-4836
-17384
-29954
-39817
-45517
-46976
-46595
-42759
-36372
-26989
-14752
-354
12481
25978
36722
45777
51326
54429
53922
50184
44117
34771
24042
11257
-3058
-16115
-27314
-36230
-43273
-46249
-46385
-42433
-35674
-25100
-12908
-64
13171
26281
37495
45478
51384
52929
52021
47830
40637
30611
19871
4749
-9233
-23153
-34919
-45235
-51616
-55292
-55204
-52842
-46130
-37429
-26379
-12253
1609
14204
26676
35242
41502
44303
42219
38693
32568
24057
12604
-979
-15582
-29276
-41908
-51545
-58626
-62285
-63148
-59766
-53485
-44570
-33007
-21232
-8133
3858
14938
25204
30628
32926
32149
28849
23116
13946
2885
-11497
-25695
-36909
-48572
-58311
-65664
-68670
-68245
-64340
-56554
-46421
-33906
-19950
-6242
6034
18631
28549
35098
36493
35477
31042
24607
14460
3313
-10160
-23390
-36084
-48854
-57250
-62864
-66065
-64844
-61812
-54158
-45265
-32857
-19140
-5518
18696
57768
34660
38055
37191
33968
27352
18047
5819
-8415
-22157
-35889
-48198
-58735
-65829
-67761
-66911
-61584
-54195
-44987
-32992
-18320
-5035
8257
19943
29133
34877
37569
37571
33467
26540
17342
5344
-8590
-22287
-34879
-46679
-56850
-63315
-67419
-66258
-61654
-52999
-43473
-30821
-17288
-3168
11700
22404
33216
38203
40994
40212
37233
31188
21646
10650
-3296
-17103
-30420
-41636
-51552
-57716
-60665
-59868
-56168
-49015
-39251
-27795
-14468
-1537
12136
24284
33969
40943
45028
44578
40949
34374
25159
14891
2931
-11215
-23983
-35202
-44554
-52378
-54208
-52906
-47889
-40135
-30367
-17954
-3375
10377
24488
36107
44843
50075
51981
50567
46652
39464
28016
16513
4160
-8785
-22558
-34312
-43350
-49898
-52645
-52956
-47250
-41690
-32464
-20215
-7017
5160
16105
26708
36355
42513
44594
42965
38923
32659
23353
12480
-2060
-14834
-26729
-36998
-45857
-52212
-53563
-52930
-47574
-39512
-30446
-19915
-6843
5060
16201
27490
36747
41482
43538
42029
38537
31321
21568
10022
-4135
-18025
-30355
-42298
-51602
-58695
-61058
-58760
-55236
-46463
-36666
-24497
-11057
2023
15466
27283
37777
43832
45154
43880
39172
32151
23290
12041
-1846
-15119
-28244
-39764
-49031
-53757
-57616
-57719
-52248
-44267
-33004
-21057
-8134
6426
17901
28395
38376
44759
46023
44641
40003
32704
23688
12157
-1717
-14999
-27574
-39654
-49522
-55457
-57636
-56795
-52528
-44551
-33638
-21559
-7559
6011
20162
33220
42755
48130
52372
51712
48202
41790
31923
19730
6009
-6536
-19145
-32078
-41285
-47991
-51255
-50919
-46968
-39433
-30969
-20146
-8173
4700
15718
28201
36328
41827
43565
43644
38587
32226
21611
10605
-3022
-17084
-30442
-42248
-52156
-57961
-60401
-60288
-55522
-48014
-36651
-23505
-9168
3988
17354
30035
40671
46331
49131
48906
46125
40381
31644
19439
6688
-6236
-19376
-30748
-39672
-46106
-48470
-47791
-43352
-37160
-26286
-14179
-1829
11536
23296
34386
42861
48169
50491
49542
46364
39684
30555
18879
5419
-6912
-19507
-32142
-41914
-48951
-51474
-50420
-47035
-38912
-29291
-16754
-2050
11769
25673
36295
44175
49702
51590
50420
44869
36958
26541
15416
1310
-11860
-25501
-36999
-46272
-52505
-54432
-54781
-50535
-43465
-34629
-23331
-9651
2787
15544
26723
35658
41178
44268
43540
39657
32972
23786
12212
-2357
-16095
-29169
-40148
-49518
-54972
-57209
-56154
-52138
-43734
-33413
-21172
-7565
4706
17604
28866
37585
42965
46930
45578
41717
35887
26480
15449
2482
-9812
-22869
-33353
-43549
-49702
-51334
-51011
-47563
-39498
-30018
-17539
-6469
6360
19773
31328
40334
46571
48496
48460
44969
38040
29353
18028
6275
-6368
-19101
-29081
-37783
-43442
-43803
-41990
-37728
-29879
-19292
-5787
7145
19685
33377
45330
55163
61255
62536
61462
57217
49119
39112
25805
12065
-2487
-16864
-27660
-36358
-42788
-45774
-44901
-39805
-33411
-22759
-10918
2532
15889
27572
38825
47478
51673
53623
51919
46529
39728
30246
18320
4372
-9489
-22298
-33924
-41744
-48991
-51665
-49410
-46369
-39218
-30606
-18671
-6594
4929
16627
27259
35903
40505
42796
40657
37320
30164
20313
9446
-3282
-15650
-27883
-38773
-47826
-53389
-55235
-53641
-49533
-41242
-29792
-17464
-3383
10058
34841
43680
50103
52336
53202
48973
42840
33801
22775
10243
-1796
-15300
-26829
-36317
-42817
-45285
-44734
-40065
-32700
-22234
-8956
3909
19028
32309
43739
51807
58684
61615
61712
57570
50914
42662
30968
18968
5870
-6483
-17309
-26414
-32090
-34386
-34658
-31662
-24278
-14175
-3306
9603
22247
34914
46029
53489
57408
59195
56962
53010
44904
35952
23241
10098
-3115
-15851
-26718
-34522
-40009
-42177
-42425
-38131
-30764
-20138
-7574
4990
17420
29196
40978
49393
55015
57193
57552
53198
46761
37489
26861
13716
1274
-12270
-22563
-31567
-38008
-41306
-39851
-35696
-28968
-19178
-6922
6451
20075
31880
42996
51082
55709
57504
56551
51947
44378
33836
21926
9105
-4423
-17901
-29401
-38944
-43824
-47058
-44840
-39712
-32904
-22079
-9887
3751
17312
30357
42035
50533
55741
58712
57437
53443
45853
36071
23927
10345
-1858
-14708
-25624
-34541
-40281
-42439
-40860
-34800
-26926
-18076
-6027
7527
21205
33657
44427
53052
57139
57421
56596
51413
43804
34231
22485
8402
-5496
-18847
-28783
-38341
-43333
-46092
-45411
-41464
-33154
-23282
-10741
1937
13743
25562
37933
45717
52169
55394
54198
49476
43256
33929
21770
8937
-5440
-18731
-30863
-40487
-47332
-49497
-47861
-42544
-35280
-24617
-13375
910
13695
25696
36190
45796
51748
54521
53264
49274
40843
32108
20221
7953
-5123
-16740
-28762
-37799
-42954
-44994
-43791
-39845
-31182
-20028
-8046
5202
18316
31213
42285
50319
56705
57924
55714
50850
43581
33710
20478
6388
-6328
-19600
-29258
-39125
-44949
-47245
-45462
-40247
-31600
-21251
-11040
2091
14796
27901
38029
46917
51688
52572
51381
46515
39489
28901
16734
4094
-10060
-22066
-33634
-40805
-47718
-49449
-48685
-44033
-36918
-27073
-14904
-2132
11145
24856
36282
45451
50339
52694
51549
47586
39877
30919
19900
6778
-7537
-20117
-31046
-39537
-45591
-47868
-46121
-41057
-32825
-21760
-9301
5329
19777
31460
42437
50788
55614
57354
55963
52056
44049
33921
22341
10075
-3470
-17343
-28996
-39148
-45698
-48784
-48266
-44358
-36239
-24842
-12020
1929
16369
27922
39439
49050
53194
54324
54525
49065
42363
32373
20425
7064
-7282
-19631
-30482
-39589
-45418
-47473
-46176
-41271
-32721
-22095
-8620
5827
19550
33153
44533
53920
59111
59842
59217
54326
46979
36212
23683
10566
-2116
-15612
-25990
-33688
-39666
-41060
-39576
-35454
-28300
-16619
-3735
10676
23379
35291
46358
53962
58837
61070
58959
53373
44449
32694
20962
7731
-5948
-19259
-31225
-42011
-48752
-52494
-52807
-49342
-41936
-32080
-21321
-9294
5669
17907
29255
38571
42318
44793
42754
38155
30526
20148
7231
-6273
-20874
-33520
-44427
-53435
-59589
-62720
-62307
-57543
-50018
-39131
-27503
-13519
565
13669
24169
32317
38260
40131
38265
33110
24402
13633
1566
-11582
-25588
-38241
-49424
-58509
-63483
-65307
-63023
-58775
-50855
-39545
-26657
-12810
2033
14851
25308
34462
40537
41071
40235
36126
28678
18935
8741
-4105
-16806
-30218
-40994
-49524
-54670
-56947
-55747
-50790
-42697
-31467
-17858
-3339
9936
22553
34045
42805
47407
49645
48066
43496
35551
26016
13438
-484
-15197
-28065
-39541
-47649
-54220
-54733
-54231
-48963
-41484
-30604
-18972
-6538
6828
18647
59722
37996
43582
44845
43238
38359
30261
18958
7485
-7206
-19743
-32981
-43862
-53003
-59529
-62006
-58911
-55562
-46783
-36493
-24637
-11961
1181
12918
24367
32847
37390
39757
37219
32654
25264
14876
2914
-9983
-23346
-36393
-47467
-56280
-61262
-62044
-59989
-53608
-45989
-35576
-22164
-9474
2833
15515
25467
34039
38648
40276
38556
35097
25709
16023
5218
-6665
-18921
-32271
-42823
-50822
-56721
-56646
-55843
-50239
-41490
-30213
-17841
-5605
7156
21085
31682
39409
43517
45119
42355
38075
30409
20106
8302
-5003
-18992
-31799
-42078
-51437
-56291
-58694
-56656
-51491
-43220
-32539
-19580
-6679
6808
19625
30620
39681
45278
46170
44905
40025
30899
20853
9826
-4693
-18747
-31648
-43992
-53442
-58584
-60488
-58472
-52100
-43400
-32686
-18693
-5125
9073
20724
33036
39047
44211
45504
44744
39192
30835
20951
8732
-4033
-17582
-29624
-41293
-50708
-55432
-57180
-55770
-51849
-44541
-34403
-22641
-9986
2642
14285
25031
33259
38687
40424
38159
33197
24891
14415
1030
-12878
-26639
-39923
-52543
-60947
-66155
-67839
-65640
-59908
-52325
-41833
-30135
-15560
-1580
10822
23354
32076
37668
40077
37752
32738
25357
13264
1329
-13685
-26112
-39599
-51371
-60412
-65747
-68245
-65337
-60329
-52579
-41612
-29413
-16406
-2366
10015
20739
28702
35356
38360
36209
32200
24848
13800
2029
-11249
-25371
-38017
-50092
-59616
-64454
-65530
-62827
-57222
-49548
-38303
-24442
-11263
2956
16101
28536
36535
41132
43417
41184
35847
27127
17201
5827
-8580
-21793
-32993
-43908
-51396
-54777
-55738
-52862
-47369
-38485
-28470
-16287
-3957
9456
21964
32470
39429
44436
44455
43576
37906
30558
20689
8771
-4866
-18669
-30980
-41820
-50982
-56324
-58710
-56841
-52295
-44314
-33282
-21832
-9191
4652
17191
28723
37014
41674
44094
41637
37212
27914
17522
4675
-8204
-22302
-35454
-46643
-55208
-60422
-61699
-58995
-54301
-46318
-35958
-23575
-11486
1617
13633
23926
32145
36461
37526
35289
30665
21634
10621
-2301
-15298
-27814
-41255
-52149
-58766
-64331
-65236
-62257
-56398
-47948
-36738
-22775
-10023
3149
16758
28085
37343
42891
44246
42291
37543
30304
19233
7209
-6196
-20711
-33810
-45309
-54057
-59206
-61078
-59180
-52945
-44532
-34350
-21481
-8287
6345
18079
28400
37104
42075
43641
41394
36737
27683
18377
6849
-6767
-19510
-31724
-43053
-50671
-54677
-55956
-53811
-48804
-40763
-30628
-16065
-3747
10609
22838
34475
42450
47967
48957
46422
39708
30477
19100
8472
-6504
-19460
-31194
-42066
-49208
-53175
-54405
-51729
-45280
-37169
-25377
-12487
1443
15128
26690
37757
45884
50193
51188
48350
41850
35357
24537
11914
-1144
-14929
-27570
-39671
-47810
-52850
-55832
-54534
-48938
-41213
-29034
-16063
-1950
11210
22934
33115
41112
46417
46032
43514
37899
29668
18184
5423
-8128
-21037
-33239
-43198
-50966
-55600
-55985
-53918
-48422
-40151
-31104
-17249
-4101
8583
20576
31567
39436
43891
45146
43454
37235
29982
19494
6970
-6389
-18955
-31823
-42590
-51471
-56953
-58164
-56066
-50592
-42783
-31768
-18742
-5104
8375
19814
31512
39212
44223
46232
44667
39812
32096
21047
9586
-3188
-16314
-28758
-40046
-47372
-52125
-52792
-49945
-43787
-34580
-23204
-11157
3571
17708
31333
40640
49594
53876
55554
53406
48496
40702
30068
17607
5161
-8468
-21519
-31620
-40305
-44916
-46647
-46207
-40731
-31957
-20360
-7421
6454
20020
32052
42515
51762
56571
58116
56158
50160
43049
31338
18864
4888
-8379
-20485
-31219
-39164
-43124
-44181
-41268
-35141
-25766
-14225
-1953
12570
26161
39562
49827
57212
61430
63758
61542
57284
49516
40065
28770
16282
2496
-9085
-19794
-29297
-34037
-34979
-32973
-27230
-19116
-7132
6391
19820
33969
46962
56249
62758
66532
67486
65306
60100
51488
40587
27561
14336
788
-11519
-22134
-32051
-34965
-35845
-32678
-27133
-18062
-7695
6422
19483
33171
45312
55378
63135
68899
69087
66618
61418
53485
41813
29653
15251
2625
-10209
-20023
-27330
-30785
-30908
-28801
-22466
-14474
-1876
11078
25146
37135
49641
59986
67454
72506
73933
70259
65038
55682
44595
32468
18826
4494
-7667
-17647
-26415
-31144
-32247
-29715
-24026
-16565
-5558
7517
20358
34145
46257
55581
63791
69417
70163
68840
62376
54464
44293
31156
16666
2942
-11027
-22612
-31656
-36080
-38888
-36236
-30871
-24139
-12328
747
12980
25734
36680
46454
53074
56918
57049
53650
48056
38443
28729
16145
2675
-11107
-23831
-35592
-43579
-48109
-49301
-47179
-40893
-31786
-20960
-7897
5776
18685
30664
41382
48477
53105
53573
52574
47524
39197
29483
16662
2927
-10225
-23938
-35295
-43831
-48817
-49449
-46642
-40281
-31150
-20068
-7539
7108
20534
32455
43575
51361
56475
57050
55058
48887
41150
30004
16673
1894
-10148
-22785
-33868
-42130
-45506
-46031
-43287
-36638
-27332
-16624
-2619
11445
24595
36335
47087
54985
59553
60064
57695
52285
43856
34124
21501
7739
-5359
-17801
-29342
-36522
-41701
-40702
-38740
-32785
-24066
-13744
-754
12767
26078
37303
47306
54237
57976
57680
55749
50183
41789
30182
16611
3970
-10319
-24230
-34173
-43322
-47560
-47769
-46139
-40917
-30649
-18423
-5346
9459
23976
35959
47871
56059
60413
60897
58566
54088
45419
34555
22212
8890
-4590
-15660
-26917
-34841
-39069
-39750
-36161
-31402
-23691
-11760
1591
16186
29135
41168
51410
59177
63647
64631
60970
55746
46401
35513
23056
9488
-3879
-16106
-25799
-35103
-38759
-39319
-37167
-32566
-24158
-13153
-1774
11804
25190
35844
45743
54149
58773
59297
55540
50448
43088
31954
19618
6029
-7337
-19870
-29313
-37806
-41246
-40633
-38502
-32725
-24022
-12971
638
13097
26772
37537
46419
53119
56312
56824
56109
50039
42850
31094
19276
6153
-9324
-21190
-32800
-41691
-47517
-47877
-45987
-39904
-32099
-20840
-7704
6145
19717
30349
41324
49267
53607
55122
52608
46395
37956
28248
15843
2167
-11177
-24240
-35971
-43908
-48253
-49765
-47517
-41800
-34327
-23487
-9261
4485
17553
29269
38887
46537
51072
52275
50826
44440
37018
26482
14784
1198
-11916
-24368
-35789
-43536
-47900
-48612
-45105
-40131
-31580
-18917
-5997
7576
20665
32773
44216
50873
55725
56874
56018
50334
41918
30940
16831
3774
-9554
-21936
-34468
-43143
-47106
-47759
-45111
-39653
-32142
-21228
-8438
5756
18641
32554
41851
49514
53146
53979
51267
45243
35671
24115
11237
-2309
-15982
-28055
-38344
-45998
-49489
-50478
-47509
-40138
-31093
-19972
-6348
7105
20188
33124
86484
50250
54378
53062
50787
44775
36252
23318
11065
-2705
-14908
-27335
-37862
-44700
-48255
-48868
-44822
-38961
-30196
-17468
-4324
9722
23279
34663
45513
52375
56944
56561
53643
46606
38274
26048
13159
-672
-13333
-26285
-36661
-44102
-47661
-47635
-45092
-37788
-29119
-18262
-5718
7485
19774
31599
40218
47741
51358
51858
49211
42899
35083
23724
10196
-3347
-16255
-28279
-40437
-48245
-52948
-54303
-51582
-45871
-37314
-26824
-13485
-62
12628
24545
34847
42009
45879
44798
42853
36481
27542
16010
2147
-11841
-25330
-38409
-48299
-55770
-59503
-58814
-55864
-48758
-39015
-27371
-15063
-712
12984
24706
35830
43039
46245
46432
44027
38664
29483
19846
6051
-6633
-19986
-32078
-42292
-50427
-54666
-54684
-51595
-45455
-35974
-24029
-10803
2101
15661
26986
36785
44052
47646
48551
44640
37881
29592
18370
4304
-10121
-24012
-35858
-46431
-53773
-57298
-58020
-54191
-47350
-37800
-26066
-13195
558
13298
24613
34530
42245
44477
44086
39212
33550
24913
12412
-91
-14029
-28177
-38904
-48880
-56710
-59609
-60009
-57300
-50296
-40477
-29286
-15856
-2221
11753
24463
35223
42351
45785
46604
43988
39420
31205
20295
7183
-5708
-19074
-30266
-41074
-47167
-50662
-51271
-48928
-41820
-33237
-22092
-9854
4285
16704
28069
38306
45941
49297
49961
47414
40141
32239
21588
8032
-5864
-19344
-32431
-42776
-49627
-52828
-53017
-49340
-43606
-34100
-22431
-9267
4163
17808
29254
39210
46226
49391
