-7220
-7690
-773
421
6266
3380
3337
3988
4080
5171
5446
4298
3400
1393
271
-977
-1798
-3063
-3997
-4953
-6735
-6752
-6832
-4864
-3735
-1499
338
1411
3957
6383
7708
8872
10102
10336
9368
9383
8917
8604
8398
7096
5025
3612
3272
2500
3674
3393
4721
6786
8434
10132
11103
12172
14537
16581
17254
17235
19134
19259
20219
19148
17468
16194
15348
13660
12141
10286
8376
8248
8697
9070
8231
8710
10493
11194
13713
13689
14108
15310
16530
17185
16960
17213
18981
18019
16639
16545
15219
14253
12959
28720
15351
15422
15425
16152
15484
15059
14022
13613
12094
9849
8637
6481
5580
3953
3588
3715
2889
4760
6247
7814
9640
9711
11055
12801
14480
14950
14855
13630
13977
12262
9409
8101
7293
5421
2922
1067
-985
-1149
-990
-1193
-950
-314
2026
3885
5607
6802
8034
10566
11572
12199
12024
12933
12352
11160
11005
9739
8276
5935
3377
2500
1516
1923
1449
1282
2163
2774
5580
6164
7306
8320
9946
10816
12594
14788
15411
16822
16071
15858
14061
11722
10758
9613
7201
6502
6199
5210
6334
6432
6683
7248
8315
9328
11233
13990
16449
17217
18983
20242
20209
19270
19025
19659
18937
15922
13268
12316
9118
7254
6482
5586
5984
5420
5000
6158
7086
8797
9268
10394
10790
11085
13566
14204
13626
13730
13278
12552
10094
7968
7972
6444
4524
4567
3875
3643
5311
5848
6390
6901
7070
7866
8890
10857
10444
12223
11884
12482
12100
12628
12207
11225
9683
8695
7183
5740
4378
2218
1332
684
-755
-1364
-2526
-1888
-692
-144
2005
3312
4882
6296
8741
9557
9565
9491
10290
10743
8480
7068
6445
4671
2767
-23
-233
-826
-1415
-1638
-1426
-1586
-1840
-2124
-1036
-1185
-834
140
1447
3444
4853
5093
4213
4285
4090
2565
529
-2395
-4716
-6570
-7957
-8573
-10229
-10708
-10725
-10311
-7697
-5222
-3664
-1946
188
1527
2124
4134
5510
7399
6637
6392
5596
5364
4904
2576
1228
-1261
-2989
-4189
-4603
-3694
-3057
-2028
-324
-182
872
2260
3389
3485
5270
7441
8451
8066
7528
7394
6041
3482
881
-2041
-4075
-7394
-8833
-9193
-8511
-8630
-8261
-6878
-6378
-5237
-4235
-2306
-1382
-80
364
-220
-437
-566
-1162
-2245
-3430
-4551
-6207
-7929
-9680
-11691
-12332
-13301
-13874
-14770
-14499
-12413
-11995
-11158
-10127
-8653
-6532
-5376
-4731
-4137
-2257
-1992
-1519
-2121
-3650
-5119
-5949
-7613
-9590
-11098
-12633
-14880
-15003
-16395
-15482
-13600
-10802
-9797
-8266
-5797
-4012
-2546
-341
79
1133
1060
192
-34
-2100
-4084
-4935
-6401
-7966
-9211
-9864
-9997
-11561
-11164
-10940
-11214
-10040
-8296
-7883
-6164
-4576
-2308
-2210
-909
-870
-1156
-1234
-1737
-2045
-3609
-5172
-6355
-6613
-7484
-8303
-9526
-9824
-8227
-7982
-6641
-5104
-4103
-1865
151
1769
2944
4319
5316
6437
7191
7546
6325
5319
5027
3491
2665
1452
176
-1780
-3228
-2719
-2536
-2824
-3467
-2836
-170
309
432
525
1503
1956
1826
966
845
1088
-185
-2171
-1995
-3076
-4857
-6313
-8531
-9476
-10094
-11285
-12149
-11568
-10126
-8362
-7315
-6332
-4267
-2283
317
1838
1933
2107
3547
4468
3473
2566
558
-1317
-3522
-5306
-7483
-8591
-9795
-11205
-11675
-10450
-7883
-6466
-5388
-4873
-2416
-100
1370
2128
2550
4273
4583
4586
4407
4898
4360
3692
2128
1520
1779
-109
673
2078
2434
2642
3499
5052
8172
9066
10561
11904
12610
13421
13874
13225
14048
13207
11983
10485
8923
6971
4053
2545
3160
2146
3728
4986
6981
7444
9124
10100
10583
10587
11346
10355
9630
7755
6664
4877
3210
2035
2130
2642
2738
2787
2725
5372
6400
6260
6990
7437
9442
10311
10286
12084
13337
12970
12819
12779
10277
8476
7706
5822
3229
1419
-612
-1084
-1645
-1313
-351
651
1019
2491
4504
6289
7250
8841
10533
12206
12496
12017
11214
10523
8820
7377
4369
2771
1368
-1253
-2678
-2453
-1821
-1531
-1541
-809
413
939
2888
4100
5922
7172
8882
9324
8958
9782
10423
7556
5922
3230
1177
-488
-2504
-4747
-6517
-7841
-6302
-6466
-5571
-5361
-2996
-1150
1608
1973
2561
3932
4863
5955
5017
4663
4249
2258
-596
-2593
-3352
-4508
-7271
-8245
-8838
-7841
-6126
-5766
-4864
-4010
-2969
-905
12
352
2472
3986
6247
7112
7960
9397
9326
8375
6935
5428
4597
2171
650
-1007
-2810
-4956
-4700
-5403
-4834
-3886
-3290
-3078
-1471
109
1519
2554
1583
2626
1977
1156
898
317
-654
-2487
-3606
-5712
-7501
-9522
-10621
-11059
-11726
-11331
-9817
-8896
-7133
-6145
-4894
-3878
-3070
-1630
-2356
-2396
-2167
-440
-1006
-1575
-2597
-3274
-4838
-7081
-9400
-10596
-11857
-11089
-11169
-10110
-9167
-8506
-6507
-5027
-4310
-4191
-4339
-3462
-2431
-1983
-960
-969
-1810
-2499
-2062
-3869
-5850
-8275
-9454
-11092
-12520
-13217
-12501
-12496
-12088
-11756
-9784
-8018
-5741
-4915
-3473
-2124
-816
-13
-1716
-1325
-558
-2061
-4045
-5881
-6244
-6044
-7823
-10004
-11435
-9984
-10024
-8396
-7346
-5320
-2806
-1490
-456
482
1931
3619
5118
5391
6287
8103
8298
8121
7493
7817
6274
5995
3877
2600
1451
1524
870
1033
11
715
1570
2468
4303
4981
5678
6005
6741
6710
5919
5445
4336
2879
2711
1360
-623
-1532
-3462
-5652
-6041
-5969
-6273
-6416
-5405
-4598
-2469
-963
-1022
1689
2582
3178
3404
4871
6548
6749
7748
6578
6294
5153
3990
1357
-178
-1843
-2662
-1785
-3702
-3246
-3683
-4023
-3250
-1390
266
1224
1469
3156
4351
5749
4801
3821
3356
3423
2308
2016
365
-1406
-2458
-2464
-2517
-2517
-3020
-2868
-3311
-2355
-1019
-1037
788
2494
3713
4971
6453
9083
9528
9431
8228
7388
6296
4525
1944
-208
-2895
-5526
-5970
-7571
-8311
-7676
-6732
-6324
-5791
-5376
-3952
-3319
-2042
-1521
-652
-662
-1852
-2843
-3240
-4504
-6070
-7616
-9253
-11084
-12680
-14459
-15364
-15260
-15976
-16583
-16142
-14568
-13589
-11676
-9938
-7003
-5060
-3381
-2645
-1159
-274
-257
-1058
-2825
-4349
-5158
-6643
-8490
-11527
-14110
-15805
-17006
-18441
-19048
-18731
-16494
-15810
-15042
-13890
-12683
-9528
-8100
-8473
-7998
-7605
-8036
-7473
-9883
-10755
-10952
-11429
-13514
-14955
-16048
-16084
-16698
-17229
-17077
-17363
-15469
-13372
-12586
-9617
-7151
-5885
-6052
-6305
-6094
-5761
-5922
-6167
-7394
-8156
-20282
-12593
-13810
-15029
-14494
-15607
-15698
-16943
-16906
-17219
-16172
-15138
-15484
-16044
-12480
-11255
-9499
-8710
-8353
-7335
-6154
-5027
-5797
-6903
-7808
-8939
-10082
-11699
-29352
-15382
-16376
-16802
-16728
-17154
-15201
-13600
-12313
-11421
-8327
-6195
-5361
-2963
-906
-1628
-3394
-3918
-4774
-5293
-5644
-7283
-8161
-10019
-11887
-11795
-11406
-11243
-11650
-11335
-9555
-9516
-7524
-3739
-1388
585
1053
2566
2698
4278
4661
4801
4580
4281
2360
1794
382
-1007
-1360
-1602
-1459
-2187
-511
466
1477
2939
4723
5588
6081
5673
7206
7762
7462
7033
5405
3370
1231
-1567
-3560
-5454
-7661
-8655
-10788
-12484
-12250
-12673
-14102
-14812
-13276
-13877
-13174
-11811
-10572
-9343
-7995
-5579
-3521
-3326
-3815
-4812
-6779
-6755
-8143
-11247
-12683
-12612
-15268
-15097
-15519
-15421
-15602
-14982
-15184
-14735
-13241
-11907
-10817
-10322
-9298
-6177
-6257
-5898
-5743
-6221
-7831
-7940
-9579
-10776
-13370
-14885
-16190
-16568
-17040
-17247
-16730
-16182
-14924
-15575
-14243
-13690
-12097
-11626
-10968
-10233
-8938
-8647
-9539
-9557
-10594
-12995
-15479
-18008
-18155
-19576
-21548
-21747
-20468
-19903
-20854
-20559
-17021
-14433
-13045
-11619
-8159
-7286
-6422
-5057
-5506
-6620
-5829
-7350
-7856
-10157
-12211
-12865
-15560
-15668
-15792
-16967
-17387
-15425
-15350
-14657
-13290
-10569
-8212
-6193
-4860
-2752
-321
2098
1133
2287
1532
634
-232
-1652
-1724
-2655
-4780
-5839
-7150
-6739
-7639
-8620
-9303
-8752
-6812
-5728
-3823
-3013
-738
1548
2445
2475
4101
4256
3596
2912
1044
33
-1808
-2816
-4139
-4602
-7024
-8498
-9778
-9668
-7955
-7642
-7867
-6753
-3494
-1306
89
1915
4086
4259
3745
2633
2268
306
-895
-2983
-5500
-6197
-7851
-10195
-12829
-11954
-13677
-13854
-13675
-13260
-12540
-10691
-9733
-8623
-6075
-4177
-3435
-2397
-2255
-1994
-4050
-6226
-8634
-10135
-12233
-13680
-15122
-16280
-16723
-15589
-16348
-16718
-15449
-14809
-15162
-13682
-11052
-10025
-8113
-5703
-4363
-3472
-2986
-1757
-2665
-4158
-6077
-8766
-9192
-10396
-11533
-13041
-14743
-15117
-14161
-14580
-13711
-13092
-11199
-9178
-8218
-8046
-5883
-3404
-2075
-2140
-1081
212
-250
-1432
-3149
-3691
-6339
-9442
-9935
-10839
-13055
-12682
-12506
-13279
-13440
-10815
-11112
-8722
-7178
-6337
-4454
-1750
987
2108
2038
2641
4115
3027
2612
1255
-426
-1895
-3484
-4323
-5253
-4793
-5893
-5363
-4882
-4501
-2995
-2520
-619
1355
2597
1661
2666
2320
3191
3358
2791
1497
1224
234
-1817
-4251
-4970
-6210
-9042
-10417
-9701
-9900
-10073
-9880
-9351
-8805
-7152
-5900
-5673
-4316
-4486
-2997
-4273
-5263
-5684
-5266
-5897
-8539
-10266
-11229
-12920
-13396
-13490
-13803
-13694
-12889
-11232
-8863
-8267
-7309
-6005
-6058
-2901
-1206
-1109
-349
490
649
1112
-595
-1725
-2617
-3396
-2950
-5574
-7283
-7917
-6796
-6196
-4989
-3608
-2974
-2237
-1145
-148
1133
2036
3093
5063
7978
8988
8434
9053
8038
6562
4880
1311
265
-1090
-3003
-3790
-3562
-4163
-3207
-2983
-2212
-775
675
1742
4177
6175
8340
8462
7463
8665
7935
7175
6030
5452
4795
3895
3512
1997
963
1461
310
-652
-90
628
1892
3111
4049
4801
6438
8211
8392
9768
10289
9684
9669
9804
8046
6504
4909
1860
-896
-2246
-4874
-6268
-7142
-7203
-4726
-3332
-1856
-190
2615
3562
4572
5828
6182
6819
6957
7238
6490
6402
6015
4710
3308
1748
1287
845
549
-1260
-2568
-2827
-1497
-2585
-1690
2092
2752
3416
5886
7744
9696
11430
12218
12022
11889
11849
10571
8153
6482
5189
2903
1239
770
395
-178
52
2002
1345
2219
2938
2886
3087
4700
5158
6007
7130
7982
7718
7670
6953
6256
4406
4753
3013
1985
2184
1576
750
-281
-16
524
3304
4442
6636
8233
10916
14264
15526
15148
15145
16515
15802
15695
13555
13277
11689
9189
6778
3925
3506
1181
504
-455
-481
387
3790
7364
8866
10603
11450
13566
15347
17337
18077
19531
21026
19148
19220
18458
17959
15913
14149
11781
11638
10968
11200
11071
11883
13053
13372
15003
16473
18706
19528
20930
22138
22441
23352
24109
24017
23160
23856
22892
21456
20521
18658
18063
16265
15501
15402
14465
13561
13842
14432
14686
15831
16861
18164
18079
19436
20091
20718
20545
19938
17451
16594
17506
16096
13859
12714
12179
12014
10796
9957
8670
9476
9998
11922
12304
12704
13089
15076
16675
17766
19763
19149
20036
19069
17722
17127
16278
14828
14623
13204
10770
9067
8763
8672
8373
6814
7032
9638
11845
12394
13195
16372
17709
19235
19731
18698
19086
19509
19503
18174
15703
14484
13610
12094
9837
8201
8128
7605
7146
7149
7641
9579
10173
10976
11884
12349
12810
13722
13367
14668
14937
14369
13504
12728
11219
9832
7540
4990
3769
3172
2615
1105
754
-297
1716
3169
2253
3637
4940
7739
8666
9457
9099
8679
9807
10799
10761
8523
6483
6006
4358
3614
2241
637
390
713
1802
2436
3770
5822
6893
8767
10069
11894
13783
13782
14853
15730
16995
18151
18411
19292
18647
17750
16922
15833
15172
14185
13854
12327
13193
14084
13030
14759
16841
17856
19291
21404
23368
24760
25666
26793
27180
26176
26232
25593
23435
21059
19132
16499
15283
13418
10747
10193
8829
8738
9355
10143
10065
10257
11142
10459
11045
11211
12781
12702
12280
11450
12346
11450
9510
8570
7288
5224
3944
3212
1713
2199
2075
2499
3545
6061
7398
8563
10223
11571
12017
13539
12384
12469
13880
13708
12427
10548
10771
9248
6432
3887
2769
1806
-56
-2118
-3010
-4212
-2599
-1577
813
1232
2496
3686
3739
4387
6389
7486
7371
6966
5945
5816
6010
5586
4277
2584
937
-533
-1160
-1005
-722
-858
-716
831
1948
2059
4092
3554
4818
6007
6757
7966
8936
10736
7744
5268
4442
4015
2494
944
-666
-2473
-2446
-1839
-887
-149
1047
1806
3389
4705
5827
6379
7125
7030
7110
8036
8863
8002
7523
6692
5584
4054
2097
-543
-3819
-6067
-8216
-9051
-9374
-10608
-9568
-8669
-7257
-6756
-6083
-3411
-962
171
910
2173
2896
2668
1836
1058
-23
-1748
-3398
-5078
-6976
-7377
-8533
-6849
-7115
-6004
-6256
-5168
-3853
-1668
-1191
494
2530
3769
4050
4860
5277
5085
4129
3128
1271
-1658
-1968
-3373
-4783
-7468
-8487
-8765
-9141
-8590
-7824
-7509
-6345
-4916
-4155
-2639
-2712
-1765
-1314
-1233
-445
-854
-533
109
-1742
-2045
-4081
-5628
-6568
-6190
-7189
-7101
-5724
-3284
-2579
-3070
-1689
-780
2694
4825
5203
5316
7416
8619
9276
9054
9717
8683
7061
6501
5512
4002
2917
2868
2175
1656
894
1534
2987
4566
6386
7392
9012
11338
12439
13469
14297
16630
17471
16355
16494
16623
16321
15832
13478
11366
9568
9164
9640
8081
6901
8397
9890
13237
14801
16513
17721
18760
19799
20871
19843
19903
20567
19540
17164
16052
15001
11849
9790
8512
5685
3948
3563
4102
3718
3103
4431
6292
7088
8166
9749
9483
11620
12993
13816
14434
15300
14091
13580
12934
10517
7761
6249
4401
3951
1959
1436
1454
1419
651
924
1637
3688
3546
5051
6131
7185
7915
7613
8046
8683
7927
7324
7407
7706
8158
4486
2727
1965
-128
-940
-2310
-3940
-3952
-1655
-676
1260
1710
3996
5707
5975
5889
6379
7287
6641
6163
3829
2628
2123
140
-3188
-5186
-6716
-7912
-9227
-10502
-10896
-10283
-8774
-8242
-6846
-4932
-3496
-1928
-1882
-1933
-2063
-2289
-1619
-1808
-3871
-6584
-6559
-6106
-7734
-11308
-11951
-12278
-14545
-15613
-14895
-14363
-13289
-13535
-11557
-9974
-8752
-6718
-6654
-6057
-5721
-4914
-5706
-6316
-8303
-9922
-10297
-12148
-13270
-13920
-14794
-13695
-14977
-15812
-15548
-13608
-11810
-11379
-11021
-9275
-6704
-5236
-3687
-2783
-2564
-1565
-2718
-4572
-4889
-4685
-5460
-8768
-11350
-12116
-11960
-12220
-12607
-12684
-13638
-12514
-9305
-7574
-7467
-4603
-3120
-3012
-265
1175
1785
2427
1189
-427
268
-312
-2429
-3626
-4838
-6935
-8085
-8759
-8731
-9079
-9944
-8345
-6891
-5514
-3374
-576
330
844
719
1555
1368
914
212
664
19
217
-367
-1435
-708
-345
-460
-751
-1575
-1781
-1137
-1266
-260
1695
3166
3634
6087
7018
9184
8090
8502
6479
6140
4045
2771
988
478
-1360
-2410
-4792
-5992
-6674
-6415
-6236
-6016
-5728
-4691
-3189
-2331
-3252
724
1270
1168
1025
1006
1623
1525
2203
2112
1105
668
971
993
448
-1389
-2166
-2434
-1588
-1082
-561
161
697
2144
3625
4855
6715
7605
8319
7561
7402
8317
7070
6640
4013
3322
1735
185
1191
-665
-2548
-3787
-5616
-6812
-6369
-6907
-6439
-6184
-4917
-1260
-660
762
380
277
284
-1060
-4137
-6288
-7620
-8943
-11290
-13384
-16171
-18151
-19364
-20978
-21612
-21651
-21156
-20916
-18375
-17341
-15744
-14261
-13195
-11821
-11953
-12039
-11725
-11147
-10802
-12959
-13199
-14501
-15614
-16927
-17470
-16641
-17222
-16987
-16565
-17222
-16222
-14885
-13810
-10247
-8723
-6291
-3693
-2591
-1548
-1910
-1366
-521
-1616
-4394
-6008
-5243
-6407
-9746
-12684
-13767
-15168
-16414
-17784
-18278
-17740
-16880
-17335
-15372
-14714
-13055
-11039
-10572
-10044
-9094
-10069
-8253
-8737
-9548
-11326
-10809
-10095
-11098
-11977
-12064
-12470
-11319
-11096
-12238
-12124
-10703
-9665
-8975
-8365
-6611
-3984
-3352
-1482
777
229
400
593
-156
-2660
-2976
-4577
-6016
-6245
-15796
-8942
-10047
-10873
-11282
-11082
-10478
-9540
-7995
-5371
-4321
-2067
36
2128
3834
4299
4256
4304
1952
-53
-1704
-2862
-4269
-6332
-8212
-7531
-7454
-7508
-5485
-3147
-1573
-794
127
935
3354
4398
3818
4148
4833
5180
5345
4557
2774
367
95
498
-726
-4559
-6122
-4242
-3127
-3421
-3204
-2878
-3949
-4125
-2972
-1660
-787
478
1031
2462
3531
5360
7390
7325
5658
4327
2855
-1557
-4488
-5199
-8351
-9788
-10514
-9721
-8013
-7252
-5410
-1018
131
482
1892
4376
5383
4024
2835
2580
1754
-42
-2208
-3371
-4811
-6258
-8703
-10061
-9954
-11442
-11665
-13185
-12347
-9426
-9305
-9824
-7345
-4547
-2449
-2346
935
2344
859
493
2763
2677
386
-571
-1447
-2044
-4306
-5918
-7369
-7560
-9178
-11517
-11478
-8205
-6988
-8902
-9541
-6537
-4009
-4109
-4606
-4298
-3805
-2901
-2344
-1506
-1552
-1521
-3181
-5315
-6111
-8187
-8334
-8458
-7735
-6872
-7280
-5299
-2735
-2272
-1326
-434
258
506
1435
2306
3284
4471
5204
4349
2471
1345
294
-1787
-5782
-9258
-10232
-10805
-11907
-12210
-11701
-12383
-12105
-10288
-8627
-6903
-5947
-6710
-5493
-3950
-5470
-5574
-7011
-7350
-9063
-10730
-11952
-12576
-14138
-15692
-16065
-17219
-18903
-18668
-18726
-17443
-16971
-15625
-13815
-13225
-11235
-10222
-9041
-8666
-8954
-8146
-6773
-6030
-8017
-8867
-8340
-9995
-11078
-13123
-13810
-15017
-13508
-13896
-13720
-12614
-12470
-11615
-11192
-10988
-8791
-7118
-6522
-7055
-6375
-6787
-5953
-4542
-7189
-6677
-7190
-6792
-8035
-9538
-9237
-8459
-9965
-11767
-13156
-13491
-12793
-11614
-10724
-11342
-9944
-8058
-7799
-7634
-8100
-6849
-6547
-7497
-7646
-8702
-9259
-8739
-8601
-8889
-11304
-8983
-7997
-10015
-9258
-8133
-5897
-4512
-4258
-4342
-2694
-113
3043
2816
3027
3655
5095
4396
3874
3486
2156
275
815
154
-1767
-2994
-2112
-588
728
1339
342
2049
5179
5920
5577
6120
7336
7253
5927
6564
7408
5399
3583
2629
1009
-960
-3900
-4868
-7773
-8282
-9300
-10423
-9649
-7808
-6562
-4410
-4986
-1900
-368
2330
4481
5103
5977
6590
7161
6411
4430
3070
1628
-329
-2951
-3873
-6071
-7623
-7522
-6513
-6000
-5882
-4160
-2674
-1832
-1362
1233
2396
1878
559
-785
714
30
-267
-1271
-3136
-4363
-5233
-4988
-6174
-7453
-9592
-9864
-9694
-9410
-9906
-8493
-7228
-6819
-5357
-4232
-4145
-3367
-4321
-3259
-2017
-3001
-4848
-4969
-5437
-5769
-6479
-8884
-9955
-11012
-10965
-12099
-12377
-12517
-10978
-9885
-7502
-5876
-3174
-2259
124
1354
23
-728
-133
682
217
-1687
-3819
-5631
-6488
-7559
-8876
-9334
-9985
-10172
-8545
-7604
-6380
-5332
-4863
-2517
-1438
1033
2311
2684
1783
3297
3223
4141
3088
2642
267
-857
-1755
-3319
-3885
-5437
-7275
-6908
-5170
-4774
-5678
-4961
-2783
-1994
-2161
70
2649
3247
3062
2634
4291
5639
3639
2761
2272
1090
454
671
984
-1488
-1968
-2220
-2573
-1755
-2430
-1374
-83
613
1085
2717
5015
6071
6819
6802
6168
6569
4727
5617
4001
2453
1516
841
-1129
-3938
-5798
-4646
-3796
-2660
-971
-902
-827
-145
474
3902
4677
2734
3708
5932
6230
5807
5898
5480
5638
4877
4235
2261
221
-457
334
981
664
1433
2896
3995
4617
4724
6286
9166
11665
13896
14736
15381
15702
16609
16256
15130
12976
10157
8743
8348
5204
3797
4451
4830
4370
4945
6014
6495
8356
9632
9764
11040
13208
14916
16371
16452
15702
16442
14425
12757
11378
10593
8204
5909
4016
2811
3315
2286
2477
3091
5710
7845
8646
11855
12513
13148
15203
14639
14578
15672
17157
16275
15550
14969
15060
14617
13708
12608
11902
10843
10273
10759
10971
11755
11644
11354
13036
14726
14453
13281
14388
15891
14193
13626
15213
14924
13527
11082
9752
9442
7609
5403
3153
1245
-25
504
-702
-1080
412
833
2035
5578
6751
8810
11367
13349
14211
15985
18487
20304
19116
18792
17749
15248
12928
10716
9541
7921
5877
4371
4441
5441
5352
6598
6208
6993
9965
10453
10532
10309
10077
9167
10419
10670
8718
6866
7613
6179
1851
226
776
-307
-2091
-2265
-837
190
-65
1986
6235
7753
7735
9427
10854
11534
11661
13103
14326
13656
12099
13076
12327
11768
11856
8855
8396
7974
6873
6650
4528
4758
5296
6258
6840
7530
8372
8400
9276
11898
11695
12541
12654
12534
12630
11959
11940
10838
9659
8316
8224
6621
6077
5370
5209
4865
5464
7032
8719
9830
11216
11964
13811
14880
16146
14357
14757
16101
14343
13172
12719
12529
11149
8723
8496
6678
4506
2744
4004
4448
4221
3295
2925
3690
4114
5780
7748
8837
10574
12266
13595
14482
13724
11971
9269
8720
7247
4630
3324
2051
-221
-577
256
454
-294
-37
760
2318
3525
6619
6650
6918
8725
8923
7823
6723
7691
6802
4504
4475
3593
2382
1076
-1658
-1206
-4064
-4661
-5017
-2797
-2313
-1358
828
2159
3742
3922
4942
7980
8051
7657
6944
6743
5609
4571
4132
3461
-988
-3166
-2576
-3255
-5040
-5124
-4525
-3139
-3126
-2911
-2656
-2025
-669
2533
2595
1234
1332
2838
3855
3296
1418
-1522
-2345
-4002
-5817
-6254
-7742
-9881
-9986
-9641
-8006
-9102
-9502
-9386
-7331
-6627
-5111
-4865
-4239
-3875
-4309
-3659
-2277
-3530
-3762
-5109
-6745
-7120
-8910
-8817
-10409
-12506
-13716
-13038
-10579
-9548
-8500
-6370
-6843
-7590
-6245
-3949
-3234
-2437
-1872
-1710
-2538
-4595
-6914
-7025
-9270
-11030
-13462
-14297
-16220
-15166
-15321
-15075
-13979
-12999
-14645
-15579
-12687
-11355
-10212
-10734
-8935
-8278
-8228
-8009
-7430
-8592
-8042
-8517
-9262
-11452
-14017
-14697
-14643
-15724
-16351
-16393
-15668
-14301
-12382
-11502
-10126
-7920
-6812
-5360
-4675
-3899
-2089
-1881
-759
-2042
-2898
-3593
-5682
-7404
-9576
-11980
-14219
-13826
-15113
-14302
-13889
-13319
-11408
-11395
-8527
-6691
-5715
-3758
-3077
-1314
-1312
-323
781
1119
662
-20
-581
-2769
-3834
-3301
-2547
-4061
-5541
-4425
-1906
-493
229
597
2683
3976
5286
6006
6360
7297
7979
7486
5572
3122
2796
706
-187
-1847
-4314
-5142
-14064
-7837
-6987
-6543
-7315
-5409
-4401
-2452
-195
3362
4025
4043
6151
8538
8873
9044
8950
8050
5550
4379
5084
3544
923
-1602
-2332
-1334
-890
-1682
-2445
-2148
-1716
-1355
-1226
-1102
1394
4400
4264
4478
5016
5520
4459
3410
1929
522
-335
-2269
-6077
-7085
-6935
-8402
-10175
-10904
-11654
-9421
-8814
-7331
-7782
-6610
-4133
-1657
-1398
418
2698
2032
2012
1562
-112
-1053
-3578
-6275
-8903
-9322
-10347
-11929
-15540
-15840
-15645
-15717
-16440
-16385
-13949
-12101
-11338
-8982
-8782
-8497
-7688
-6333
-6399
-8392
-8974
-10876
-10544
-11692
-13449
-14146
-14650
-14907
-14985
-15423
-14959
-13417
-13077
-12167
-10714
-10063
-8641
-9301
-9472
-6683
-4865
-5362
-5348
-4926
-4504
-4866
-5178
-6482
-9660
-11792
-12875
-13749
-14249
-13717
-13238
-12775
-11392
-8680
-6152
-4559
-3269
-740
2270
2950
2909
3095
4230
4256
3341
2005
2688
1951
-679
-2181
-1576
267
-112
532
1282
2549
2974
4727
6783
9280
10798
12255
13780
16138
18513
18078
20931
21125
20029
18191
17852
16419
15691
14428
12527
11101
12514
12386
12928
13726
15080
16211
17768
18995
22311
21614
20853
21765
23600
23243
22575
19953
18674
16559
14277
14954
13047
10515
8366
8826
7082
5621
6171
8935
9917
11466
11222
14967
17951
21157
22023
22687
22631
23799
23649
22974
22446
20689
19104
17015
14981
13364
10672
8793
8000
5827
5503
6009
8093
8971
8762
9424
10899
11088
11637
11763
12337
12229
11860
10744
9832
9316
7703
6510
6014
3696
1950
1698
1072
-441
1103
820
1837
1789
2434
4255
5158
5309
6066
7400
7340
7806
6865
5907
4762
3089
2665
1773
508
-2094
-2451
-1852
-2388
-1494
-1304
-1965
-1685
-300
-1904
-1750
-154
828
1229
1937
2027
2438
-44
-180
-1126
-1651
-3887
-5908
-7314
-10520
-11033
-12044
-11390
-11822
-10508
-8391
-7071
-5989
-6369
-5333
-5089
-5141
-6939
-8691
-6909
-7246
-6448
-9860
-11109
-13306
-14110
-16224
-18837
-20887
-22161
-23842
-25454
-24784
-23729
-22586
-23505
-22155
-20364
-19089
-18436
-16815
-16800
-16355
-13984
-12686
-13686
-15329
-15660
-16738
-18113
-20273
-21459
-22792
-23930
-22921
-21104
-21780
-21146
-20247
-19244
-18372
-16341
-14948
-16108
-16406
-15761
-14300
-13966
-13867
-13754
-13401
-14829
-17503
-18945
-21201
-22971
-25625
-26823
-28957
-29630
-30977
-30077
-28730
-27763
-27899
-25356
-23731
-21568
-19486
-18360
-17552
-15796
-14146
-14838
-17836
-18224
-20491
-22054
-23989
-25497
-27518
-29122
-30358
-30785
-31549
-30791
-29306
-29972
-27488
-25826
-23886
-21919
-22470
-21144
-20400
-20655
-22166
-20306
-20567
-21977
-23926
-23392
-24229
-26219
-26618
-26653
-27182
-27599
-28567
-25973
-23614
-22615
-21459
-20157
-17180
-15568
-14342
-14032
-12397
-10443
-8772
-8744
-8605
-7897
-7819
-6323
-8864
-8562
-7945
-8509
-9760
-10268
-9895
-9069
-8396
-8473
-7485
-5064
-3731
-1474
336
2016
2048
2239
3237
2636
2801
862
-1157
-4802
-5714
-6674
-9641
-11946
-13218
-14504
-13502
-13289
-13205
-10666
-9845
-9823
-8806
-6633
-5546
-5532
-5154
-4577
-4759
-3832
-3446
-5896
-5377
-6526
-8804
-9045
-8019
-15562
-17548
-10136
-9695
-8730
-9032
-9079
-7920
-4916
-3800
-1212
-242
890
2038
2941
1732
3382
3675
2092
901
1108
-324
-876
-719
-1264
-2142
-2722
-3721
-2593
-1623
-1665
-57
933
1310
2157
3203
4219
5320
5085
5791
4400
4643
4515
3875
3225
2768
1033
1100
652
-500
-3137
-3033
-1240
-345
-291
268
890
1703
3019
4884
5128
6651
7252
5818
6200
5884
3552
3324
2960
2832
1730
1608
2503
3992
4011
1939
2767
5104
5641
5885
5972
6935
9378
10068
11451
11943
12184
12366
11691
9275
7996
6971
7775
6698
5637
4165
3629
2922
1941
1959
3186
4026
4900
4949
8612
10894
11901
13473
16017
16313
15834
17140
18431
17445
14803
13988
12455
10833
9513
9148
7586
6166
6738
7305
8782
10310
10726
12586
13824
15490
17097
19700
19818
19976
19856
19487
20424
19219
17771
14789
13850
11298
9280
6379
3795
2413
1874
3109
2634
2947
6010
5962
7604
7843
10533
12233
13494
13814
13258
13403
12916
12087
11101
7429
4681
3047
1248
1366
180
-791
-1851
-1374
70
261
860
1656
1143
1595
1940
2374
3545
3246
2880
3332
4162
4289
4880
4146
2845
