9279
6499
-15265
-17324
5066749
-18644
-19897
-20397
-17569
-13532
-8240
-2901
1272
6271
8643
13135
13899
13079
14128
12780
10964
6404
-1153
-5076
-9392
-14689
-19212
-20909
-22273
-19036
-15348
-13384
-9565
-3813
2020
8423
13472
18976
23431
27528
30359
31903
32411
33435
31528
26595
22964
18168
13887
8955
5820
2884
2152
2940
4967
7927
11784
15647
21167
28932
34139
37375
41115
43432
46756
47043
47443
45591
39815
34948
30628
25812
20151
16247
11551
8231
6439
5696
6987
10807
14535
18504
25111
32244
38236
42796
46347
50147
51460
25728
12892
12851
17903
24447
29467
32352
34976
37356
41792
44619
44916
44371
44972
44024
41975
37944
34296
29479
22576
16144
11856
8387
5104
4531
6412
7704
11555
12815
17148
23432
28803
30976
31991
34992
33687
34707
32687
27600
25063
20959
16395
12603
7996
5883
4039
727
-1356
-1613
-56
2496
4195
4751
9083
14403
18923
23808
27476
31320
33472
34556
34239
32687
30567
28435
24288
20675
17935
14435
11015
8004
5868
5300
5780
9175
14016
16348
20396
23451
30108
35599
38640
40716
42052
45404
44367
43452
42180
38396
34980
29303
24387
18459
12732
8812
6295
2748
3107
5083
8584
13116
17316
19735
23888
30144
35376
37640
40607
40155
39339
36208
32604
27280
21444
14427
8096
2424
-4873
-6124
-6792
-4865
-5016
-3652
1911
6836
13420
21292
24923
29964
34184
37815
39812
40999
40336
38496
33780
29388
24720
21843
15176
10244
5316
-817
-4196
-5140
-5004
-4060
-2060
2271
7644
12720
17679
21623
26895
28291
29572
29643
29308
29048
25896
24179
18432
14399
11199
7035
4032
-2600
-5321
-5752
-4681
-3184
-1656
896
4455
7808
10863
14951
18815
21431
23063
22151
20103
19935
18407
13707
9391
5219
707
-5693
-9813
-11428
-11192
-12136
-13629
-13384
-11397
-6373
-2585
2836
9699
11180
13296
17432
19064
22023
22488
19184
15319
13815
9664
4452
-1837
-7376
-11800
-17817
-20832
-22224
-22612
-22449
-19573
-16324
-10601
-4392
2119
7512
13555
17715
18183
18635
19219
20023
17579
12188
7228
4128
1288
-2045
-5417
-9336
-13324
-13621
-10801
-9905
-9636
-6369
-2932
3351
6459
11763
14679
16872
18048
18547
17760
15760
10796
6020
-372
-6060
-13852
-18344
-24580
-30165
-31396
-31644
-30913
-30029
-25845
-19292
-11617
-5244
-1632
1976
7556
9183
10816
10143
11267
9371
7691
2883
-1016
-5384
-10805
-16789
-21297
-24733
-28320
-26856
-26497
-26745
-25936
-21724
-16577
-11213
-7073
-1089
4056
8632
11891
12776
13560
11864
7428
5027
1303
-4632
-10964
-16636
-19881
-23449
-27053
-26377
-25653
-21232
-18924
-16344
-12721
-7205
-2569
1447
3468
6324
8283
9451
7512
5575
3680
1071
-4469
-10957
-16725
-20744
-24321
-26608
-25325
-26357
-25533
-23189
-19145
-14344
-10193
-3369
3516
8212
13083
14807
16100
14263
12987
9620
6452
2107
-425
-3285
-6412
-10705
-15001
-16248
-15289
-14101
-12121
-10260
-7660
-4745
-596
5759
10591
14187
17580
18207
22012
20347
16716
14492
12956
8891
1963
-3696
-11437
-17821
-25061
-26772
-27573
-27089
-27852
-26437
-22360
-17332
-13913
-10236
-6872
-1464
2519
5983
8099
8087
8187
7568
5388
2604
-388
-4977
-10433
-16609
-20424
-24621
-25037
-26845
-28176
-26973
-23428
-19308
-16145
-12240
-6232
-3437
1487
5695
7063
8623
8711
8187
5752
3592
964
-2173
-8649
-14972
-18889
-20508
-19365
-17933
-16553
-13424
-9012
-3757
1903
8887
14691
19608
24432
27244
30139
32251
32475
31003
26204
23831
20928
15731
11864
11199
8796
3951
-349
-372
-17
-704
-772
2499
7575
11248
17164
21699
25451
29732
30980
9624
4904
3296
-596
-2096
-2525
-2069
908
3140
8467
12819
19180
25515
30399
33851
36563
38939
38995
36708
33532
30335
27652
23080
17508
12088
7760
3039
-1025
-4713
-6393
-5352
-3045
-480
3688
5815
9471
13972
19432
20803
19816
22059
22719
22547
21311
17623
16364
14367
9524
6275
1080
-2300
-7277
-9333
-7748
-5749
-3796
-2184
1747
5500
9220
13408
16951
18767
20855
23576
23988
23152
20691
17796
15624
12076
6576
487
-3997
-6440
-11696
-14256
-14073
-9733
-8445
-5760
-1017
3387
9179
15640
21855
25512
28092
29847
29987
28239
24623
19704
13543
6555
-1193
-7049
-11688
-14925
-16473
-18113
-20573
-18917
-17309
-15880
-10785
-7109
-216
4987
8372
13660
16284
17131
17348
16971
14660
9283
5644
2256
-3321
-5517
-11792
-15732
-19029
-21537
-22484
-21240
-18176
-15253
-11005
-5945
-413
3064
6052
11796
15792
15099
14311
12220
7743
1540
-3421
-7657
-12896
-21724
-25225
-26876
-29860
-33808
-32453
-31456
-31945
-26997
-22364
-18101
-13532
-7020
-564
2488
5840
8244
11831
8876
5280
2936
-472
-6328
-12917
-20233
-26453
-30704
-32960
-35941
-36077
-34505
-30196
-27473
-22665
-18032
-11601
-4753
-1084
1988
3280
2867
751
-1341
-5433
-10784
-18353
-22933
-27381
-30461
-33805
-35169
-38520
-40593
-38445
-38617
-36025
-31829
-27312
-20473
-14397
-9253
-3513
-21
1335
4875
1355
-957
-1808
-3292
-6892
-12572
-18040
-24069
-28953
-31716
-35473
-37476
-34989
-34636
-31820
-25997
-21857
-14429
-7252
-1981
5327
10112
13120
15816
15196
13280
11847
9440
5372
1015
-7497
-12277
-16377
-19392
-19468
-18096
-18092
-15805
-11025
-5944
911
7980
11376
13951
16728
20755
24200
26200
26075
25304
24067
21879
17055
14680
7675
852
-2440
-5648
-9037
-12188
-13716
-11477
-8496
-3420
-612
1784
6419
12551
17924
21800
21011
22696
20968
18207
16855
11432
6171
1564
-5461
-9656
-13856
-17660
-19697
-20484
-19232
-19172
-16033
-11685
-8324
-1352
4036
9144
15384
18255
22715
24680
23587
22939
22263
18275
12336
8679
5328
-444
-5640
-9420
-13269
-14421
-14692
-13660
-10369
-8136
-2985
2079
7744
11344
14979
20680
24716
25028
20348
16976
15064
12196
6579
-716
-7893
-12321
-14753
-18968
-21609
-21872
-22100
-19896
-17864
-14788
-11532
-5920
-940
5259
10268
14975
18188
19472
18152
14136
10147
6627
1343
-5240
-11785
-17076
-21317
-25580
-29072
-32072
-31508
-30565
-28221
-25008
-20633
-16040
-8181
-3457
-469
1023
5071
9639
7671
5268
5356
2320
-3541
-9641
-14752
-18841
-23421
-27084
-31264
-35073
-37452
-36360
-34788
-32205
-26636
-22512
-17781
-10200
-5916
-3824
-1452
-932
863
683
-3965
-10453
-16388
-18989
-26569
-30757
-33276
-37300
-38725
-38744
-38892
-36624
-32893
-30705
-26892
-23016
-18561
-14440
-10261
-6660
-4273
-888
-1481
-2989
-5736
-11992
-16716
-21008
-26297
-30317
-34573
-37220
-37569
-40485
-40233
-36637
-34785
-30325
-26757
-18836
-13893
-8900
-212993
-61
-1272
-1632
-3324
-6781
-11741
-16004
-19456
-24696
-29328
-33356
-38020
-40753
-41269
-43853
-42373
-40265
-37865
-34512
-30417
-24200
-17924
-10737
-6797
-3628
-120
223
-9229
-5397
-9441
-13721
-18632
-22121
-27728
-33649
-36165
-37260
-38888
-40081
-38905
-34141
-28357
-21705
-16084
-11168
-5556
75
2876
6627
7711
7499
5383
3663
1599
-2269
-9912
-14821
-18409
-21676
-25537
-27416
-28652
-24420
-23721
-22221
-18488
-12685
-5177
-1209
3423
10163
16815
20840
22628
22648
22380
20696
18308
16620
9531
2995
-1964
-6753
-11040
-15044
-15733
-15405
-15329
-12337
-7708
-3732
2284
5292
9511
13188
15156
16388
15443
12787
9131
5536
1379
-4573
-11725
-17753
-24849
-30445
-36100
-37641
-38724
-41024
-39920
-36824
-33992
-29432
-23484
-18557
-15869
-10909
-11885
-10569
-9532
-10245
-12245
-13268
-16777
-18541
-22081
-27533
-32241
-36133
-39485
-42836
-46137
-47072
-45469
-44472
-43913
-39897
-33393
-27712
-23021
-19533
-14913
-11849
-8760
-10868
-12585
-13916
-15412
-17756
-24064
-32033
-35293
-40053
-44928
-52377
-54569
-54389
-50952
-48357
-44372
-41129
-36593
-31520
-24209
-18673
-15564
-13497
-12581
-11569
-12704
-15385
-18929
-24609
-30328
-36104
-42257
-45657
-49501
-52081
-53993
-52068
-48365
-45632
-42313
-36068
-27572
-19716
-13936
-8485
-2832
3587
3387
3779
1732
-1216
-5216
-10488
-16276
-22940
-28508
-33605
-38637
-39944
-40505
-42541
-39961
-33560
-26565
-23449
-18148
-10857
-5644
-1108
3680
7659
10995
10155
11571
9216
5863
1175
-4340
-10296
-16649
-21568
-24396
-26944
-26620
-26364
-22180
-19565
-17265
-11289
-6645
-3297
2919
9347
14491
16315
17964
19827
17712
12887
9604
7452
1172
-5609
-8688
-13193
-14185
-16880
-18520
-18649
-17024
-13169
-10060
-5952
-1104
7328
11948
16076
18731
20379
20467
18660
13548
7536
1403
-4065
-9912
-16469
-23280
-29132
-33221
-35201
-37005
-37561
-35956
-35872
-32832
-26424
-20172
-16460
-11569
-8872
-6573
-2340
-2781
-5408
-5941
-9713
-14589
-16512
-21389
-28728
-33937
-38489
-39965
-43476
-44853
-42253
-41381
-36672
-31253
-28665
-22784
-15421
-8852
-5185
-1288
459
1647
-652
-1109
-4525
-9020
-12505
-17761
-21460
-26209
-30084
-33744
-36365
-36924
-34420
-30973
-26793
-23700
-19312
-14804
-9484
-3204
2836
4664
4508
4831
5760
5319
2540
-1361
-6584
-10428
-15825
-21977
-27813
-30809
-32329
-33508
-32204
-30101
-29000
-25161
-21344
-16329
-12557
-9061
-5069
-236
692
1948
3244
3419
2067
-1461
-4621
-7301
-12420
-14185
-18756
-21193
-21176
-22305
-20729
-17480
-14781
-10593
-5989
-4161
555
2944
6688
8707
11032
11572
8820
4079
156
-3845
-7352
-10828
-16105
-22288
-26284
-28097
-32685
-36329
-36017
-33001
-32321
-28584
-21808
-14536
-7585
-1432
5971
10923
13604
14795
14452
13088
10500
5004
-4600
-10937
-17549
-23216
-28493
-32576
-34408
-34309
-31705
-29129
-25224
-22364
-16704
-8529
-665
5640
12012
17724
20652
23491
25156
24592
22780
18128
14675
10984
6463
-1
-949
-6248
-9005
-8617
-9168
-7761
-6153
-1073
2815
6296
11684
16448
20756
22163
22095
23144
21244
20063
16835
12652
6356
-148
-6773
-12633
-18337
-22248
-23961
-21697
-19396
-17845
-12668
-6749
175
6972
13291
19444
23736
28227
31752
31291
31728
31579
27547
23956
17503
9724
5483
2311
-4528
-11980
-17489
-17472
-15349
-16421
-15280
-13381
-10437
-4701
-516
4343
9040
12315
15787
17039
13364
9204
7019
1563
-6729
-13509
-16917
-18813
-21053
-23125
-23897
-19481
-14428
-11192
-8180
-4357
940
7952
12035
13715
16135
20467
21631
21524
20696
17032
12644
12055
8419
5111
583
-3193
-5165
-4557
-4317
-3960
395
2184
4883
7044
12228
17011
21039
24971
29780
32524
32564
32404
30563
25939
21723
16323
9675
5700
60
-5117
-9428
-11744
-7377
-4969
-2144
3487
7711
12399
16855
24451
27764
31492
35975
38115
38032
37823
37256
33811
27831
21472
17020
11564
5379
1191
-4492
-6832
-6968
-5413
-1529
-581
2580
4471
7815
12583
19552
25476
28731
32104
33644
36487
37836
35531
32231
31596
25824
19827
15679
13780
13019
10948
9064
8792
12991
14848
18868
22376
30359
35212
40547
47787
50715
51568
53224
54591
55732
52468
48511
45380
41868
37831
33207
32132
29455
28139
27791
29908
34667
38695
39400
43308
47967
51947
53904
59160
62344
61748
60564
56015
52643
46107
41967
36163
29947
22911
17595
11848
8511
7031
7056
11208
13556
15940
20975
27588
33176
38767
43096
45703
50355
51275
53380
52632
50123
46075
42823
38123
32248
25588
20340
16012
12988
8324
7344
7636
10135
13027
18055
20735
26500
31919
35884
40187
42960
45847
46160
44931
42739
39007
33591
29391
24115
17836
11956
9083
5664
2708
2876
6620
9299
13067
16844
24384
32040
38439
42971
49224
51659
53631
56423
54368
51172
44963
39759
34403
28219
21928
16315
10100
2964
752
-616
-1301
-704
2791
6464
9108
15372
19020
24807
29772
31372
33176
34931
35344
33968
30791
28220
21611
15668
11119
6371
2224
-1124
-4108
-5560
-4385
-2096
1875
6839
13588
18287
26708
33443
37724
39735
43312
46355
43916
40015
35180
31908
29968
21975
17208
12767
7668
4643
3564
4792
6591
11051
14815
19367
24888
31447
38040
44176
48763
51484
53311
53992
53143
52024
52092
49423
45783
41223
38392
35507
33003
29876
25491
25796
27416
29399
31987
38456
43812
48751
53072
58823
62980
65803
65755
63699
61207
56011
50071
43419
33988
26516
19583
13344
7827
3319
1052
-736
280
2244
3371
9024
14868
20832
25648
29584
34603
37776
38828
37372
34616
32467
28667
24120
16236
9823
4715
-800
-7692
-11640
-13940
-11672
-8513
-8109
-5376
-84
3251
9007
16020
21115
23339
25335
26736
27115
24867
22620
18095
11835
7507
1476
-4192
-8496
-12289
-12964
-18245
-17725
-12500
-8653
-5140
-1184
3560
9472
13896
19292
23768
26667
27935
29175
26404
20784
21760
21940
16196
6312
2467
-1033
-5624
-9920
-12785
-13481
-10337
-6977
-4165
508
4500
9835
15716
21416
27656
31779
34783
34852
34715
33227
29176
24459
19688
14704
7215
2452
-1537
-5604
-10948
-12029
-12293
-11765
-10261
-7301
-2709
2132
6604
12187
16568
19583
23868
25524
22128
18719
14944
9188
3624
-5420
-11180
-17449
-21521
-23792
-26904
-27785
-25792
-22965
-19248
-14281
-7248
1007
6956
12955
20416
20835
21064
21664
18972
13851
11000
6927
532
-5460
-12649
-16428
-18361
-21097
-25720
-24920
-22428
-19133
-14040
-9388
-6229
-269
6216
11467
15488
17540
19416
20912
20344
17335
12980
8611
6024
-2424
-8444
-12521
-15781
-17729
-18536
-19141
-18184
-13769
-8108
-4045
403
6144
11003
16084
16048
15943
14019
12739
12160
9935
3571
-2600
-7009
-10868
-16980
-19424
-20980
-20573
-21044
-17521
-13424
-6789
-1373
4792
12519
17375
20891
25295
29495
32943
32248
27483
25807
24147
21375
16840
8891
4955
3295
-393
-3044
-6549
-5928
-3392
815
5087
8304
14212
23484
30828
38747
44176
49951
51223
48859
48479
47627
44068
40263
35808
32559
25775
19128
14956
10651
8007
5652
4243
6543
11699
18468
23784
28763
35908
43671
47327
51544
53719
54319
55675
52171
48291
43832
39983
34315
25807
19852
17995
13988
9387
6023
9747
13152
14032
16107
18584
20828
24451
26315
30927
32051
32108
32647
30876
28619
24123
18791
11911
4943
116
-4961
-8269
-10404
-13308
-12813
-9921
-6053
-2960
1024
6275
13219
19043
23475
29199
31775
32475
30796
29095
26675
22995
19644
13511
9612
5284
1455
-1557
-3348
-7388
-12701
-14912
-12428
-10620
-10384
-7789
-2661
2656
5143
5068
9952
10392
7036
4055
-368
-3937
-7976
-12844
-19433
-22217
-25229
-30829
-35176
-36772
-38265
-36229
-37304
-32856
-28073
-21852
-15449
-10092
-3884
143
3396
5763
6152
3063
-504
-4653
-8161
-14712
-20065
-24376
-31796
-37997
-38148
-39184
-38592
-35968
-32568
-29473
-22060
-15508
-9288
-2453
311
2948
6447
6611
7195
4924
367
-4828
-9804
-16273
-22489
-28289
-34428
-42580
-45716
-47517
-44592
-43676
-41116
-34097
-30137
-24296
-17053
-10396
-5300
347
4791
7144
7659
7147
3416
-1953
-4625
-8928
-14933
-18405
-23176
-25612
-27148
-30341
-33824
-33256
-26785
-25085
-23133
-17513
-7476
-313
3507
7980
12800
14915
17716
16004
9579
3603
859
663
-5365
-17641
-25821
-28188
-28120
-28713
-29772
-27605
-23017
-18184
-13541
-8057
-1421
2904
5456
10811
17708
20484
21420
21364
20296
16183
10527
5976
-689
-7597
-13688
-17897
-18709
-20029
-20000
-18041
-15829
-11253
-8033
-3449
2411
7135
12300
15652
18259
19580
18340
16671
15743
12812
7084
-569
-5909
-14617
-22552
-25108
-27165
-29408
-29768
-27333
-22737
-19389
-13444
-7136
-476
7455
13027
17171
19043
20668
24455
25555
21300
14252
10715
4375
-1037
-5921
-10265
-12496
-14641
-11972
-12865
-11349
-7177
-4544
-4313
-1064
6028
11524
13611
16920
18987
19831
19628
17128
14524
9352
3108
-577
-7120
-12953
-19876
-26113
-29601
-31117
-30029
-27273
-26288
-26476
-22328
-17756
-11636
-8204
-4508
-3529
-356
1448
1171
-1161
-4292
-9537
-14569
-20617
-29812
-39180
-45381
-48505
-50564
-52160
-53268
-50689
-44617
-40580
-35780
-31037
-23653
-19340
-15841
-10296
-4057
1667
1267
2412
1615
-477
-2032
-8081
-15676
-21144
-26844
-31581
-36593
-40145
-40305
-39024
-35292
-32313
-27520
-20912
-18500
-13593
-9153
-5728
175
2312
832
-844
-4332
-6244
-12101
-19552
-26069
-31269
-38041
-42293
-42433
-44168
-46372
-44541
-41972
-36161
-31024
-26828
-20389
-15028
-9281
-7156
-4268
-3825
-3980
-7896
-12385
-15468
-20453
-24356
-28517
-34376
-39093
-39360
-37849
-39077
-40180
-39589
-36524
-31548
-26721
-21433
-17220
-10700
-512
2455
2996
8499
10260
606
1212
-2032
-4620
-9565
-15205
-19764
-23349
-32109
-36249
-35320
-34128
-31237
-30120
-25017
-19460
-14185
-9920
-5548
-333
4324
7811
11259
13888
14071
12247
10135
3023
775
-3824
-11052
-17049
-21525
-21609
-23873
-24144
-23477
-20568
-17612
-10905
-4452
1644
5523
12800
17603
21003
21315
22648
19803
14236
9548
2008
-6909
-13172
-16469
-20457
-27764
-32865
-32024
-29849
-28540
-27152
-22605
-14513
-7409
-2856
3419
9075
13691
16971
19812
20583
17511
12719
10260
7499
4304
-2588
-13969
-19537
-23336
-28908
-34377
-39664
-37701
-34549
-31365
-26277
-21140
-16368
-8348
603
5635
8375
7379
8939
11255
11003
4804
-2693
-8193
-14700
-20024
-26805
-33549
-33556
-34744
-36784
-34497
-31684
-27357
-17976
-11596
-6800
-1697
156
2512
6984
12080
13979
10280
10380
8600
2655
-6120
-14625
-17381
-25885
-33812
-37440
-36357
-33872
-30628
-28172
-25617
-19857
-12941
-4013
3420
7840
11019
15436
19939
21215
17848
12935
10124
6044
596
-2781
-6176
-13696
-19881
-23253
-26061
-24709
-25956
-27104
-23881
-19389
-12833
-9485
-4241
823
4696
9483
9276
9783
9707
6983
1164
-5612
-13168
-15041
-20801
-27461
-30797
-32397
-33960
-37441
-38620
-36945
-34296
-27829
-26876
-24560
-17249
-12521
-6688
-3592
-2184
-4580
-7212
-9620
-15565
-21773
-27909
-35296
-41061
-46725
-49925
-51169
-50561
-49504
-48472
-45913
-36632
-32145
-25637
-19801
-13456
-8361
-2848
3396
6167
6823
5207
2671
879
-2552
-10660
-17305
-22628
-27824
-31389
-34529
-35685
-35753
-37649
-36604
-31456
-25572
-21425
-17413
-12820
-7205
-1301
2991
1468
808
-833
-5253
-10428
-15644
-22200
-26245
-32009
-39892
-44313
-47740
-47593
-46552
-45541
-39117
-35680
-29457
-22589
-17289
-10393
-4604
871
2527
927
3836
4443
1844
-3128
-6537
-11164
-15345
-20920
-26369
-27620
-32024
-31109
-29628
-27065
-25600
-23321
-15460
-9096
-3316
1352
6263
12012
14579
16332
19123
19048
20779
16976
12811
8476
4228
-2508
-7168
-10517
-13820
-18540
-21524
-22301
-22445
-21441
-20116
-15360
-8184
-3840
-188
2835
9535
14555
13768
8319
7047
5176
456
-2757
-9032
-14208
-18165
-22440
-25868
-24481
-23753
-22552
-19909
-16096
-7729
-1824
1755
5708
8560
14900
18271
18160
17615
16879
13155
6456
-1241
-6377
-12737
-23409
-29785
-35308
-39760
-40324
-39897
-37592
-36560
-31773
-24781
-16625
-9384
-5493
603
4975
6263
7783
7515
5152
1484
-844
-6229
-9464
-16696
-20644
-25328
-29088
-33372
-37285
-36304
-34977
-30701
-27177
-24404
-20241
-13825
-9269
-7304
-5153
675
2179
147
23
3160
1588
-5448
-11229
-15404
-20333
-27864
-33233
-37112
-36937
-38772
-38553
-34236
-30361
-26529
-24225
-15396
-4072
611
3843
10479
15888
17232
14363
12215
4156
-2172
-5240
-10880
-17233
-23564
-26893
-28636
-30996
-34821
-33484
-30384
-29073
-25072
-19896
-12776
-6713
355
6588
12972
19451
19908
17515
17675
16256
12391
5935
-937
-7281
-11869
-17237
-18996
-24008
-28132
-27101
-26252
-24800
-20889
-12508
-3253
-1001
4683
12263
17648
17736
19215
18907
17208
13511
7575
1675
-2204
-7844
-13933
-15732
-18508
-17956
-14081
-8657
-5328
-1449
5432
12307
19283
25447
27264
29675
30024
28484
27507
2671
342000
18052
14027
8592
535
-3776
-8056
-10837
-13764
-13417
-13165
-12785
-8189
-2925
2671
7756
13236
23739
27652
28607
30063
31284
33968
32168
28908
25459
23851
18904
10128
4508
1192
-2584
-5956
-4841
-4241
-2400
992
5088
9800
16747
22332
26463
32063
36140
37919
38599
37331
38315
37019
34360
28275
20256
15168
12924
5599
-1680
-4921
-3117
-1837
-3032
-308
6228
12072
13459
18967
27744
30183
32495
37755
40220
38464
33507
31443
28499
25835
21472
17727
9808
5295
-56
-3104
-3069
-3236
-1028
3548
10919
17308
22535
28708
36255
41752
45743
50295
48200
46208
48147
44632
35923
28935
24608
15087
7799
2816
-3532
-6893
-8461
-10497
-9720
-6429
-2488
1071
7376
13695
19943
27536
33903
38683
42899
43636
41396
39164
35635
30111
27791
24608
20523
15571
10108
8652
8188
8952
9724
11732
11860
17052
22516
27939
32328
35964
41428
46863
47360
47471
44628
42463
37975
34036
27844
19252
11163
7127
3616
-1325
-6557
-9692
-8381
-1568
-136
4619
12095
20760
26143
31295
37391
40468
42644
39464
37532
34064
29291
23152
18480
11983
5568
-1257
-4949
-8837
-11756
-11329
-7137
-3533
-705
6460
15295
20980
27783
35663
42064
42780
43551
44356
40172
37212
33407
29855
27823
23011
18263
16571
18540
17584
15167
15403
18892
24320
26348
30207
35491
39767
43867
49379
52839
54663
54975
53676
52115
47911
41599
36540
29200
23492
18111
11423
7256
2796
2059
475
2135
2800
1499
4368
12776
16203
22511
30151
37124
40939
42832
43135
41727
38691
32132
24751
18336
12763
8536
2908
-804
-5837
-7092
-9124
-7660
-4797
-2477
1884
8095
12908
18844
24972
27132
29519
31432
33580
34068
30720
28096
24759
20784
14591
9596
1547
88
-2756
-6740
-6781
-7652
-5973
-3796
3632
9839
15156
17179
22280
29759
33019
34948
33135
29979
28760
23904
18387
9536
2540
-2468
-5941
-12105
-17948
-19008
-17225
-17161
-16793
-15057
-10588
-5397
1060
4468
8059
12460
15044
17248
17451
13639
12099
9875
3496
-3748
-8952
-12232
-14452
-20128
-24148
-23336
-23424
-22749
-20280
-16748
-13732
-6925
-1824
1492
4260
7692
9152
7740
7315
5884
235
-6876
-12165
-13377
-18405
-25176
-31344
-34004
-34329
-36260
-35204
-32845
-29068
-26864
-23413
-16393
-8589
-5748
-1965
3468
7795
9271
7827
8883
7836
3572
528
-6232
-10361
-17245
-23400
-26388
-29565
-31048
-29148
-30393
-28485
-24904
-20949
-15396
-9153
-3785
-1029
4107
5535
2155
-709
-2884
-5745
-11144
-20092
-22297
-29837
-36965
-41044
-43740
-51232
-54140
-54468
-53461
-51437
-49064
-44868
-39328
-30740
-23905
-20896
-15441
-8024
-5105
-4909
-8156
-11277
-15257
-18157
-23053
-27917
-33752
-36981
-40884
-43941
-45533
-45277
-45165
-40765
-34265
-28708
-23637
-19005
-13785
-4853
-1101
2080
4255
5592
5579
124
-2609
-4228
-11017
-19036
-23036
-31012
-32525
-33812
-35745
-33364
-32084
-29704
-24013
-20248
-15425
-8305
-364
5459
7967
10931
11507
10224
9088
4260
-3504
-9140
-13793
-18161
-23213
-28648
-31508
-31468
-32184
-32085
-28705
-24780
-21920
-19048
-11825
-4301
4691
8471
11499
15067
16592
17879
4648
9296
7971
2264
-5448
-8881
-14173
-18413
-20225
-21208
-20420
-18660
-15493
-10385
-3972
1063
5116
11380
15424
19507
24296
26004
24859
26160
24924
21904
19023
11543
3775
-193
-7280
-13169
-17201
-21700
-26757
-25572
-23488
-21689
-18305
-15189
-9356
-337
3679
8236
14135
16788
15827
15000
12788
9159
2491
-3645
-8088
-11209
-16780
-23356
-26568
-29805
-29680
-29388
-31820
-30700
-26873
-23136
-21345
-17453
-11601
-4560
-4160
-3421
1524
2060
-913
-2585
-4889
-10092
-13832
-22444
-29020
-30736
-36364
-41512
-44928
-43768
-43277
-41217
-34773
-31476
-26300
-20433
-13480
-9037
-5745
-3093
-608
99
-4388
-7224
-11285
-16889
-21472
-26316
-31912
-33352
-35453
-36368
-35740
-34756
-33408
-32665
-29685
-23157
-18117
-13265
-8629
-4968
-2421
1020
3004
3327
1559
-2724
-4644
-6817
-12980
-17552
-20509
-25905
-29564
-31540
-31693
-32157
-31284
-25552
-21996
-17128
-9692
-2736
2683
8047
13592
20083
22644
21787
24135
22968
19136
16767
15404
9596
2540
-189
624
3511
7
-1108
5035
11707
16564
20068
25640
33747
40051
43619
51340
56232
57883
56579
54327
55188
51051
45171
40692
36092
30863
26900
21891
16599
12571
10448
11836
15504
18872
25660
32820
35656
40335
48075
54131
53823
53599
54028
53267
50299
44636
42504
36160
28427
23288
19480
15559
12088
9156
11348
12280
10804
14411
22135
25223
27435
35668
41131
43907
45268
49315
48436
46864
42736
39647
33979
26424
19259
12520
5356
-1177
-3924
-4312
-4425
-625
1295
6287
9503
16904
24164
30256
33635
35139
37287
39779
37088
33527
28599
22971
17196
11535
4148
-4209
-9217
-13913
-16021
-16969
-18136
-17720
-15484
-9197
-4048
-1209
8091
13683
18427
20623
24572
27347
24443
19771
15939
13096
6552
-2384
-9249
-13057
-16476
-21221
-25504
-29508
-31768
-29741
-25032
-19360
-15924
-9772
-4928
292
6271
10612
7651
6455
6704
8820
2775
-5996
-8857
-10088
-16225
-24616
-27876
-34001
-35640
-37964
-37705
-33992
-32353
-28540
-24992
-22293
-17361
-11992
-9860
-6701
-2440
-1976
-2497
-7397
-15656
-20861
-27565
-36837
-45632
-50145
-55500
-59028
-61300
-62736
-61584
-58761
-54761
-50581
-42409
-37504
-31569
-21652
-14904
-12708
-8669
-3913
-3084
-4348
-8957
-14360
-16076
-20124
-28604
-36432
-40568
-44212
-49024
-54333
-56105
-55524
-53464
-48060
-44452
-39873
-32048
-26041
-24297
-23945
-20521
-18412
-20944
-26184
-28905
-28437
-33524
-39820
-45237
-51557
-61453
-68256
-71040
-71928
-73461
-70856
-66468
-68004
-64500
-57412
-50096
-44292
-39653
-35928
-29325
-27421
-26796
-28776
-32456
-37448
-43396
-46452
-50712
-60732
-66924
-70513
-73413
-74792
-77069
-74957
-70281
-65781
-60033
-56097
-47921
-40084
-37233
-31245
-26760
-23380
-21788
-25481
-28104
-31232
-39493
-43701
-49596
-53244
-54692
-58908
-63401
-63512
-59472
-56737
-56029
-53224
-47768
-38369
-29289
-21060
-12828
-8988
-4092
2188
5279
2815
-100
-4517
-8424
-12276
-18176
-24645
-29141
-31684
-33984
-34328
-35957
-34453
-31497
-26720
-21209
-15604
-10680
-9757
-2532
2800
3915
4684
4255
3063
-2121
-6908
-12384
-19576
-26072
-31324
-36100
-41809
-43121
-46144
-45400
-42092
-39989
-39065
-32801
-25296
-19388
-13648
-9112
-2157
1695
232
2171
-6291569
-3585
-8048
-10392
-11652
-15741
-21040
-26964
-30425
-30885
-30917
-28908
-28644
-23380
-19404
-15657
-8897
-744
6487
10776
16328
22620
24244
22220
18520
17535
11240
4044
-284
-5712
-13084
-17936
-21801
-22972
-23757
-21421
-16397
-13076
-13213
-11721
-6276
792
6331
9815
14291
17812
18975
17783
18135
15911
13979
9580
6091
260
-5544
-8805
-8148
-7257
-8136
-7636
-5113
-44
6228
6280
12656
17927
23244
26091
25499
28771
30567
30039
30356
28567
25043
18183
8207
6055
2412
-3276
-10508
-12573
-11468
-10777
-10445
-5785
-2152
2836
7128
13384
22480
28260
30476
33063
38367
41287
37804
32747
29888
25799
21179
16519
7623
599
-3265
-6444
-8545
-9080
-8540
-5076
488
8639
17740
23128
29011
33095
36863
43064
44767
41308
41551
38895
39452
33687
26611
22176
16920
11031
3331
2176
1004
-237
-348
503
4067
12151
21779
27876
33452
40063
45315
50775
49888
48471
46944
43748
37359
30235
20448
14895
9899
2071
-5328
-7097
-5676
-7765
-6113
-3960
-1988
4564
9319
17267
21607
26648
30200
31779
31795
28972
24772
19383
14360
4739
-1296
-4929
-9609
-14180
-18945
-21389
-24553
-24033
-17377
-15616
-16089
-11572
-2361
6688
9927
10932
18851
