-1706
-3859
1506
10088
13922
9129
11508
13863
15924
17204
17419
16509
14885
12837
10691
7570
4387
1756
107
-3114
-4654
-4368
-4137
-3332
-2186
-675
1639
5285
7487
10050
12437
13882
16313
17777
18423
19200
18971
18039
16810
15026
13133
12008
10132
8852
6742
6180
5831
7399
8508
9030
10568
13675
16156
18413
19680
20289
20808
22082
22003
21244
19768
19308
18506
17116
14762
12546
10770
8707
7223
6223
5819
6411
6805
8217
10719
12311
14934
16646
19269
20337
21385
21735
21596
21577
20293
17547
15044
12565
10746
17588
22820
14022
15896
15823
16084
15914
15239
13379
11318
9000
6968
4758
3732
1134
882
-283
-550
-397
-485
529
2292
4156
6626
8404
10712
12492
14406
15233
16110
16396
16264
15075
12665
10383
7975
6277
4633
3018
881
-46
159
-515
-1021
1234
1540
3005
4295
6376
9179
11960
12679
12886
13789
14871
13766
12706
11740
9719
7314
5611
4884
3965
2849
2061
1037
1358
2832
4488
6258
8472
11823
16375
19210
20201
22480
23519
24139
22548
20140
18766
16573
14361
12780
9659
6822
4775
3302
2077
1686
2349
3388
5101
6691
8941
11699
15188
17681
19414
20787
22607
23305
22742
22211
20765
18140
16704
15792
12568
11037
9935
9096
9538
10931
11169
11236
12961
14438
16350
18600
20718
23202
25635
27721
28470
27867
26415
24604
22000
19630
16554
12725
9358
7206
5265
2873
1994
1981
1525
3175
4869
6516
9660
12194
14546
17587
18992
21095
22836
22849
23117
22124
20672
18670
16930
15482
12612
10385
7757
6058
5513
4733
3571
2960
4094
5557
6606
8991
10923
13488
13663
14921
15361
15189
14512
12672
10078
7618
5925
2250
-6
-2550
-4436
-6080
-7138
-8384
-8406
-7998
-8122
-6272
-4107
-2415
-1066
3770
5654
7289
8545
8119
7973
6571
4880
3399
297
-2978
-4165
-5573
-6411
-8302
-8192
-7750
-6887
-6485
-5250
-2444
480
2551
4432
6351
9436
10091
10045
10421
9763
7764
5328
3940
1808
914
-745
-3582
-5087
-6470
-7294
-8280
-9353
-8524
-7611
-6154
-3110
119
3275
5953
6751
8707
9797
10133
9124
8847
7646
6933
4851
2178
3
-2670
-5020
-6800
-7743
-9272
-9845
-10126
-8792
-6961
-4708
-3624
-701
1696
2649
3649
2926
2763
2128
919
-2097
-4526
-6985
-10273
-12637
-15429
-17107
-18840
-20152
-20269
-19670
-18864
-17352
-15728
-13575
-11609
-9805
-7859
-6388
-5384
-4864
-3662
-3926
-5004
-6832
-8438
-10279
-11969
-14133
-16502
-18408
-20042
-21492
-21701
-21794
-20228
-19105
-16719
-14496
-11546
-9383
-7018
-3852
-2451
-1450
-493
78
-1717
-2776
-4497
-7755
-10694
-12267
-15534
-16954
-17788
-18445
-18603
-18404
-16825
-15060
-13331
-10973
-8612
-6523
-3682
-647
2155
2945
4306
5996
5468
5326
4401
1895
-923
-3235
-4709
-6871
-8219
-10350
-10925
-12164
-12268
-11705
-10338
-9228
-6493
-3349
-1732
874
2802
3896
5117
5050
3584
2429
1034
-1727
-4080
-7296
-9155
-12441
-14728
-16662
-18104
-18093
-16277
-13959
-10727
-7803
-4056
-854
1564
4728
6905
7876
8690
10294
10021
9232
7026
3711
701
-2507
-5877
-8683
-10992
-12771
-13139
-13175
-12300
-10871
-9570
-6885
-4206
-2093
569
2896
3851
4683
5290
5597
6586
6015
3747
494
-1471
-3402
-6191
-7811
-8532
-9412
-10160
-10003
-8802
-8690
-5620
-3221
-775
1859
3801
6682
7739
7387
8002
8267
7242
6323
3747
1653
-515
-4058
-6826
-8779
-11092
-11756
-11736
-12081
-10492
-7411
-4119
91
3266
6452
8729
11073
12387
13521
14697
14248
13207
10993
8160
6223
3878
-11662
-6252
-1153
1226
3503
5420
8426
9745
10945
11118
10872
10066
8728
7036
5233
2886
-553
-2236
-4025
-6170
-7409
-8534
-7361
-6562
-4041
-3404
-1052
2620
5338
9066
11219
13568
14690
16285
16607
17234
16971
14912
12826
10700
7491
4301
2168
832
-146
-967
-129
649
2363
3316
5398
7990
9677
10386
12113
13298
13914
14065
13455
12410
11438
9721
7936
5256
2693
643
-2048
-3367
-5463
-6631
-7516
-8035
-5625
-4828
-3893
-2471
-1220
921
3122
4416
5912
7036
7393
6345
5635
4899
4298
2424
165
-2214
-4159
-3719
-4655
-6419
-7037
-7482
-5391
-4236
-3403
-1144
2210
4453
6696
8491
9925
9866
10288
9842
8974
7945
6618
5170
2604
1244
-1452
-3091
-3472
-3830
-3797
-4261
-4707
-3644
-1337
1943
5308
7778
10501
13134
15939
17335
17074
17462
17180
15352
12661
9477
7496
5494
3134
507
166
198
-487
-1204
-655
949
1434
4057
5583
6036
8243
9775
11007
11296
11563
12401
12005
10003
7531
4945
2425
-100
-2401
-3365
-4565
-5064
-5421
-4266
-4978
-5283
-4308
-3223
-1822
419
1715
3401
3631
4632
4943
4492
4039
2743
1229
-631
-3905
-5364
-7396
-8507
-8869
-9256
-9701
-8636
-6983
-5027
-3351
-2173
-941
1752
3813
5900
7204
7645
7542
7425
5968
4196
1607
-2611
-6740
-10170
-12203
-14036
-15746
-16496
-15839
-15678
-14125
-11617
-9156
-7647
-4623
-1168
2726
5781
7446
8242
9955
11504
11207
9406
8050
6014
3868
1733
-93
-2097
-4949
-7224
-8193
-8620
-9321
-8476
-6472
-5543
-4610
-2064
439
2586
3481
3631
4043
3267
932
84
-1950
-4001
-6254
-9297
-12054
-13555
-14129
-15278
-15449
-14164
-12340
-10593
-8304
-5100
-1507
1176
3121
5442
7205
7985
8978
7901
6915
5881
4687
2660
1044
-973
-2446
-3601
-4938
-6184
-6025
-5410
-5045
-3583
-2670
204
2610
4398
7927
10814
11219
11608
10730
9443
8048
7018
5184
2416
1044
-1594
-3358
-4596
-5073
-5674
-5386
-6140
-6087
-4209
-3445
-955
1952
3806
6506
8288
9296
10266
9585
8104
7488
6342
4006
1427
-1142
-3237
-5427
-7095
-8981
-9042
-10175
-9898
-9236
-7329
-4914
-491
3108
5462
7999
9744
9812
9008
8702
8400
6791
3926
1756
975
-561
-4289
-6286
-9200
-11918
-11712
-12713
-26426
-12880
-11292
-7499
-3594
-315
2766
5390
6288
6305
6060
5397
2978
146
-2630
-6056
-8612
-11406
-13618
-16142
-18735
-20890
-21998
-22948
-23579
-22718
-21236
-18291
-15123
-12313
-9971
-6882
-4387
-1942
-1212
-1847
-2912
-3687
-5658
-7333
-9475
-12725
-15987
-17584
-19915
-22206
-22887
-22515
-22718
-21649
-20150
-16996
-14268
-11842
-9331
-7556
-5519
-4789
-4930
-6366
-7290
-8428
-9962
-12511
-14901
-16765
-18571
-20517
-22892
-24398
-24033
-23414
-22787
-22243
-20456
-18106
-17689
-15541
-12740
-11136
-8869
-6068
-5860
-6407
-6704
-7452
-14968
-11291
-14366
-15212
-16682
-17997
-19300
-19881
-20801
-21189
-21056
-20053
-20329
-17542
-15554
-13553
-9875
-7141
-6715
-5120
-3693
-4291
-5147
-7278
-8324
-7835
-9039
-11898
-28588
-15401
-15719
-33660
-17785
-17848
-17778
-15823
-13485
-11792
-9606
-6360
-3996
-522
1776
1622
1837
1300
1060
-93
-2890
-4944
-7873
-10036
-11486
-13422
-13612
-14817
-15284
-15357
-13091
-10705
-9581
-6700
-3433
-7
1657
4168
6925
7251
6283
5457
4199
3102
983
-955
-3607
-5775
-7591
-8699
-11517
-11622
-11456
-11745
-11305
-9997
-8724
-6516
-2809
1181
4443
6435
7201
8281
9864
9521
8341
5522
3343
1859
-1434
-3836
-5307
-8513
-8582
-9860
-10474
-10662
-10810
-9879
-9519
-9266
-6385
-4306
-3427
-2677
-2027
-2497
-2800
-3904
-5621
-8909
-11863
-13858
-14822
-17891
-20296
-20843
-21031
-21102
-20959
-20078
-18838
-17446
-15952
-13423
-11262
-8423
-4866
-2099
-1440
-463
-139
198
-1697
-2900
-4499
-5655
-7229
-10009
-11600
-12251
-14469
-15992
-15377
-15044
-14897
-13494
-12293
-10114
-8180
-5881
-3185
-1624
-1740
-1014
-2415
-3529
-4705
-8437
-10902
-13085
-15283
-18134
-20946
-20756
-20934
-22080
-23107
-21568
-19926
-17716
-16571
-13929
-11172
-9343
-7363
-5901
-3279
-2173
-1299
-2104
-3375
-3818
-4393
-6458
-8194
-10887
-13396
-14068
-16374
-17261
-17333
-17345
-17466
-15136
-12228
-8404
-5899
-3122
1087
2342
3602
5755
6800
5693
3023
1157
153
-2556
-5208
-8480
-11211
-11871
-13863
-14189
-16028
-14852
-13577
-12475
-9626
-8501
-5741
-2710
560
2874
3442
3412
3379
3190
1723
-651
-2864
-4980
-6005
-6761
-8658
-11758
-11957
-11860
-11568
-11847
-12273
-11687
-10940
-9717
-8941
-6151
-4015
-4016
-4754
-3641
-3965
-4479
-4258
-4889
-7351
-9348
-11943
-12253
-14815
-18292
-19506
-20201
-21207
-20858
-19708
-17841
-15622
-13204
-11058
-7769
-3907
-1695
-1348
-1291
-1815
-2679
-3947
-5425
-7073
-9418
-12044
-13431
-14695
-17065
-17876
-17557
-17443
-17008
-16426
-15320
-12367
-9907
-6377
-3620
-2133
127
1602
2211
2734
2478
1002
-961
-3276
-4333
-7197
-9797
-12230
-14927
-15290
-16366
-16749
-17086
-14639
-12508
-9707
-6317
-2736
-129
2100
4592
6682
7294
6304
6033
5228
4536
2271
-850
-1816
-4075
-6989
-8139
-9608
-11123
-11657
-10030
-7825
-6020
-4575
-3079
-1625
78
1402
2502
4225
3551
3993
4722
2683
1401
-35
-3411
-6345
-8595
-10971
-11858
-13188
-12333
-11385
-9989
-8502
-6729
-4436
-1928
903
3723
5134
5829
7173
9174
9694
8707
6496
3955
2020
513
-2086
-5100
-8416
-10423
-12034
-12921
-13002
-12665
-11988
-11385
-8456
-6787
-4867
-2976
-1049
69
1538
2634
2374
456
-2253
-3335
-5910
-9136
-12543
-15161
-17795
-20120
-20411
-21742
-22335
-21464
-19839
-17381
-14437
-12485
-9342
-5164
-2382
-472
-113
138
1236
659
-325
-873
-2548
-6691
-10215
-11727
-14018
-15819
-16741
-16569
-15783
-16440
-14691
-13184
-9713
-6316
-4074
-1985
1575
3726
4225
4577
4498
4337
2672
1669
629
-1606
-2415
-3321
-5449
-6789
-7754
-8952
-9447
-6514
-6578
-6303
-3151
-174
3492
7103
9633
11656
12217
11805
11626
11395
11058
10985
9587
6858
5038
4390
1403
-74
-1943
-2871
-2636
-1874
-603
2681
5715
9354
11979
12521
14282
15586
16620
16348
16501
15186
13438
12344
9925
7870
5175
-749
-2917
-5124
-6392
-6018
-5123
-3507
-2089
-16
3665
4989
7635
10598
11814
12514
13847
15232
13581
12749
9990
6933
3753
960
-1989
-4429
-5875
-6409
-6487
-6978
-5820
-5304
-4359
-2249
737
2618
5752
8670
10343
10976
11334
10860
10685
10207
6883
3481
2802
2159
264
-1550
-4322
-6119
-6447
-6547
-5641
-4141
-2716
-819
2669
5839
9901
13301
15200
16073
17761
18358
17679
16621
14482
11394
9304
6832
4039
1792
-1418
-3282
-5207
-4372
-3116
-3229
-2768
-1084
2771
6373
9511
11863
14490
17426
18020
18869
19816
18157
18039
15961
14103
13258
11754
8853
7759
7971
5461
3936
5202
6345
8340
9714
12621
14518
17213
20383
22563
24055
23932
24855
24124
22342
19742
17627
15276
12204
8978
6014
3155
2113
1287
1231
3770
5210
7676
11586
15319
18454
21851
49638
27394
29201
29706
31157
31398
28031
26262
23693
20952
17428
15060
12195
10843
11387
11172
10761
11052
12308
14982
16270
18366
20722
24205
27113
27856
28277
28898
28929
27400
24830
24174
20381
16288
14032
12216
9958
9195
7758
7065
6359
5779
6482
8089
9189
10815
14140
16279
19143
21693
22821
24047
25826
26401
25991
24104
21347
19159
17692
15680
12806
10578
8912
8957
9241
10414
11606
12782
14436
16408
18912
21146
22966
24472
25184
26483
26474
24708
23553
21833
19470
17896
15976
13259
10038
7287
4967
4405
2967
1902
2058
4056
6591
8485
11412
13333
16532
18739
19433
18154
17204
16535
15302
13056
10254
7356
5769
4355
2564
130
-1592
-1776
-2296
-1377
707
1269
2410
5433
8384
10816
12180
12971
13668
14245
14964
13283
11585
8178
6316
4822
1870
-1924
-2749
-3270
-4476
-4785
-4737
-3658
-2111
956
3635
6880
9891
12577
15909
18120
19505
21033
21467
20562
19667
17744
15901
14283
12377
9851
7374
6548
5743
4361
3594
4532
6159
8751
9236
10821
13694
15261
17406
18238
19431
20422
19918
18497
17553
15479
13745
11474
8340
7170
6459
4421
3016
3924
4400
3759
4068
5354
6932
10029
12312
15143
16686
17513
20100
18790
18036
17353
16693
15305
13155
10492
8626
7457
5087
3656
1812
1665
1782
2144
2728
5309
7594
9011
12095
14403
15655
16338
17249
17192
18118
17382
15772
14549
12572
10629
7487
5507
3506
1188
220
-985
-25
40
1887
3338
6144
7773
9328
11104
13255
13919
13530
13569
13091
12902
10301
8775
6701
4881
2376
-706
-4441
-6236
-7318
-8456
-8063
-8570
-6839
-4875
-3286
-1385
899
3079
6111
7914
8121
8262
6479
5221
5193
3864
2150
-395
-3898
-5624
-6439
-7271
-8093
-8451
-7961
-7868
-6950
-5693
-4538
-2848
-850
1482
2651
3949
5377
4955
5726
5401
3801
1180
-1161
-3639
-6314
-7572
-9040
-10765
-11046
-12270
-11106
-9596
-9349
-8405
-6395
-4294
-2312
1020
3492
5071
4835
4461
3957
1824
1336
-1310
-3714
-6015
-8278
-10497
-13501
-15816
-17063
-16220
-16302
-16468
-15327
-13521
-10940
-9165
-6343
-3273
-2464
-277
1709
3549
3531
2622
2897
2344
-571
-3045
-4360
-9378
-22316
-26012
-13975
-14634
-14087
-14131
-12936
-11879
-9669
-6310
-4110
-794
1390
2729
3278
6147
6090
5413
4321
1238
-2327
-5285
-7687
-8273
-9873
-11850
-12239
-11610
-10077
-8236
-7150
-5372
-1737
2944
5730
8914
12474
31250
16996
17268
16713
15982
15360
12959
9105
5908
5058
4237
1800
246
1040
1806
4670
5524
6784
9974
12898
15326
17048
19207
22268
22679
22672
23618
21983
19446
16613
13808
10765
5691
2456
1533
898
43
-1264
-742
169
176
1334
4613
6296
8264
11755
13932
15807
17456
17190
17317
15338
13664
10693
7655
5043
1856
-1380
-4495
-5977
-7862
-10376
-10013
-7951
-5370
-2993
-654
1647
4138
6400
7943
9872
10293
11394
12515
13193
11856
8899
4951
2153
-242
-1862
-4436
-6263
-7685
-7822
-7989
-7518
-6768
-5238
-2330
266
3741
6876
9285
10246
10091
10734
9869
9565
7870
5142
3639
2596
1330
-1424
-2933
-4355
-4534
-4092
-4278
-4428
-4074
-2144
780
2703
4653
7778
9249
10178
12255
13655
12982
11811
10893
9129
7182
3299
171
-2925
-5184
-6694
-8024
-9613
-10052
-8338
-8174
-6535
-3694
-1238
-207
2612
4465
5488
6679
6454
5150
2139
1518
-310
-2985
-6783
-9162
-10846
-13598
-16047
-16255
-16443
-16550
-16402
-16837
-14551
-12447
-11607
-9578
-6960
-4160
-1927
111
-97
147
-214
-1732
-5211
-8704
-10858
-11460
-13216
-15669
-15983
-15242
-15718
-14954
-14558
-14511
-14724
-13787
-10758
-9519
-7248
-4272
257
2268
3792
3618
2380
1206
-3435
-7721
-9715
-12800
-17793
-19826
-18130
-17146
-16983
-15072
-13571
-11962
-12767
-10589
-8303
-5229
-2542
498
4224
6302
6674
7662
8280
6349
4852
1178
-1705
-5998
-8765
-9097
-10633
-11985
-12764
-12004
-10930
-9673
-6327
-3779
-1516
566
3665
6827
8111
10278
10222
9144
8313
6345
4916
2461
-1540
-4544
-5924
-7256
-9940
-11419
-9730
-8395
-7658
-6149
-4674
-2490
-520
489
2554
5246
8249
9257
10472
12095
12812
13114
11624
8018
4564
1521
-268
-3500
-5043
-5418
-4843
-5195
-6665
-5699
-4554
-2609
-494
1354
3295
6267
8427
10236
12663
10784
8844
7535
6177
4130
548
-2786
-5959
-7856
-9953
-11787
-11837
-11994
-12460
-12189
-9891
-6344
-4749
-3052
-550
2265
5923
8694
8655
9300
8734
8458
4218
2259
-620
-5544
-7919
-9509
-10043
-10091
-11347
-11033
-10047
-9432
-8138
-7703
-5435
-4253
-2519
-1001
-244
1042
1430
1015
-1069
-3454
-4985
-7231
-9091
-12432
-15565
-17480
-20001
-22823
-25305
-25536
-22920
-21303
-20321
-18798
-15389
-12481
-11471
-9546
-7639
-5549
-4624
-4587
-5187
-5215
-7293
-10631
-14072
-17363
-20349
-24443
-26650
-26870
-27894
-28287
-26903
-26273
-25998
-24515
-21876
-17509
-13798
-11575
-8905
-7447
-5883
-5057
-6391
-6301
-7652
-10038
-13386
-14604
-15219
-17024
-18301
-19714
-19325
-18502
-16423
-15630
-11911
-8835
-5917
-1703
2419
4715
6327
7236
6664
4841
3718
2056
-1223
-4364
-7643
-11127
-12653
-14313
-16667
-18065
-18434
-18204
-16547
-14344
-12975
-10064
-7807
-4648
-1390
1647
3939
5960
7277
6396
6926
5437
4444
2471
-520
-2483
-12424
-8295
-10094
-10045
-8845
-7789
-7899
-5314
-2519
-2660
-1602
1273
5622
7508
7169
6535
7393
9026
7617
5042
2996
2091
1772
707
-3115
-7903
-6749
-5230
-5104
-6740
-8622
-8061
-3936
-331
1300
2394
4522
6452
8332
9189
10425
8658
7076
4751
2117
-843
-4041
-6988
-7487
-7013
-7505
-8676
-9335
-9941
-8837
-6786
-6169
-4221
-489
1380
2826
7510
10338
11474
9359
6659
7054
7066
4225
-849
-4230
-5538
-7873
-12813
-16109
-15178
-14060
-12939
-11846
-7669
-5333
-3644
-815
3156
5930
6610
6630
7042
7823
6922
6165
5809
6288
4738
2454
1418
25
-1728
-5781
-8088
-8896
-10650
-10564
-9285
-6359
-4002
-1861
-4
3531
6046
6103
5873
6362
6844
5209
2551
-637
-3430
-5388
-7602
-9214
-11426
-14022
-14325
-14226
-14326
-14762
-14430
-11704
-8887
-6738
-3832
-879
-974
1894
3391
3214
3135
1324
812
118
-2401
-5241
-6732
-9310
-14172
-15407
-16203
-18924
-20243
-18965
-16277
-13480
-10854
-8833
-5923
-3204
-1556
-430
-806
-2740
-3184
-4630
-4000
-6042
-9025
-11877
-13565
-14193
-15159
-17920
-19101
-19563
-18093
-17307
-16098
-14944
-12181
-8307
-5338
-2596
-751
1809
1855
2200
2195
2607
864
-3644
-7287
-10391
-12674
-15201
-19938
-22365
-22678
-23770
-23206
-22201
-21416
-20050
-17402
-14476
-11102
-8962
-8979
-8168
-7879
-8377
-8613
-9832
-11197
-12758
-15975
-18309
-18293
-19260
-21878
-23458
-23316
-24153
-23467
-22260
-20956
-19294
-17629
-14538
-12491
-10733
-7953
-7130
-7301
-7552
-7683
-8237
-10032
-13300
-15151
-17428
-18843
-19454
-20081
-21425
-21607
-20350
-18883
-17013
-16207
-15364
-11871
-8644
-6205
-5171
-2888
191
201
155
503
-233
-1515
-2026
-2833
-5588
-7892
-8832
-9422
-9280
-9982
-10277
-9456
-7420
-4094
-882
23
2423
4888
6307
8733
9482
8462
8407
9391
7348
5830
4496
3082
-283
-3553
-5585
-7272
-7745
-9700
-10089
-9591
-8431
-5168
-3816
-1292
2954
5305
8280
12098
12804
13175
14677
12882
11988
11106
7745
5867
3580
501
-1451
-4464
-6488
-7196
-6664
-7780
-7823
-7691
-5151
-1243
1541
3822
4409
6609
8604
9074
9193
8967
7316
5871
2871
-864
-2345
-5112
-6871
-8546
-11008
-11860
-12427
-11256
-9241
-8486
-6830
-4161
16
2526
5213
7931
9277
11282
11123
10731
10663
8604
5614
2419
-1156
-5247
-8256
-10296
-10870
-10770
-11345
-11391
-8883
-7547
-6707
-3938
-848
1753
2511
4838
6157
6787
6636
5145
3120
1667
-2154
-4772
-5967
-9243
-11470
-11966
-13731
-14116
-14392
-14713
-12662
-10560
-8935
-6965
-4818
-3225
-1514
301
1048
3064
2598
2021
1884
-796
-2567
-5188
-8264
-10645
-12840
-13725
-12841
-13974
-13946
-12460
-10297
-9230
-6919
-3696
-1540
51
1896
3819
5432
5849
4806
6054
6237
5668
4415
3366
2028
-373
-3224
-4328
-4418
-5954
-7535
-7544
-6317
-5868
-4810
-2393
211
3222
5793
7686
9745
11506
10990
11014
10509
8895
5743
3333
1729
-498
-3553
-6115
-8678
-9895
-13103
-13557
-13445
-12227
-10411
-7264
-4200
-523
3753
5852
7961
8329
8906
8407
7180
5294
3172
738
-2338
-2983
-9030
-14330
-7803
-8584
-7221
-6485
-6137
-5840
-4965
-2235
1133
4237
5841
8301
10553
11522
11378
9918
9444
9581
9572
7527
5144
3175
1142
592
-743
-2056
-2776
-2802
-1449
-66
277
3778
6069
8871
11398
12799
14768
15250
16195
15700
15512
14132
11418
8520
5579
4445
1960
-1114
-775
-1618
-2973
-1706
408
1110
2950
6384
9847
11058
13659
18135
21106
22486
22937
21053
19388
19324
17945
15329
15456
14320
13140
11835
11316
12481
13558
13773
13925
15689
16600
19794
22450
22655
23689
25800
28479
29631
29708
29445
29876
27821
24893
21920
19501
14528
9996
7894
7325
5791
4318
4350
5986
9089
10443
13137
16554
18925
21071
23700
24602
24410
23636
24370
23233
19670
15780
13389
11222
8401
5734
2487
915
-114
-1615
-1947
-2085
-1927
600
3073
4775
7510
10726
11620
12391
13518
13615
13450
12048
9317
8656
8103
5002
2683
1922
-204
-456
-760
-2694
-1373
165
2047
4234
6107
10025
12558
14123
16303
18659
17716
17856
18247
17603
16432
12553
10575
9107
6966
4460
3739
1189
245
190
-370
-80
899
1080
3581
6714
9270
11100
11475
13237
14211
12898
10910
11214
10006
8084
5318
1810
522
-860
-2888
-4986
-6915
-6923
-6363
-4645
-2589
-483
1214
3107
7167
9080
9954
12715
14810
14066
14071
13314
11242
9924
7870
5431
2280
-748
-2742
-1519
-2576
-2959
-3342
-939
1550
3566
5214
7112
10011
13071
15447
16990
17552
18374
18357
18573
17812
14956
13058
11903
8888
6004
4507
3177
922
1378
2360
1925
3720
5849
7694
10893
13347
16028
17699
16738
18236
20147
20077
18148
17530
17442
14804
11236
9062
7173
4881
1637
-286
730
-346
-770
-191
2006
3515
6357
8658
10099
11830
12991
15243
15850
15862
14936
14336
11426
8161
5035
1721
-1433
-4186
-6011
-6819
-7658
-9548
-10989
-9478
-7167
-5176
-3603
88
3116
6139
9797
10470
10617
10327
8968
9025
7165
3924
490
-2377
-3807
-5021
-5574
-6020
-6591
-5669
-5570
-4294
-1315
1016
2645
4903
6463
7773
9057
9579
9659
8531
8117
6742
4337
3206
15
-3095
-5205
-7538
-8419
-10755
-12315
-11390
-11061
-9623
-6078
-3980
-1940
312
3125
5398
6825
5846
6456
5645
3121
913
-3253
-6071
-7960
-10271
-13486
-15730
-17860
-17346
-17487
-18277
-18301
-18190
-16170
-13876
-11877
-10181
-6751
-5106
-1968
-1656
-1963
-1361
-1541
-3025
-5963
-8090
-10228
-12850
-14422
-16943
-18504
-18113
-18313
-18843
-17990
-16171
-14328
-12689
-10591
-7713
-6002
-3839
-1812
-424
-479
-2497
-3633
-4205
-6737
-10192
-12869
-14049
-17297
-19931
-20120
-20194
-19629
-19436
-17271
-15903
-13742
-10961
-7886
-5340
-2871
-249
2009
3097
3759
3755
3333
360
-1938
-3615
-10070
-8425
-11941
-13260
-13547
-14307
-14891
-15078
-13695
-10891
-8215
-4730
-1304
516
4153
6923
9153
9283
10925
12861
12646
10739
8638
6946
3567
990
-1245
-2670
-4280
-4935
-5691
-5221
-4848
-3724
-524
314
3378
6564
8295
10796
13349
13257
13873
14037
14356
12262
9514
7823
5905
4378
4404
-279
-1509
-3575
-5137
-4645
-3246
-3421
-508
2540
2861
4355
7151
9562
10220
10284
9280
9915
8307
5542
2898
-242
-1642
-4601
-8763
-11847
-12198
-11139
-11927
-10718
-8330
-6685
-4280
-703
1357
3645
8032
9906
11305
12335
12700
12173
11008
6873
4303
265
-2646
-3614
-6737
-8465
-10002
-10055
-9714
-10512
-10656
-9516
-8522
-8252
-6129
-3378
-77
1639
2985
4096
4848
3595
1162
-907
-2586
-4862
-8551
-12739
-15435
-16723
-17575
-16686
-17449
-18298
-16954
-15480
-13137
-11127
-9093
-6251
-4846
-3164
-885
-1360
-2469
-2140
-3943
-5979
-9890
-13154
-15471
-17998
-20701
-23125
-24134
-23689
-23054
-23125
-22509
-21007
-17745
-15925
-13644
-9797
-7224
-4743
-4559
-3316
-1868
-180
-1422
-3275
-5889
-8303
-8704
-11361
-13214
-15229
-16487
-16233
-15837
-14327
-11760
-10620
-8250
-5259
-2246
352
2416
4655
5757
7463
8905
9921
10964
9251
8277
5956
3548
1239
-2110
-4244
-5442
-5143
-5647
-5074
-3243
-699
1926
4160
6847
9766
12015
12918
14548
15990
17493
16603
15591
15130
13625
10657
8814
6160
4371
1844
-890
-1522
-872
-150
1961
5514
6990
10844
14309
16359
19185
21537
23447
23972
24637
23715
24050
22623
19577
16927
13696
11039
9523
6285
4196
2768
2543
5069
7012
6966
9514
13238
17323
20416
22373
24756
24882
24097
23786
24404
21737
18907
16413
13262
11254
9327
7045
4877
3704
1417
751
1887
3559
5309
6889
8640
12296
15360
17682
20513
21363
22671
22648
20587
17582
15389
13157
9428
5875
2039
-894
-1834
-4069
-6088
-7070
-6709
-5270
-4472
-2082
1
777
2783
6640
9717
10843
11470
11951
11787
11006
10150
9407
6255
3713
1049
-2697
-3829
-4302
-4141
-4718
-5327
-3743
-2281
-857
1083
1135
3023
3382
3153
3356
3130
1450
570
-1058
-2264
-4021
-5600
-6940
-10777
-13135
-13399
-13493
-15374
-16773
-17068
-15004
-14670
-12997
-11820
-10558
-8894
-6088
-5179
-6984
-7910
-7745
-9260
-11093
-13630
-16296
-17547
-19166
-22919
-23818
-24085
-25725
-26753
-27771
-28888
-27521
-26896
-25375
-23775
-20946
-19323
-17825
-16806
-15325
-13052
-13768
-15022
-16799
-18736
-19355
-21142
-25137
-28137
-31271
-32842
-34120
-34692
-34469
-35450
-35522
-33788
-30696
-26888
-24590
-21648
-18203
-15349
-13482
-13477
-13044
-13128
-13724
-15553
-17304
-20757
-22497
-24242
-27668
-29201
-31586
-32869
-34520
-35611
-34058
-31253
-29524
-28810
-25412
-21718
-19166
-16456
-15341
-13919
-12711
-12856
-13546
-15742
-17423
-19283
-21803
-24061
-27549
-29703
-30502
-32132
-33706
-34873
-34423
-32941
-29796
-28894
-26029
-22793
-19455
-15880
-13465
-13144
-13045
-13545
-13274
-13499
-14857
-16837
-19541
-21266
-24617
-27004
-27877
-27920
-27635
-27990
-26359
-23621
-19874
-16290
-11975
-9005
-6963
-3771
-874
-993
-1579
-1049
-2240
-4756
-7019
-9623
-12361
-15436
-17469
-18435
-19748
-21176
-18988
-17978
-16809
-14224
-10928
-8887
-6969
-4778
-2669
484
2724
3742
3989
3813
3162
2074
214
-2135
-5199
-7127
-8342
-8746
-10119
-10732
-10470
-10356
-8663
-5821
-3918
-2755
-58
1486
4370
7171
7480
8098
8447
7579
6156
5151
2369
1066
-1758
-4279
-13242
-16570
-8192
-8863
-9141
-9327
-6695
-4600
-4052
-2082
-19
2910
5537
6416
7071
8128
9114
8325
6517
4182
2647
1733
940
-1010
-3408
-5078
-6388
-5804
-5934
-6131
-6290
-5200
-2773
1204
4631
6567
8722
11464
12935
14205
12912
12448
10655
9459
7153
5020
3986
1681
-45
-1548
-2435
-3379
-5437
-5912
-4772
-3822
-2331
-1119
839
2272
3484
6691
8641
10854
10761
9534
8869
7386
4424
2557
385
-1863
-4900
-5569
-6088
-6257
-5205
-4672
-2231
-1383
-113
3640
6967
10872
13355
14880
16768
18257
17930
17447
17342
15823
13297
12046
10441
10505
9640
8739
6783
5474
4881
4102
4607
5503
7256
8926
10366
13641
16104
17648
19088
19494
18546
19601
19515
17652
16768
16841
13686
11146
11046
9071
8083
7308
6479
6850
6994
8771
10106
12181
15620
18772
20391
21745
23062
23867
22366
21817
20229
19445
17763
15457
12337
9752
9262
6622
5335
5263
3350
1937
3022
4933
5883
6884
8658
10896
12807
15361
18470
20261
20672
19999
19371
18840
15926
13925
21320
6995
5042
3416
2616
979
-160
-298
2750
2833
3487
5139
7297
10861
12673
13445
14935
15929
15081
14014
12810
11290
9203
