14704
6319
-20760
-21268
6897655
-16477
-10893
-5476
640
7975
14436
19208
25380
29840
32624
32852
30400
27812
22947
17216
8984
1211
-5041
-9604
-12797
-15773
-18021
-19081
-16836
-12140
-7028
308
7500
14096
22976
29279
34167
37579
43047
45123
47303
45219
43339
38551
32175
25403
17856
13080
7732
1524
-2301
-741
3784
9015
14919
21804
31723
39311
45631
50896
55748
57867
61475
59572
57483
53740
48512
43000
37588
32228
25172
19999
16456
11972
11640
10168
8840
10652
14888
19376
24059
30063
34852
40779
42239
44687
47503
47231
46736
2928
4944
10532
16332
23079
30151
35540
38800
42083
41984
41703
40288
38699
33468
25388
18571
12815
7324
1160
-1356
-4840
-6977
-8113
-7209
-5736
-348
6159
12452
19284
24816
29571
34151
38855
42788
44448
42420
38764
32728
25664
19584
11519
4551
-2829
-8760
-11948
-14464
-17961
-16252
-14357
-7649
-281
5135
12620
21055
27899
34960
40004
44627
45472
44436
43195
39951
36727
31707
22856
14816
9240
1767
-3021
-6088
-10045
-7760
-3793
2244
8299
15615
22688
31432
38928
42328
47488
50944
53459
54615
53755
48663
42988
35288
27524
22087
13816
8671
5620
-469
-4209
-2701
316
5548
11532
20227
30328
39844
47331
53535
59783
63516
62812
62303
59104
54855
49535
42135
35984
31679
25192
19775
15139
13183
11687
12211
14048
17708
21472
26208
30064
34444
39028
44532
48536
50756
51327
49815
46472
41976
37531
31456
23895
17240
10027
5168
1784
2740
3203
1623
2972
8404
17164
23960
29195
31043
36091
41852
46363
48711
47663
45391
42811
38924
32647
25855
18904
12247
5224
-585
-4112
-5777
-5788
-5128
-1272
4587
8015
11087
18716
24487
27828
29592
31664
32840
31451
30196
28659
26388
20867
13516
5787
-1268
-5785
-12469
-17849
-22792
-23157
-24172
-22960
-20308
-17576
-10497
-4245
1399
6932
12895
19391
21211
21203
22511
19863
14460
8388
1732
-4436
-10825
-15105
-19569
-24392
-27076
-24029
-23372
-20248
-14553
-8337
-1208
6488
13047
21680
28220
31656
34843
34564
32528
29160
23695
17876
14023
9147
2483
-1504
-7833
-13648
-17428
-22140
-22889
-18644
-14456
-9828
-3669
4431
12159
19688
24520
25764
28532
27472
25351
21928
18212
11451
4343
-4217
-11084
-16224
-20577
-25545
-27756
-29564
-30309
-29057
-25453
-21097
-14985
-7240
-897
2228
7107
10283
11995
11443
9099
4112
-2832
-9600
-16484
-23716
-30737
-39081
-45125
-49765
-53277
-52280
-50236
-46504
-40493
-37669
-28361
-19908
-13049
-7513
-2596
-745
71
-208
279
-3220
-8612
-12709
-18445
-22996
-28724
-33181
-39236
-43613
-45396
-46376
-44397
-40521
-34572
-27736
-24184
-17225
-8560
-2341
3156
6127
9788
11568
8411
4220
-520
-5900
-13016
-20705
-27928
-34093
-39304
-42605
-43044
-44752
-43388
-38536
-34601
-25997
-19180
-11553
-3768
2292
7571
13047
16619
16108
15007
14636
9339
2203
-3196
-8232
-13008
-19821
-24945
-27176
-27452
-26188
-23020
-21832
-19685
-13032
-7829
-812
5235
7764
11964
14884
18263
18395
15620
15371
12807
8007
3736
-744
-5360
-9928
-12829
-15200
-17432
-21396
-21609
-19032
-14849
-10684
-6353
-1864
2916
6872
12451
15863
14900
13668
10759
8316
3755
-1281
-7021
-14581
-18405
-23180
-28444
-31465
-32748
-33161
-33496
-30012
-26120
-20805
-14717
-7712
-1840
5280
11296
15891
17899
20291
21455
17835
12672
8943
2707
-3041
-9392
-12816
-17700
-22876
-24340
-23997
-26336
-26861
-24157
-19877
-15328
-9680
-2736
4540
11623
18000
21167
24564
23679
20575
16895
13987
9003
3163
-2125
-5160
-6221
-8877
-12609
-14313
-11700
-9705
-5693
-1149
2120
9915
18251
26140
32055
36492
39927
41524
39604
-17151
-13244
-18624
-22017
-19372
-16445
-13868
-9700
-3708
2819
8191
14848
21439
22188
22759
25592
25567
23983
21100
19948
15104
9308
2003
-761
-4945
-8820
-9128
-10076
-8149
-7312
-1284
5532
14892
22995
30116
38735
44359
50855
52324
52719
49975
43639
38956
31732
23760
14708
6736
504
-3413
-8525
-13284
-14133
-16860
-15369
-10569
-6073
1536
11539
19760
25084
30220
35604
38608
38984
37099
31852
26832
20599
14175
6196
-1080
-7732
-12824
-15085
-16241
-17357
-18852
-14228
-8613
-3316
1995
8015
12863
17244
22579
23968
25996
26755
24351
18400
13240
9676
3164
-5472
-11177
-16672
-20877
-23444
-27345
-29273
-28393
-22820
-18556
-12976
-4568
3451
10760
17652
20480
22184
25940
28171
28196
24676
19151
12711
7584
1276
-4873
-8848
-14145
-18509
-21600
-21820
-18880
-15020
-8429
-4257
4392
11847
19399
27323
31271
36239
42547
44416
43255
40032
36920
31668
25183
17248
7131
27
-5316
-11464
-14485
-17269
-16505
-13416
-10537
-5920
1192
10276
16711
21184
22080
22388
23331
21768
17756
11127
3863
-3008
-8641
-16373
-21532
-25629
-29100
-32892
-34617
-35361
-33905
-29525
-28361
-19736
-9381
-1453
6383
10851
16319
20891
20251
17024
16807
15104
10635
5888
-609
-7000
-14201
-21401
-25385
-29961
-32580
-33356
-37304
-34989
-29872
-22081
-13657
-6589
-2153
4751
11888
15435
16827
16143
15675
11479
5687
624
-5028
-11681
-17653
-23236
-28956
-32105
-31628
-32357
-31805
-30765
-26073
-21185
-13676
-7037
-2489
3552
8847
11764
14207
14528
13451
11948
6312
1763
-4128
-12708
-18208
-20940
-24736
-27736
-30364
-27716
-24772
-21149
-14948
-10988
-5196
3611
11296
17120
20300
24744
27372
28224
25887
20460
15923
8584
4651
-741
-9196
-16217
-19048
-23509
-26112
-26896
-29304
-28772
-22980
-15889
-9160
-1221
2411
9111
16184
22540
22231
22328
23435
18967
15924
12471
7955
1747
-3404
-9392
-13753
-17108
-19121
-18285
-17132
-15573
-11076
-4077
3099
10471
14935
17340
21227
26216
27296
26632
25652
22967
16816
11544
3651
-5788
-13405
-19248
-21852
-24145
-24940
-27237
-27404
-23352
-17644
-14244
-8512
-2125
5783
10676
15308
19532
22032
24283
23256
20019
17147
14060
7492
1280
-3752
-10397
-14344
-17521
-20140
-21681
-20337
-17373
-11928
-4580
1360
9284
14995
18264
22076
26091
26671
29172
30367
25143
17668
12168
5120
-4057
-12304
-20700
-25909
-29860
-36340
-37868
-36909
-37797
-35340
-30473
-25424
-17553
-10784
-5593
-2096
2915
4363
6780
4075
-2169
-9161
-14041
-19381
-27464
-33460
-40960
-46272
-48964
-51928
-52477
-51977
-51048
-45732
-40789
-35557
-27596
-21293
-11297
-5204
-1680
2332
5976
6352
1000
-4752
-9913
-16565
-25328
-34373
-40552
-45404
-49648
-53797
-54728
-53164
-52621
-47945
-41124
-35164
-28504
-24880
-22248
-18608
-14573
-10208
-9185
-11168
-14685
-18880
-25408
-29616
-34333
-42504
-48412
-53892
-57444
-57233
-55376
-52252
-48065
-42452
-37677
-31149
-22557
-16021
-11489
-8648
-1022977
-5185
-6348
-9977
-13809
-19216
-24812
-31549
-38284
-44532
-49005
-53008
-54897
-54424
-56257
-53625
-47489
-43112
-37464
-30224
-23528
-17424
-12089
-7300
-3549
-733
288
-3176
-61697
-14288
-20381
-26261
-35024
-39944
-44772
-46704
-47752
-44996
-43144
-42229
-37904
-31172
-22833
-19008
-14941
-9105
-3845
-968
2979
844
-3241
-4060
-7013
-12701
-15784
-20172
-27925
-29932
-33588
-34720
-34668
-35936
-33353
-26025
-19620
-11697
-2532
3584
10743
16204
21783
25423
27443
26224
24735
22992
18783
12431
6692
-609
-6213
-12952
-20529
-23804
-26156
-27116
-25016
-21540
-19468
-12568
-5048
-161
5144
7988
11180
14824
16063
14612
12491
8996
1552
-5489
-9244
-15621
-23301
-28825
-36085
-40248
-42844
-44012
-43693
-44769
-40716
-31745
-25809
-20328
-14009
-10332
-6992
-5013
-5853
-6569
-9033
-12245
-15025
-20289
-27636
-33700
-38657
-43633
-47404
-49621
-50445
-51153
-49276
-43697
-38425
-30028
-22068
-17100
-10884
-4977
-633
2096
3780
2399
1651
-1933
-5592
-11360
-18704
-24332
-31653
-35541
-39984
-45445
-48753
-49545
-49197
-47944
-46020
-43453
-38960
-32704
-27980
-21184
-16721
-15401
-13680
-11432
-12557
-13528
-17316
-21261
-26457
-31304
-35872
-43873
-47148
-50296
-53384
-55172
-50936
-48404
-46829
-41664
-34137
-28216
-20392
-13661
-8304
-5629
-2576
15
444
-597
-4261
-11829
-16360
-19768
-28757
-35993
-40185
-42713
-43176
-42645
-43328
-39953
-31732
-22805
-16096
-10849
-1600
5860
10515
16267
19656
18660
18352
17308
11603
6168
1267
-5720
-13953
-17917
-23696
-28996
-33340
-34237
-32613
-31161
-26792
-22952
-16196
-5348
1671
5904
14095
15899
16056
15867
12175
8663
2528
-4617
-11580
-19121
-25544
-31377
-35764
-40269
-42465
-41312
-37852
-35112
-29253
-24137
-19316
-12381
-6584
-2344
1039
4772
7576
9716
6799
2856
-965
-5720
-13424
-20428
-29345
-35652
-41852
-48005
-50605
-51696
-50684
-47121
-43865
-43520
-38112
-27796
-22420
-17760
-11304
-5521
592
2459
2852
-201
-4761
-8812
-14492
-24073
-33213
-39300
-43276
-48084
-48297
-49308
-48884
-43904
-38277
-30204
-23501
-15456
-8585
159
6696
5571
6047
6763
3415
-309
-4896
-12840
-15005
-20176
-27093
-30568
-32357
-34660
-37916
-40380
-38037
-32740
-28572
-25109
-18097
-12057
-6265
-245
5292
7436
7184
6183
4288
836
-3784
-7700
-16052
-20864
-23872
-29512
-31225
-34349
-35156
-36193
-34037
-26097
-21804
-14757
-7404
-1620
5160
13752
18500
22744
25191
23960
23008
19472
15368
12604
7344
471
-7325
-11229
-17240
-22941
-26352
-24556
-24877
-23904
-20469
-14281
-9009
-3716
2908
7728
12600
14772
15224
15520
13552
10588
6672
-1325
-9273
-16449
-25025
-28825
-32144
-36885
-39076
-41912
-38297
-34465
-31824
-29076
-23872
-18356
-13740
-6024
-3260
-749
-816
-1001
-2380
-8892
-12041
-17613
-26053
-31341
-37004
-43328
-47608
-46929
-46372
-47205
-43901
-39064
-32321
-25468
-18277
-8561
391
5016
9531
13628
17707
17823
16843
11847
4580
-2068
-10760
-16072
-20473
-29100
-36528
-39189
-39716
-39124
-36124
-33109
-25481
-17337
-10544
-5709
3067
10035
15464
19960
21032
26924
26195
24012
19343
13652
5495
-264
-6253
-11512
-12097
-13916
-15940
-18208
-14593
-9489
-5224
-2221
1895
9787
17515
24400
29103
28488
28960
31644
29220
25779
23852
18127
12976
6892
568
-2576
-5033
-6513
-9337
-11708
-8412
-2645
1564
6615
9583
16307
22423
27188
29408
33743
36875
38388
34872
24895
17608
12116
6168
-1288
-6061
-8389
-11508
-13640
-13501
-10700
-9769
-7152
-2545
4143
10295
15003
18828
22764
25464
28628
29472
26676
24103
20067
15851
6971
1139
-4152
-11821
-14905
-17485
-16544
-16081
-12460
-6716
-540
5396
13820
19928
25479
29819
29900
32584
34055
31919
29148
24027
19183
14284
6968
1012
-5281
-10924
-12181
-14548
-13496
-11933
-7033
-2812
276
3043
6744
12564
19816
25192
26219
27183
29771
30644
31544
27363
25656
23443
16060
9576
5391
520
-2105
-5733
-7421
-7837
-7017
-4524
2892
9771
17316
23824
32479
44611
47263
49127
52936
54751
54724
48884
43855
38824
33311
27044
19955
16064
12532
8847
4220
3068
4479
6580
11468
15332
23291
30092
37036
45104
50439
54904
55663
56955
55300
51816
48015
42600
37051
30447
24552
19828
16607
15487
16035
14923
14560
18684
22852
29351
35811
42736
49588
58000
65728
68231
73696
76855
75552
70767
67071
63596
57348
49447
41415
36591
30932
26851
25024
22852
22912
25332
31508
35920
42440
50236
55280
57588
59351
62220
60880
58259
56579
49344
42203
34895
27243
20688
16859
14075
10943
10140
11319
14068
18784
23808
29272
34219
40696
46600
52863
57047
57871
62471
66055
66583
62316
58195
51095
46771
40612
31696
27360
21703
17256
13699
11860
9788
11151
14927
23063
27700
34104
38824
45119
51207
53912
56300
58636
58323
55072
51864
47603
41731
35827
28367
22135
17707
10680
7219
5456
4183
6295
10291
13639
19151
24588
31752
37115
41832
43763
47367
51068
48712
44235
37499
32148
25915
19283
12647
5983
-1412
-4721
-9696
-13357
-13001
-10392
-7973
-3948
920
6388
14343
20607
23972
28676
31468
30364
31260
30320
27900
23444
18227
14496
12200
9560
7895
4672
536
-2292
-4065
-2492
2051
6364
13116
21032
28960
37607
48499
55356
59763
63528
63592
61979
60899
54096
46103
40259
37392
34596
30199
26699
24923
22316
21356
22135
22956
27512
33092
36140
40851
44008
49415
53611
56532
58300
54803
50519
46832
41575
34463
28732
20159
12780
7483
4772
787
583
1187
3059
6539
13684
19231
25571
31720
35339
39399
39251
42344
45728
46659
43836
42516
39936
32251
25263
17031
9699
5879
3604
-1885
-5556
-3833
311
5136
10264
14860
22072
27827
35196
39983
44795
49112
49827
45219
40555
35228
29236
22504
15576
8008
491
-3460
-6001
-9784
-11164
-11473
-10281
-9412
-5693
284
4115
10380
19128
25808
28164
31043
31559
32164
28536
23612
18536
14184
7664
-3845
-12836
-16744
-19544
-23044
-23721
-20340
-15201
-10137
-3548
1636
10080
17140
23107
28604
31839
33484
31908
28947
26023
20127
12963
7015
-1616
-8916
-12284
-16109
-18912
-18840
-21985
-22560
-19945
-17017
-9093
-3305
1691
8879
17256
22992
25887
27775
27692
25827
22719
18483
13960
7731
176
-7604
-12996
-17869
-23620
-28945
-33604
-32525
-29976
-30272
-26901
-23269
-19072
-11980
-6396
-1532
3020
8140
10795
13240
12424
10712
6108
2236
-2176
-8885
-16044
-20316
-21152
-24301
-27293
-24596
-20560
-18377
-16125
-12801
-4277
3279
10324
14291
16963
18396
17107
13220
12107
-377
-8500
-17536
-24324
-26185
-30504
-35765
-40161
-42536
-41696
-40085
-34508
-29036
-24609
-18816
-8880
-1581
1560
4488
9416
12299
13707
12928
11635
11484
8144
4143
-365
-4100
-6137
-9549
-14149
-17716
-17452
-16712
-14460
-8876
-1572
5047
10124
14844
22672
28951
32455
35755
37272
37636
34224
29027
27815
26591
25092
18007
13651
11375
9596
9239
4392
4464
9252
14228
17528
25192
33915
39560
43160
50079
53223
55584
53823
51012
45096
39392
34979
30923
24227
15472
10148
5655
831
663
-217
1003
3999
10036
16744
22564
25855
30555
36131
39168
39892
39976
39620
37203
33587
31068
24627
19048
12011
5759
2220
-4473
-9745
-12752
-13493
-11012
-7153
-5920
-2497
6336
11631
15679
21411
28863
30831
33088
35503
35387
30748
25767
21284
15408
5496
1208
-1213
-3905
-5104
-8733
-11077
-10100
-8617
-6417
219
4211
10584
16291
22196
27008
28972
33303
34540
31172
26284
18252
12863
5352
-649
-3973
-12093
-16292
-18417
-19849
-19517
-17452
-14637
-10800
-5829
652
8840
15436
19856
24731
31327
34840
33724
30531
26100
19724
9031
1248
-6484
-15337
-18777
-25153
-28016
-30088
-31973
-30596
-26084
-22708
-17824
-12548
-6101
-2736
128
3712
6240
7603
5987
3208
92
-3284
-10501
-18884
-25260
-32008
-39373
-44540
-46021
-46493
-45580
-43669
-39821
-35649
-30133
-24272
-19564
-14045
-11945
-10553
-7557
-3356
-3657
-2965
-5313
-11513
-15317
-20033
-26297
-31388
-34332
-38349
-41384
-44013
-42488
-41112
-38900
-30224
-26717
-21189
-12200
-4196
2323
7171
9051
6872
3372
1823
-2121
-8448
-10028
-14468
-18904
-22916
-26537
-28317
-32821
-34981
-37180
-32745
-28856
-26296
-19200
-13300
-6261
-3952
23
6180
8308
10683
11767
11095
6556
1828
-1149
-7080
-11772
-15632
-18860
-20500
-24576
-27144
-24448
-24016
-20673
-14484
-8344
-1656
4539
12767
19379
24407
26727
27895
26831
23496
17456
14288
8180
3223
-2144
-7284
-13760
-18789
-21884
-22596
-22392
-20589
-17584
-12861
-5792
587
6876
13888
21987
23651
25276
25623
25760
22800
19108
16388
8043
2340
-4392
-10477
-13644
-15236
-17337
-19664
-17692
-17332
-14684
-10745
-9676
-3728
3307
8487
12932
18840
19759
18136
17972
14080
11431
8015
4015
-1864
-5209
-6912
-10817
-14201
-16948
-16924
-15377
-14889
-10157
-6188
-4216
904
8136
13860
19316
24067
25760
26364
25443
22803
17835
14016
8891
1304
-7469
-13220
-19349
-21765
-22781
-25784
-26540
-25257
-22985
-21745
-19889
-13305
-9604
-7544
-4545
-4157
-4160
-3437
-7553
-11324
-15741
-20960
-27085
-32392
-39925
-48064
-52425
-58237
-58853
-58705
-60368
-58329
-53984
-46368
-39788
-34644
-29152
-25221
-22924
-17204
-13924
-14884
-13757
-16545
-23053
-28096
-29152
-31817
-38332
-43576
-48004
-47393
-45357
-47772
-46937
-46640
-44165
-39504
-34549
-27769
-18816
-10976
-6617
-1869
1115
1191
2051
-3069
-4461
-9513
-18885
-24284
-30620
-35208
-40356
-47965
-49768
-52424
-50685
-47905
-43776
-36357
-26801
-20721
-15741
-6908
-3089
-965
3935
4548
2111
356
-2948
-7140
-11232
-15753
-20193
-27277
-34649
-36028
-37424
-37901
-35429
-31104
-27076
-21408
-14173
-7668
-1888
2252
7716
13292
15711
15003
13152
13259
3602
7204
4504
-2052
-6681
-15536
-22221
-23637
-29560
-31961
-30537
-28724
-23913
-17821
-11801
-2385
7759
16867
21755
22604
24796
28072
27199
22508
16691
11804
6756
-96
-7552
-14245
-20716
-23712
-28512
-28512
-28345
-27273
-19549
-14380
-8772
899
6123
10815
15632
20067
20747
22464
23847
23943
18128
11827
10463
8859
7708
-1705
-9912
-12948
-19428
-22265
-24276
-29513
-27864
-19704
-12201
-4788
-4740
3624
15980
18839
20403
17040
14548
15651
14332
7644
659
-4937
-9428
-14301
-18796
-24257
-30764
-30828
-30009
-25544
-17269
-12605
-11673
-6053
2035
9671
15072
17652
21880
23088
21643
24895
21447
11324
3148
-4989
-13513
-21473
-26016
-31912
-32753
-31333
-28992
-24285
-23400
-20909
-16060
-9628
-2461
2212
3523
5543
8568
11160
9747
6531
4204
1668
-6689
-13873
-17904
-22837
-27104
-34108
-37549
-36945
-35901
-32333
-30113
-24724
-16568
-11480
-7169
-3792
-2889
1020
2944
5836
6344
2584
-1653
-6157
-8828
-11564
-16341
-21673
-25693
-29836
-30581
-31764
-30068
-30640
-25732
-22053
-15677
-6205
-3697
36
7008
9687
9744
10707
10964
8112
751
-6253
-12964
-19301
-29473
-36957
-41781
-44392
-43640
-44857
-46336
-42824
-36737
-32209
-30144
-27936
-22541
-18061
-15305
-11241
-7564
-4064
-5320
-3924
-6308
-10728
-17040
-23440
-29676
-37041
-41341
-47556
-52660
-55369
-56248
-52100
-48792
-46744
-44432
-38585
-29672
-22300
-19537
-17381
-15201
-13081
-13333
-18465
-23128
-27021
-32404
-37032
-40976
-43469
-45056
-46588
-51109
-53484
-52028
-47720
-44460
-41400
-35932
-30460
-22780
-14885
-9720
-4840
-3524
-2297
-477
-4029
-12009
-17588
-19709
-24981
-33533
-39084
-42609
-45400
-46296
-46545
-45380
-47032
-40876
-34029
-29364
-23893
-18092
-14405
-7036
1659
1883
156
1584
4275
2652
-2628
-6120
-10952
-16369
-20492
-24448
-25129
-25080
-25845
-23936
-18756
-14672
-10425
-4761
1868
9092
11604
16935
20815
22311
24035
25264
25099
21515
17496
11668
4044
-4149
-6700
-11541
-17332
-19261
-18185
-18648
-20320
-13516
-6081
-3773
3660
10936
14619
18856
22732
23215
24031
28151
26380
21080
17712
11367
3447
-3644
-10705
-18816
-24776
-29301
-33276
-32933
-29280
-25089
-19369
-17248
-11197
-6637
-1900
1027
4983
10819
14760
17924
15987
12604
10291
8344
3403
1204
-2972
-9337
-15065
-17481
-18188
-17820
-13037
-10756
-10465
-4405
456
4579
9608
13088
13891
14323
15495
13328
12548
8412
1760
-4373
-12345
-18237
-24916
-30148
-33853
-39168
-42409
-40585
-36292
-32861
-30725
-23248
-13441
-4820
-1753
2468
7323
8836
11251
11215
8500
5743
-2008
-8025
-14641
-21972
-27692
-32284
-36241
-41253
-41233
-38276
-35196
-32969
-26208
-19808
-13252
-6953
-1512
2244
7216
10848
13092
13063
8572
3628
1216
-3985
-9884
-14004
-21665
-26504
-27381
-29041
-31324
-31036
-27373
-22720
-17597
-11597
-3496
2071
6719
12755
15691
15387
19460
20295
18268
14680
8668
4255
-737
-7768
-13101
-17228
-20492
-22732
-23020
-21720
-19229
-15701
-8553
-3045
880
3324
9468
17307
20663
20772
21815
20983
19927
20215
14467
7751
2203
-4581
-7744
-13613
-16545
-19616
-24429
-23317
-18753
-17441
-14713
-11385
-4284
1368
3188
7919
12223
14748
14460
16484
12987
3032
194048
1856
612
-1280
-6777
-10597
-12836
-12249
-10344
-10860
-8669
-5824
-2288
3651
9183
15636
24248
26379
25675
27124
28463
25867
21819
18264
13624
9884
2016
-4576
-8289
-11853
-13053
-14304
-11569
-6732
-4293
1531
7992
16624
22976
30380
36288
39123
41759
44868
47148
48044
46240
44135
39504
33720
27179
21071
14767
8368
2764
-1604
-5465
-9200
-5348
2715
7148
12603
21252
31040
38500
46768
50852
50031
50827
52011
48459
41495
37092
33595
28379
22711
18059
12431
10147
10480
10624
12151
15307
19079
25207
34628
44768
51031
57895
61796
66103
67863
66999
64668
58783
52191
45647
41036
35792
28976
22100
17680
16380
14667
11819
10320
14732
17951
21015
27783
32915
35131
38315
43076
43331
45215
47491
43635
41167
36287
29943
25687
18596
12388
7727
-260
-6132
-10448
-10048
-9516
-7852
-4885
467
8208
14476
18916
25955
32615
36872
39820
42608
40299
41768
42391
35684
28451
22472
15251
9763
7776
4464
1072
-828
-1684
388
3292
6879
11372
14672
18551
26176
31384
34419
35979
38764
39008
33451
28104
25096
23444
20840
13536
4679
2611
-1181
-3052
-4169
-4817
-2197
2531
9240
12867
19276
27052
31899
35755
39740
44676
43819
44192
42152
35755
28544
22984
19267
12095
5031
-532
-5941
-5949
-7728
-8329
-7120
-4892
-612
1143
5615
12935
20128
21443
25819
31063
31303
31148
32904
32780
26644
23631
21855
15924
10523
6683
5403
5583
5631
6820
10515
13204
13348
18876
28155
32939
35160
37724
43743
46987
45543
45879
43432
44292
39695
30331
20967
15056
9899
4680
2787
-1456
-3736
331
8083
10244
11979
16976
23772
29544
32420
34495
35232
40112
41916
38908
36087
30176
25764
18495
9472
5831
3768
275
-5760
-5737
-5905
-6617
-5940
-3861
-561
4019
6995
11399
16483
19336
21267
24692
26456
22612
20312
16900
14215
7960
1808
-748
-3688
-9081
-10968
-12649
-16444
-17377
-16693
-13876
-9737
-5813
3124
11104
15556
17939
19076
21391
25052
25016
23411
20828
14931
9759
5599
828
-3064
-9708
-12589
-15192
-18581
-19733
-15108
-10521
-5753
-3556
1812
9171
14555
18020
19064
20615
20323
17704
14408
8716
4532
-1549
-7508
-12477
-20397
-24548
-25844
-28285
-32052
-29092
-27228
-23785
-18136
-11641
-8521
-3960
772
5735
9020
7903
5416
3380
-1613
-4241
-5469
-11249
-20641
-26997
-31381
-36625
-40808
-44237
-44964
-43505
-40868
-35785
-29997
-24657
-18196
-12677
-6297
-4888
-3508
-1717
-709
-1832
-5897
-7901
-14236
-23513
-28176
-32604
-35493
-39924
-42832
-47193
-49676
-46036
-40756
-37108
-31956
-25117
-18140
-12549
-8165
-4028
-1456
51
-2272
-3284
-5980
-8609
-10765
-16165
-16324
-21404
-29344
-35701
-37581
-38020
-40372
-43629
-42989
-39512
-36617
-29392
-22716
-18436
-15381
-7397
443
2500
2364
3444
3215
-704
-5080
-13160
-14205
-17740
-21173
-22684
-29397
-32288
-31237
-27449
-24844
-21653
-17872
-9765
-852
995
3859
8967
12592
15903
17044
16183
14795
15987
11776
9232
3595
-2649
-760
-541
-6484
-12508
-10833
-5997
-4784
-5656
-1948
6828
11736
16180
20736
24107
26303
28683
29799
29120
28579
11007
22015
17015
7816
1747
-3181
-10216
-17108
-20612
-23029
-24989
-24513
-21809
-20028
-14580
-7617
-1388
3483
10004
15632
18944
22632
21471
22067
21664
17103
11787
3939
-1293
-2625
-7601
-12449
-15804
-17184
-17948
-17536
-15029
-11652
-7089
-985
4620
8327
7968
11339
15279
9823
5443
6839
4275
-825
-5460
-12245
-16668
-19320
-24804
-30409
-35177
-35449
-34168
-29584
-25024
-22749
-16313
-7680
-4501
875
3968
8836
10259
9416
6783
4492
-917
-7240
-12669
-20429
-29265
-32753
-36720
-41485
-42216
-46636
-50245
-49977
-47564
-44117
-40172
-34492
-31280
-26676
-20133
-15017
-12348
-9377
-8761
-12272
-17661
-22200
-25209
-27836
-33188
-40561
-43533
-44941
-44593
-47113
-47004
-46921
-45669
-40269
-33285
-28389
-23857
-20316
-14904
-10664
-7936
-8773
-7052
-4393
-8544
-10201
-12896
-14421
-15369
-18764
-23021
-24208
-23972
-24124
-22384
-19525
-16565
-13420
-9880
-4373
3595
9615
14880
17751
21435
22871
23755
25716
20907
16388
11399
7512
5048
1464
-1492
-5497
-8361
-9453
-5172
1407
5316
11472
14783
21515
29764
35555
40540
40447
41332
46072
48492
45095
42796
41299
37076
33212
27623
25383
20624
17064
13776
12536
11712
13291
21332
22588
27160
30803
35259
40023
43136
45444
49128
52496
52668
50171
47176
45896
39740
32403
24971
20812
17787
16368
13080
9260
10879
14843
19423
26595
31356
37867
43115
47484
52860
56627
57487
58207
55488
49800
44207
40648
38628
31287
21083
13668
10099
8096
4503
2416
2172
2752
6652
9947
15312
18647
21432
24903
27952
28575
32235
33896
31931
29644
24203
20859
18976
11087
2772
-3124
-7489
-11473
-16760
-20484
-18164
-15117
-9780
-5652
932
7639
16451
23020
26267
28876
31704
30487
28667
23671
17072
14592
7716
1779
-6185
-10924
-14084
-17589
-18285
-24100
-28473
-24101
-15780
-11837
-8705
-3480
1855
9188
13948
18280
16075
13388
11012
8099
5148
-2620
-14148
-22085
-27208
-35473
-40413
-47045
-53636
-57337
-51409
-44860
-43609
-40873
-35616
-28925
-20704
-19753
-18708
-14976
-16689
-15097
-14013
-19220
-25837
-29908
-33312
-41216
-48880
-53876
-57657
-63877
-70037
-69252
-67789
-67153
-62844
-57124
-53008
-50248
-46412
-41345
-39816
-35184
-31684
-31996
-36852
-44316
-45705
-50473
-56800
-60213
-64748
-67581
-70377
-74076
-71464
-70077
-68608
-64329
-61800
-57124
-50941
-45269
-40544
-39880
-36464
-33625
-32388
-30081
-32636
-38044
-39449
-42517
-48192
-53308
-59885
-64396
-69721
-73709
-76109
-72857
-67752
-65872
-61565
-57265
-53420
-50065
-49261
-43957
-39369
-40184
-39393
-36853
-42729
-44557
-46604
-51441
-56681
-61309
-61789
-64472
-68876
-73573
-75572
-78932
-76497
-76797
-76661
-71209
-67316
-60061
-52709
-46429
-43764
-39549
-33373
-35476
-36857
-37377
-37184
-40697
-46741
-50889
-54260
-56588
-59829
-61508
-63304
-60384
-55005
-51513
-46436
-39753
-33133
-27920
-21136
-14281
-10192
-7812
-6680
-3712
-360
1392
-3952
-9665
-11445
-15141
-18120
-21249
-28360
-32909
-33804
-32008
-28920
-28436
-26924
-20061
-12669
-9716
-6968
-717
2835
4967
6352
4728
3611
2907
-1916
-5117
-7388
-12481
-17656
-23601
-27813
-32921
-35053
-33528
-32061
-29769
-23965
-17936
-13560
-7437
-3273
1912
4939
8675
9175
10120
9735
3963
4193614
-44129
-8812
-16044
-20692
-20976
-24013
-25324
-25860
-22717
-20725
-20980
-15376
-8064
-4588
732
4335
6535
13356
19376
20188
18304
13868
8915
6948
1048
-3893
-7581
-10644
-14404
-17828
-19021
-19897
-18796
-13021
-6016
-2124
3483
9219
16372
24507
29499
31147
30627
32168
32576
30051
24387
19047
13028
6443
3243
-5737
-16336
-19692
-24568
-26312
-26857
-26237
-20409
-17629
-13977
-9509
-1989
5523
14943
20639
23440
27828
27664
29612
28399
24671
20303
16320
11679
5411
1039
-205
-3189
-6980
-8085
-5421
-1145
1847
6288
14707
20119
24520
30972
34200
34323
33928
35975
38072
38167
34631
30384
24591
21580
18468
13795
9208
4272
631
-2056
1023
5400
11752
15143
19880
26500
33096
39736
44219
46420
49024
52008
51527
50819
49040
45460
40292
37212
30712
22808
20360
19015
15299
10908
13052
16608
21419
25399
30676
35832
40751
45595
46003
44580
47052
46911
43867
42811
38376
31372
26408
20964
17340
12464
7311
2348
1816
1119
-620
1631
8040
10728
14024
20608
25000
30311
34987
38380
37971
36532
36703
34555
30783
24376
19176
12212
7259
5239
2032
-2841
-4885
-8249
-6601
-3988
611
4951
6184
10391
15276
16951
18347
19811
22435
