-10261
-11848
8936
38890
68590
53454
15589
9341
3433
3203
8729
8593
3098
-3114
-10037
-26354
-31708
-19347
-14247
-25784
-34898
-36950
-39912
-23292
-4216
-4501
-4908
10197
26909
34137
34136
17720
1379
-4674
1524
1172
-722
4006
8668
5589
-439
-6699
-17594
-15812
-8132
-11503
-15992
-16208
-8019
5694
16650
15400
5415
8727
21937
24009
15214
7233
6168
7029
10815
8202
360
2441
10649
23060
24076
14232
-9904
-34969
-37608
-20481
-12252
-13660
-9964
3369
30299
46481
34041
12736
-751
-2402
-30670
-187
27284
36324
21919
20738
14135
11945
17380
18741
12749
10567
10574
11903
7364
-8125
-22878
-27281
-24535
-15932
-10603
-11065
-8180
-7601
-1880
4109
3965
-981
-7245
-2925
5383
13702
15478
13931
13574
14634
13592
4819
-6716
-18304
-22935
-20965
-18103
-22236
-28477
-25602
-14872
-5679
-4112
-7577
-7667
-4593
-943
677
946
66
202
3778
4389
5487
2958
-2741
-9049
-11738
-10206
-7944
-6838
-8403
-9143
-4843
177
-1340
-4199
131
4756
6189
4675
4867
7078
12327
18127
21300
20229
15515
9183
1937
-4738
-9223
-12919
-12149
-6760
-3333
-542
-733
-2523
-2533
-2715
-1317
-1435
-1689
-2530
-1650
1479
6770
11029
15965
18742
19001
16842
11652
5539
-242
-5101
-6042
-4000
-2866
-4512
-7529
-5797
56
3973
7519
9214
10134
10529
14220
18381
21185
21441
21711
22492
20815
16263
12051
7300
3417
-415
-6335
-10583
-11314
-8196
-4193
29
1408
-192
286
3656
7843
10083
11076
13008
17017
20115
20700
18365
13295
7313
1823
-1383
-1570
-1318
-4451
-6704
-6355
-5199
-5081
-5065
-3570
-165
4048
6989
8908
11115
11778
13028
14510
13414
10720
6571
3993
2828
1867
-1343
-2977
-3848
-4965
-6945
-10783
-14531
-14795
-12634
-10022
-6082
-3586
-316
1363
4580
5856
7291
8033
7181
7002
6496
5744
2792
563
-2324
-6528
-9103
-10915
-13033
-15117
-15101
-12941
-10582
-8394
-6276
-5247
-4742
-2817
-452
1580
5039
4499
7062
7617
7070
5603
2592
-1828
-5241
-7302
-11647
-16273
-19878
-20822
-19314
-17163
-16554
-14928
-11461
-8252
-4194
35
5097
8565
10550
11981
12213
11048
10375
7640
3065
196
-1527
-3878
-8098
-11654
-14754
-17410
-16914
-15940
-14722
-11927
-9289
-5217
131
5084
9672
13560
15355
15413
16014
15719
13196
11050
7995
3971
273
-2991
-4301
-5647
-7158
-8738
-9482
-8987
-7731
-6409
-3778
-1702
-1041
774
4548
7784
10792
11955
12384
10879
10627
9264
5900
2988
956
-996
-2934
-3940
-5676
-6450
-5083
-2634
-2053
-1878
-581
2017
3559
6979
8382
9207
10602
11677
12575
12531
12208
9366
6100
4480
1585
-2702
-6580
-10508
-13290
-14327
-13609
-12368
-12522
-12194
-11748
-8048
-3716
-209
1101
2731
3653
5714
9148
11617
10412
8268
6837
1998
-3304
-7764
-11181
-14468
-15529
-16874
-18040
-17821
-17084
-16763
-12777
-7209
-3627
-1306
-2348
95
1736
4657
6683
6533
4007
1059
1511
-544
-1781
-4181
-8307
-9843
-11949
-13740
-14470
-13793
-13109
-13261
-12067
-7714
-1491
2087
3215
4315
6022
5564
3884
391
-2657
-5550
-11015
-15793
-17900
-20159
-22962
-26085
-27544
-27456
-28623
-29831
-26838
-22197
-19419
-18063
-16054
-12194
-8610
-6558
-5822
-4644
-4240
-6561
-8558
-10902
-12912
-15452
-18571
-22203
-24643
-26802
-28707
-26926
-24978
-24007
-22907
-20930
-16427
-12633
-9379
-5482
-527
1563
1840
1498
1404
2625
3387
606
-3782
-8166
-9936
-10330
-11850
-15157
-17733
-17957
-16777
-13227
-11556
-13137
-13825
-9790
-4280
-39
1196
1558
3806
6766
8492
-19602
-42454
-46736
-24647
-25210
-26061
-24315
-22064
-20989
-18607
-14270
-10896
-7388
-4136
-5629
-5442
-5227
-6628
-7094
-7169
-10141
-13813
-16673
-17188
-17007
-18290
-20537
-21415
-20681
-19461
-17097
-14700
-13709
-11589
-9840
-7404
-3396
858
1490
-742
402
636
-1687
-5826
-9113
-11303
-13640
-15679
-18060
-21982
-21601
-19541
-18342
-16225
-16065
-13884
-10335
-6228
-1035
-2055
-2082
2765
4032
5896
6299
5584
815
-161
-1470
-8210
-11321
-13517
-13805
-13040
-10384
-10858
-10887
-10688
-12334
-8199
-5978
-697
819
2396
8799
14026
15286
14340
10283
3789
2349
-2027
-7484
-13887
-17375
-20461
-19848
-16472
-16418
-21282
-24645
-19785
-15990
-8710
-8113
-8914
-2272
-624
4566
8158
12639
12814
9036
4793
2451
-1438
-7596
-10609
-11178
-11736
-14219
-15755
-17329
-16177
-15739
-20829
-22624
-21687
-20057
-10435
1529
3071
2173
1775
-1312
-1812
-1245
-9303
-12656
-12984
-13696
-14693
-15867
-18906
-23083
-26278
-31222
-32785
-33128
-30608
-23976
-17092
-8065
-2471
-2975
-3331
1121
5886
8208
8700
4765
2022
4808
5906
4217
-646
-6244
-12949
-19320
-21036
-22813
-23766
-25715
-28475
-26479
-19185
-12841
-10580
-8854
-3814
-1947
-2053
-3489
-2524
-1139
-4407
-4169
-5312
-9695
-13151
-17433
-18974
-20537
-25264
-27383
-23540
-20633
-21059
-19858
-17042
-11865
-5484
-1986
-2882
-1858
-228
1459
3137
800
-2799
-6333
-10152
-11049
-12116
-13726
-16830
-19972
-21111
-18728
-16714
-14389
-11982
-11028
-8455
-5000
-913
1921
4941
4705
3266
3890
6568
8486
7579
3121
-2077
-6055
-8406
-10920
-14058
-17507
-18041
-17215
-15453
-14779
-12382
-9643
-5455
-1949
-170
175
552
1565
5596
7977
8779
9413
9217
9505
9261
5022
-1759
-4418
-3428
-3853
-6920
-10323
-11778
-8593
-5699
-6569
-7494
-6299
-3458
466
4665
8503
10949
11174
12001
12880
11804
9043
4358
570
-3153
-6679
-9451
-12615
-14175
-14223
-16173
-17591
-16830
-14860
-13221
-11667
-8557
-4252
-511
-551
373
3012
4146
1964
-2101
-5394
-8700
-11462
-14748
-16759
-17393
-16293
-17338
-19527
-19009
-17731
-19557
-21099
-18852
-13837
-6369
63
5313
8313
7823
7215
4095
1836
-652
-3616
-6762
-8909
-9022
-8366
-9352
-11007
-15609
-19399
-21863
-22929
-22063
-21142
-19855
-16133
-9573
-3812
-1018
2239
4533
4043
3846
3097
414
-5065
-9938
-12357
-13157
-14289
-14554
-18380
-20841
-22935
-24618
-24675
-21059
-16726
-16167
-12789
-9625
-3408
1736
5572
3946
620
313
-1533
546
3252
4060
3009
617
-700
-2304
-3023
-2063
-4703
-7568
-9482
-8480
-3375
648
3741
4720
5717
10429
15824
21116
23368
20865
19460
17954
15611
11990
8217
5360
3999
4873
971
-3604
-5394
-5221
-4027
-4240
-4866
-3840
-165
2407
5243
8061
10734
13094
12938
13329
16019
16832
14737
13458
11913
8234
6337
5300
4821
3505
3865
3018
943
3803
6089
6258
9319
12899
13625
14186
15398
21206
22207
23868
23973
20137
17803
15572
12630
8150
6075
3553
-2150
1346
5654
7831
7940
8642
9231
10812
12998
14772
16052
19306
25584
29128
31527
34430
28566
55528
24923
19737
15881
13235
12555
12085
11359
8539
7887
7965
5241
5879
9187
14200
14772
14135
18428
24122
26985
29354
30136
27909
25473
21617
16489
14011
13621
8665
2926
-70
286
-954
-2226
-3596
-5229
-4292
472
5012
7759
11127
16220
22668
29575
33282
31217
26857
22460
19909
16395
11505
6897
6298
4103
1485
1395
-540
-3127
-5272
-4533
-2846
974
6274
11035
14582
19456
23607
25254
27257
26755
23788
18792
16115
14821
13463
12139
9134
4929
1446
-1021
-1467
-705
-753
-661
48
2184
5736
8953
12059
14212
13814
14212
13171
11786
10841
10379
7882
3800
1084
-698
-4502
-8383
-9589
-12596
-15028
-16692
-17626
-17382
-14014
-10815
-9372
-6886
-4972
-4005
-1256
559
786
942
418
-1380
-3194
-4320
-8584
-13528
-17927
-20733
-22574
-23921
-23684
-22852
-19629
-17257
-15094
-12509
-8402
-3841
-978
2068
5210
6868
10487
10232
10342
8986
4334
-21
-3440
-4598
-6151
-8136
-12116
-15786
-15586
-15665
-15970
-16266
-14101
-12302
-9205
-3237
2766
5482
5603
7149
8496
8253
6381
2681
-528
-4428
-7669
-10422
-10373
-11085
-13533
-16261
-17751
-17300
-15900
-15228
-14396
-10788
-6902
-3893
333
4660
8109
9277
9316
9023
8180
6983
5510
3065
-1286
-5673
-8042
-10305
-11860
-12001
-11902
-12163
-12901
-13171
-11094
-6299
-1906
-499
324
3073
7380
10593
12182
10201
6652
6808
5197
1709
-3876
-8102
-10221
-12070
-13402
-14964
-15738
-16333
-16441
-15313
-12085
-9558
-6907
-4156
-942
4276
9776
12288
11581
11952
10636
10423
8620
4783
604
-2615
-4995
-7294
-9882
-11855
-14120
-13772
-11532
-10318
-8296
-5528
-2696
1007
3337
3644
3911
5402
4879
5229
6600
4635
393
-3147
-5477
-5996
-8645
-11784
-14811
-17490
-17111
-16191
-15814
-14210
-10949
-7381
-2154
3335
6345
6367
7114
7660
6615
5440
4192
2839
-1078
-4119
-7095
-9797
-11071
-14807
-19094
-20588
-19247
-20196
-20899
-19121
-15450
-11121
-6477
-4200
-1406
1880
4762
5472
5860
6408
6028
5809
5020
3501
-1277
-4434
-6132
-6942
-9461
-12687
-14053
-13567
-10168
-6512
-4453
-1148
1322
3399
7272
10851
12720
12291
12666
13759
14079
13357
11765
7624
4399
3811
3251
1154
-1590
-3485
-2738
-2120
-1145
576
1228
5911
11133
15257
17638
20903
22978
24997
27494
27904
26962
23898
20618
16727
13913
14717
11899
6911
3634
637
440
1298
1289
957
1592
4354
6684
11397
14381
15553
16882
18354
18742
19831
20887
19957
17008
13370
9236
5874
3834
3028
393
-3181
-4481
-3404
689
4699
8009
10300
13935
16505
17787
21000
24154
25729
26150
25381
24436
24621
22682
19049
14757
9781
5088
1514
-1690
-4652
-5354
-4803
-4220
-3539
-2368
-573
2523
5917
10702
14751
17500
17480
17670
18513
19817
18186
14720
10137
5379
2606
487
-126
-1830
-3195
-6112
-8463
-7868
-6919
-4673
-4022
-2718
345
2040
5056
8693
12889
13910
12606
11586
11942
11457
10055
5888
1572
-2394
-5879
-8205
-9152
-8916
-9540
-9320
-8141
-5715
-2019
848
3611
7471
10636
11938
13190
15074
16576
16611
29892
12352
9581
8596
7962
5270
3285
1740
733
2678
4083
4211
4684
6522
10004
14091
15250
15621
15739
16659
19321
20595
19286
16078
13041
10662
7690
6208
3029
-161
-705
-2400
-3860
-5447
-5166
-3188
-68
4200
8048
10599
13532
17054
19644
20281
20251
18656
16728
13523
10590
7540
4551
2374
-1392
-3073
-5310
-8598
-9420
-9355
-9517
-8212
-5036
-1232
1507
5673
9098
11514
11864
12172
11920
12484
12605
11276
8705
6457
4370
2219
-1997
-3689
-4526
-5106
-3703
-3126
-2787
-1481
-486
1792
6494
9547
10517
11881
14727
17761
20004
20680
20016
18819
16202
12609
9879
9003
6794
3370
250
125
2112
2598
1933
2029
3277
5570
8419
12454
16289
18877
19403
20222
23405
24715
24005
21013
18184
14027
11774
10146
7119
3013
-1059
-2892
-4847
-3563
-2328
-2025
-488
4250
6806
8941
10822
12208
14040
16871
17753
17230
15978
14437
13871
11273
7013
2669
597
-1097
-2651
-4687
-5679
-4771
-3529
-720
1752
5614
9931
13295
14025
14689
17353
19162
19837
19274
16807
15330
12304
9161
6564
4464
2276
-444
-2900
-5888
-7169
-8733
-8756
-5873
-3133
-1344
-168
1055
4021
8458
11757
10142
8138
6771
5457
4326
1190
-2427
-5839
-8779
-10854
-11835
-13462
-14888
-15469
-15600
-15341
-14177
-12734
-10921
-6877
-3622
-1386
1718
4488
5937
7174
6760
4815
3637
-371
-3110
-5133
-6371
-9066
-12263
-14622
-16226
-15186
-13596
-13064
-10961
-8852
-7594
-4587
-1412
981
2552
3219
3279
2695
1900
343
-1588
-4889
-7733
-11737
-15056
-19031
-21850
-24883
-27555
-27782
-27549
-25525
-23670
-20460
-15664
-13246
-11952
-9393
-5188
-1717
-342
-1704
-4170
-5229
-6759
-7331
-8141
-11913
-17270
-20344
-22285
-22899
-23914
-25332
-26070
-24906
-22225
-18597
-14413
-10823
-7559
-3860
-562
2278
4144
5632
6454
6566
5085
2244
-1396
-3403
-3901
-6085
-9262
-11356
-14668
-15200
-13429
-11714
-9934
-8438
-4379
490
4141
8528
10952
12085
13174
15096
15795
14583
13328
12314
17524
6917
4821
998
-2278
-4380
-5406
-4702
-3476
-2872
-2127
349
3401
8415
10932
13877
16831
20848
24412
26347
24697
23027
21243
19237
16348
12654
9001
5807
2919
486
-904
-1413
-668
52
375
1198
4909
8643
11209
13576
14687
18705
20961
21807
21036
20158
19428
17611
15453
12045
8664
6619
4445
1353
-1198
-2334
-1564
143
1983
3489
5302
9569
11919
14070
17362
19170
21267
20975
19692
17666
15777
13054
9704
5839
3530
1125
-718
-1638
-4548
-6846
-5362
-4589
-4340
-2743
527
4510
9756
14095
16908
19167
21673
21979
21558
20128
16956
15154
12419
9175
6372
4175
2100
964
511
386
753
1692
3483
6168
9236
12938
15731
17411
19742
21704
22795
23617
23003
21050
18336
16670
13640
10910
8613
5728
2921
1461
-467
-1675
-1290
72
2093
3587
4872
7598
10168
13431
16734
17856
19496
21084
21889
20638
19209
16474
12406
7532
4365
1800
-468
-2109
-2977
-3144
-3086
-1474
558
3748
6865
8858
11239
14243
17719
19420
19750
21317
21632
41594
37010
29754
12950
10170
7157
4083
1491
-1340
-4271
-4685
-4082
-2659
-818
613
3247
5991
8835
11734
12362
14031
15664
15640
15207
13717
11525
9821
6626
3165
-658
-3159
-4785
-7479
-9432
-9155
-8733
-7377
-7548
-4072
-1085
3121
7393
10097
11731
12903
13121
12895
12172
22978
16348
7582
-428
-4019
-6317
-8461
-11728
-15169
-15872
-17293
-17896
-16840
-17384
-15306
-10267
-5320
-1226
1645
4444
6635
8905
9463
7785
4544
698
-1979
-6454
-10827
-14365
-17570
-19987
-19787
-20013
-20417
-19334
-20641
-19627
-16768
-14374
-11402
-8876
-5578
-2614
68
194
1748
3211
2705
2092
17
-4123
-8511
-11348
-14163
-15292
-16420
-18374
-19916
-19696
-18914
-17445
-16882
-15600
-12391
-8948
-6399
-5072
-2866
-965
1160
2136
1377
-499
-4145
-8227
-12489
-15408
-18858
-21200
-23305
-23586
-22402
-20658
-19101
-16418
-12655
-7950
-3615
-568
3181
8558
12493
14892
15365
15144
14460
12591
10595
6994
1740
-2891
-5057
-6583
-6206
-7462
-9296
-9635
-8910
-6179
-3012
-676
2079
4894
7761
11716
14941
17020
16408
16054
14772
11744
8258
4050
-375
-2621
-4303
-6822
-10754
-14206
-15041
-14077
-13766
-13859
-12265
-8450
-4198
1277
5517
7241
8440
9253
9310
8328
6942
4508
1663
-539
-1754
-5676
-8452
-10193
-11202
-11894
-11883
-12288
-11140
-9390
-5862
-2546
831
4046
5973
8926
12671
15102
14836
12928
9945
8044
5869
2184
-1814
-5241
-7159
-8962
-10701
-12368
-14707
-14420
-13322
-11459
-9886
-6767
-4465
292
3072
5618
9169
10343
10688
10894
9896
8949
6167
1479
-1776
-4109
-7400
-10178
-14422
-16832
-16233
-15634
-15900
-16027
-13703
-10509
-6493
-3420
-1324
174
1674
3050
5227
6395
5530
5219
3113
267
-979
-2904
-6008
-9511
-12237
-13651
-14479
-14143
-12864
-12641
-10540
-7485
-3327
108
2062
4541
6589
9086
8921
8339
6952
4580
2140
-1553
-6291
-7183
-7831
-10328
-13643
-14678
-14757
-14465
-11174
-9311
-8203
-5544
-2754
46
4155
7885
8885
10047
10465
10957
10568
9090
6922
2070
-1501
-4131
-6727
-8237
-8551
-9318
-10026
-9382
-7538
-5493
-3396
-841
3094
5546
8290
10564
12462
14368
16069
16129
14535
12676
10868
8816
6108
2813
525
-1838
-4811
-6624
-8220
-8778
-7047
-5953
-3321
-255
1288
4723
7875
12201
14286
14163
14029
13893
13170
11606
9038
6115
4074
1207
-2485
-5219
-7883
-8908
-9952
-10598
-11214
-9551
-6306
-4287
-1292
2554
4462
7334
9443
10252
10413
10244
9722
7285
3745
-56
-3238
-6031
-9356
-11918
-15368
-17617
-18702
-19795
-18916
-17860
-16085
-13452
-10481
-7892
-5881
-4036
-1127
351
1027
-231
-891
-1663
-3962
-7274
-10257
-13112
-15786
-18394
-21407
-23953
-24650
-24553
-22246
-19394
-16935
-12980
-9101
-4366
-601
676
1283
2841
3276
2333
599
-1278
-3754
-6828
-11358
-15457
-18125
-20305
-22953
-25048
-25983
-24165
-22728
-20711
-17447
-14624
-11784
-9549
-7000
-4446
-739
891
895
985
1747
2819
445
-2636
-7300
-10387
-12553
-16421
-18859
-20316
-19678
-18191
-16607
-14375
-11099
-8891
-5357
-3339
-1060
524
2826
4766
5035
4308
3932
140
-2185
-4922
-9202
-12964
-16628
-18752
-20381
-21527
-20262
-18970
-16343
-14104
-10911
-6286
-1434
1177
4143
6183
9319
10702
11391
10542
9150
6726
4675
2357
-334
-4388
-7483
-9630
-11255
-12169
-12153
-12010
-10322
-6621
-4655
-1624
1475
4878
7545
12047
15041
16679
17447
17261
17187
16061
14141
12191
9234
6735
4714
3039
1995
1154
79
1415
3365
6897
10730
13506
17073
20213
23389
25243
26315
27063
26688
25400
23391
20817
17162
14742
10796
7009
3712
489
-1996
-3924
-4328
-4708
-3868
-2717
-700
2617
5768
8848
11762
15162
16767
17517
18648
18497
18225
16787
13594
11348
9029
7184
5851
3229
906
-389
-863
-449
1675
3329
6436
9450
12115
15774
18764
19611
20743
22046
21754
20195
17805
15345
13077
10875
7616
3680
-371
-4201
-6535
-8119
-7941
-7859
-8038
-6825
-3660
-741
2329
5364
7068
9131
11442
11854
10986
10463
9149
7075
3407
-908
-4861
-8143
-9954
-13071
-14543
-15883
-15889
-14456
-11889
-9456
-6523
-4210
-1553
1376
4066
7393
9541
10292
9573
9002
7804
5658
2144
-1751
-4475
-7541
-10599
-13625
-14470
-14464
-13690
-12806
-12062
-10978
-8549
-5962
-2463
-263
2468
4697
5777
8615
9099
7050
4773
1614
-139
-4233
-7528
-9707
-11290
-12781
-14350
-15332
-15482
-14008
-13353
-11675
-9538
-7228
-4592
-3366
-127
2242
3308
4575
4913
3758
3250
1484
-1739
-4092
-7671
-11909
-13440
-14731
-16627
-17814
-17680
-16387
-13886
-12071
-9294
-4752
-1723
2163
5303
7807
10611
11797
11717
11508
12227
10449
6432
3864
779
-1402
-3223
-6143
-9643
-10998
-11193
-11634
-9357
-7715
-5718
-2999
200
3068
6143
7538
9962
12234
12906
13644
11807
10422
8965
6461
3473
-222
-2959
-5684
-8512
-9523
-10059
-9776
-9590
-8527
-4808
566
3864
7046
10259
12809
14196
15424
14951
13989
12426
9775
7521
5441
2567
302
-1458
-3058
-4485
-6015
-7045
-8662
-8019
-5136
-3078
-328
1894
4493
5806
7742
9657
9968
10138
8675
6236
3610
261
-1792
-4080
-6127
-8809
-11789
-13637
-13557
-12986
-11378
-10456
-8603
-6711
-2861
1653
4819
8137
10264
12237
13629
14609
13624
11466
8945
6539
3329
-454
-3021
-6094
-8263
-10655
-12438
-13174
-13777
-14210
-12667
-11340
-9275
-7785
-5028
-3145
-495
1265
2910
1976
1131
-699
-2612
-6274
-9032
-12853
-15932
-17527
-20066
-20867
-21939
-21131
-20318
-18226
-14769
-11475
-7724
-4259
-233
3548
6357
9186
11266
11172
9750
10177
8622
6501
3459
-259
-3429
-6690
-8756
-11774
-14158
-14581
-14301
-13103
-12128
-9586
-6389
-1873
1271
2895
4647
5529
6138
5902
5720
4414
2395
-538
-3344
-6411
-8368
-11387
-13533
-16172
-17781
-17415
-15576
-13258
-11760
-9238
-7416
-4624
-1657
869
2671
4650
6935
6932
7406
7123
6528
5139
2070
-96
-2753
-5206
-7252
-10155
-12063
-12415
-11664
-10841
-9646
-7709
-6230
-3469
-1643
-104
2469
4224
5643
7085
6621
5415
4020
1923
-1816
-4781
-7863
-10595
-12697
-15246
-16270
-15755
-14795
-13140
-10720
-8707
-4998
-2499
783
3976
6514
8447
10435
11964
12192
24978
11136
7959
5744
2645
216
-2242
-4139
-6084
-6384
-6493
-5783
-4406
-1934
109
2758
5556
7735
10633
13523
16623
18702
18644
17327
16833
15082
12917
9522
5236
1905
-312
-2084
-4207
-5276
-5173
-5375
-4368
-2616
223
3874
7475
10197
13899
16730
18278
19688
19479
18333
17236
14641
11565
8169
3802
526
-2643
-5500
-8195
-10077
-10184
-9600
-8417
-6691
-4695
-2595
7
3830
5399
8094
9755
10467
10385
9511
9309
7799
5036
2751
143
-1911
-3317
-5963
-8658
-9979
-8058
-6194
-4915
-2456
-398
2914
5977
8346
9923
12742
14466
15363
15223
14694
14274
13150
10877
7103
3290
199
-1918
-4195
-6948
-7947
-8337
-7570
-6099
-4176
-805
2122
6093
16386
11348
14995
17548
19994
20868
19111
18216
17091
15050
10333
7425
4291
1258
-940
-3641
-5908
-6103
-6359
-5633
-4328
-3007
39
3356
7790
10966
12632
14133
15399
16264
16280
15053
12749
9054
6146
2800
249
-1924
-4325
-6676
-7816
-7374
-7420
-5889
-5040
-2394
868
3782
7400
9540
11549
12703
14152
15296
15150
13933
12048
10280
7039
3875
664
-2396
-5220
-7321
-8673
-11006
-10616
-8190
-6787
-4268
-1437
-128
3481
6074
8867
10533
12720
13117
12256
11209
9528
7640
3749
465
-857
-3325
-4995
-6809
-8697
-8504
-7031
-5833
-3687
-1241
1041
4570
7257
9869
12065
12254
12479
12024
10820
8513
5417
1782
-2555
-5573
-7508
-10369
-11911
-13161
-15131
-14849
-14131
-12067
-9709
-7188
-4945
-910
2003
4857
7031
8651
9688
9591
8351
6773
4978
2090
-1803
-4638
-7807
-9858
-12163
-14372
-15780
-16624
-16523
-15781
-13686
-10725
-8033
-3808
-241
2375
4528
6407
8451
7901
6878
4734
1927
-162
-4039
-6637
-8241
-10961
-12986
-15188
-16032
-16614
-14820
-13540
-11489
-8647
-5309
-1226
1473
4076
5663
8197
9744
10788
11167
10291
8334
6409
3611
959
-1995
-3372
-5288
-5880
-5362
-5472
-4845
-3954
-2012
462
3196
5175
6687
8536
10008
11684
12650
11219
10118
8770
7080
4360
1728
-659
-2560
-4332
-6092
-8360
-9102
-10404
-10671
-9305
-7773
-5804
-3331
139
3464
5466
7805
10713
11441
12008
12026
11083
10246
8082
4952
2429
-736
-3837
-6379
-9667
-10576
-11453
-11401
-10482
-7940
-4477
-566
2761
7242
10484
13228
15036
16487
16854
15781
15353
13928
11757
9477
6055
4249
2247
523
-564
-1169
-929
-1667
-24
1476
4466
7072
8513
9441
11689
14621
15868
15807
15159
13166
11479
9471
6603
3231
-555
-3606
-5473
-6305
-7387
-8252
-8574
-7007
-4179
-2540
-510
2547
5417
6726
9229
10368
10732
11729
11710
10532
9840
7402
3564
-943
-3592
-6311
-9176
-11846
-13391
-14287
-12904
-12334
-10521
-9511
-5650
-2422
209
3166
5740
7771
9396
10253
9939
9447
7002
5118
2267
-550
-3396
-4719
-7030
-10289
-12146
-12986
-13828
-14185
-13256
-11287
-9147
-6688
-2948
-346
1164
2850
4060
4876
4555
4486
2790
916
-566
-3834
-7643
-9696
-12723
-15958
-18708
-19712
-19951
-18839
-17510
-15580
-12917
-9716
-5154
-2183
552
3407
3836
5612
6200
5244
7768
4722
-357
-4322
-6895
-10231
-12911
-15108
-17020
-18376
-18520
-18514
-17624
-15521
-11975
-8295
-4791
-2305
1399
4747
7335
9097
9018
7512
6396
4678
2162
-741
-3992
-7831
-9550
-11485
-13878
-16948
-18842
-19602
-19516
-17406
-15759
-12357
-10102
-6847
-4866
-2775
-2350
-1629
-2165
-3515
-5585
-8563
-11594
-15638
-18813
-22214
-24478
-25894
-27131
-28274
-28483
-27688
-25942
-24215
-21778
-18669
-15909
-13895
-11886
-10131
-8451
-8004
-7947
-7838
-10426
-13786
-18000
-20520
-23390
-26653
-30149
-33674
-35175
-36104
-35349
-34346
-33075
-30641
-28122
-24639
-21989
-19033
-17336
-15078
-13606
-12601
-12766
-14788
-15543
-17223
-19876
-21785
-23372
-25172
-26938
-28174
-28310
-29916
-29567
-29299
-28151
-26201
-23561
-20685
-17662
-14750
-12416
-9934
-8127
-7394
-7425
-7419
-8772
-10646
-13307
-16098
-18670
-21453
-23622
-25609
-27343
-28253
-28755
-28702
-26570
-24098
-21426
-17738
-14413
-11290
-8339
-6049
-4703
-4206
-4858
-6217
-8760
-11884
-14500
-17338
-20160
-24644
-27422
-30797
-32479
-33487
-33542
-31969
-29793
-27286
-23792
-19763
-16541
-13452
-10432
-8304
-5379
-4278
-5727
-6325
-7820
-10802
-12338
-15253
-17240
-18905
-21634
-22975
-24290
-24523
-23282
-21917
-20887
-19589
-15353
-11194
-8263
-4708
-2079
135
2089
2587
2128
1585
-483
-3060
-5480
-7448
-10604
-13880
-16823
-18513
-20963
-23259
-24791
-24563
-24506
-22953
-19347
-15892
-11997
-7997
-3543
-575
2076
3744
3807
2867
1102
-1235
-4120
-7267
-10360
-13201
-15511
-16600
-17031
-18207
-16956
-16536
-15131
-12616
-9758
-7065
-4407
-1159
1279
5388
8281
10056
10998
11142
11170
9594
7923
5741
3888
1710
-179
-2315
-5194
-5426
-3900
-2965
-2641
-1895
-738
2414
5782
10151
12845
14720
16697
17790
19261
19585
18788
17085
15022
12618
9215
6519
4525
1818
-399
-1947
-4109
-4244
-3813
-2037
-10
2511
4812
6476
9292
12077
14088
15398
15638
13857
12173
9644
7103
2645
-647
-3653
-5095
-8157
-9403
-9561
-8238
-6144
-5108
-2875
275
3575
7831
10466
12780
14767
17016
16980
16336
15567
14625
12834
10416
6502
3242
-382
-3356
-4075
-4776
-5818
-5328
-4853
-3339
-99
2518
5297
7693
10675
12875
14691
16575
17740
16121
15146
13404
11578
8505
5349
1643
-457
-3136
-5629
-7310
-8005
-7442
-6832
-5514
-3513
-1361
1895
5443
7673
9909
11121
11313
12806
12728
11053
8991
6612
3339
372
-2635
-6603
-8766
-11252
-12701
-14001
-14047
-13023
-11202
-9503
-7157
-4012
-815
1669
4186
6830
8194
9477
10090
9882
8754
8504
6052
3388
738
-1073
-3171
-4504
-5442
-5208
-4109
-3078
-806
1490
5336
7374
9884
12762
15228
17610
18765
19789
19979
19007
18129
16493
13619
10217
7362
4861
3160
882
-651
-1279
-1412
-251
2444
4245
6994
10927
13524
16879
18078
19573
21930
23693
23976
23739
22916
20880
19110
17481
15092
12249
9530
6525
5905
6354
6396
7767
9684
12338
15787
20185
24300
27976
30757
33825
37283
38316
38850
38539
37453
36090
34107
30163
27453
24917
20632
18049
15866
15186
15671
16267
18363
20271
23592
27370
29343
33018
35672
38092
38596
38094
37768
37037
35591
67018
31551
28387
24863
21942
19591
17410
15470
13563
13572
14898
16316
18933
21871
25380
29139
31656
33367
35389
35676
35675
33683
32659
30064
28612
25270
22541
18917
15136
12986
10548
7667
6769
7548
7870
9474
13127
16166
19616
22647
24699
26926
27777
29136
28554
28086
26468
25117
23264
19607
17337
14195
11461
9067
6425
4680
4043
4640
4725
5774
6901
10314
13771
16149
18620
20733
22862
23968
24695
24311
23143
22173
20916
19222
16996
14818
12231
11105
8737
7515
6011
6482
7693
7216
8310
10230
12832
15209
16604
17831
19902
20017
19813
18334
16891
14662
12293
9245
4667
1525
-774
-2686
-4552
-5438
-6218
-6365
-5271
-4185
-3575
-1478
833
3721
6799
8847
10932
13194
14434
13937
12782
11669
9732
6532
3300
1771
-484
-1960
-4057
-4756
-5521
-4642
-2788
-1495
488
4470
7242
10549
12869
14678
17024
18907
18984
18610
17387
16436
15136
12487
9159
6661
4381
2101
-350
-1984
-2738
-1815
-1276
-379
2269
5498
8784
10862
13253
16140
18020
18709
18508
18407
16156
13633
11685
8751
4903
996
-1244
-3480
-5794
-15478
-9681
-9751
-9670
-9281
-7142
-4503
-1102
2014
4711
7454
10370
12982
14509
14955
15358
13938
11176
8060
5306
2425
481
-1605
