-10800
-8864
-37703
393227
1476607
-8328
1996
4211
10400
17823
2984
-30376
-25160
-9380
211
-2041
632
4960
9163
12368
7427
-15384
-29037
-20553
-13148
116
-9564
-26440
-26345
-8469
5844
-18349
-41152
-16485
-5429
-18028
-12057
-8640
-16140
5259
12819
-8805
-22385
-16416
-12796
-13841
-3328
8267
7871
8644
5547
680
17468
50376
31572
-12748
-24149
-6845
22655
30975
15919
3455
10848
31459
28708
2619
-16564
-20160
-5620
4312
11460
2115
-7500
1460
22300
36559
43696
51784
36268
2363
-11665
28304
18168
38488
41127
47112
45963
40520
33375
19799
2604
-21976
-41112
-39909
-22744
-10008
-800
-9493
-13916
-11452
-14637
-16784
-16873
-9565
-6237
-7956
-709
9147
14180
12160
2091
-10265
-21696
-34648
-39252
-34829
-20773
-2353
8823
7980
4424
4164
91
-8684
-19320
-28264
-30937
-19249
-6209
-2428
4291
7684
1047
-7757
-9444
-4096
6644
7987
1223
-909
-32
-5936
-15404
-16245
-17648
-25528
-36809
-42584
-38804
-33220
-29184
-21325
-12421
-4960
3932
11887
21331
34052
39420
36847
29432
26899
26640
25563
16000
1892
-8532
-14420
-18373
-23989
-27097
-20644
-12537
-9357
-9249
-7237
-260
7364
8176
4812
7188
18036
22727
14351
15155
15644
13399
7691
2219
1100
7776
10772
19436
27052
27699
22156
16831
19983
27140
30104
25992
26612
35455
49080
59884
61955
50356
34900
24603
18475
11039
4440
432
-1157
5031
9503
7640
2092
-3588
-6405
-8888
-9333
-7801
-3192
5579
12576
16856
17728
12239
13440
18956
22916
20844
15103
10683
8264
11904
14011
8636
1115
-3717
-557
4063
5207
8424
15240
21759
22656
21884
20327
21980
29180
35283
40559
42691
39488
31692
24788
15299
5603
-4760
-13180
-14397
-8557
-3184
-984
-5421
-9997
-10213
-9605
-6785
-1908
3923
9616
18856
27176
33312
34312
32548
28095
23643
18440
10460
4656
-1320
-5472
-5773
-8297
-10769
-14093
-15292
-17053
-15552
-12681
-12233
-8165
-3237
859
3231
3460
4083
2524
3580
2712
-1461
-5792
-8825
-9428
-12388
-17349
-22665
-25992
-27784
-25048
-21676
-21525
-17889
-14244
-9885
-4116
3000
6208
6819
6751
5480
5247
5931
6384
3875
-2512
-8953
-12521
-11656
-11021
-11869
-13973
-14949
-13073
-9209
-3965
-4408
-6381
-7725
-7049
-2713
3991
7932
8583
7215
9923
12868
12108
6928
972
-1181
16
-1004
-2941
-4305
-3036
-4433
-8068
-9469
-8568
-5928
-2905
-761
819
3320
10071
14472
17571
18659
15916
16212
16532
17071
14248
10484
7755
6751
4456
2691
263
-1740
-4993
-5620
-4561
-2112
447
-1
2304
5692
10375
15819
18224
18995
16908
13276
10108
9015
8088
6172
2375
-832
-4909
-9760
-11421
-12749
-14809
-16281
-17489
-19481
-17665
-12149
-5701
-464
3288
2092
-2741
1567
4315
2779
-3548
-9796
-17768
-18484
-18948
-20088
-21584
-22097
-24201
-30337
-33236
-32356
-28289
-22521
-19396
-14641
-9629
-7768
-772
3680
7435
13160
15904
11959
3652
-412
-1220
-256
3735
2087
-8297
-15657
-16657
-15425
-14797
-19676
-19828
-17561
-12709
-12157
-13180
-10481
-6877
-9405
-14336
-10553
-7525
-8729
-11568
-16145
-18756
-20077
-25177
-30332
-33737
-37112
-39653
-39464
-42588
-45325
-43112
-37372
-30100
-28217
-28152
-27741
-21561
-16144
-16124
-17360
-20717
-17448
-15344
-20708
-27044
-29204
-31196
-36257
-40716
-43349
-42537
-43185
-44693
-45281
-42552
-39265
-33188
-28285
-25044
-23432
-18513
-14465
-11132
-11880
-15265
-12548
-7924
-8101
-13285
-17400
-18093
-14685
-13265
-17917
-22057
-27456
-27484
-24457
-23632
-22569
-22401
-19324
-12096
-3992
-3713
-8724
-10240
-9700
-7225
-6109
-6681
-10541
-15140
-16193
-47800
-45144
-40125
-34720
-30116
-29524
-25436
-22496
-20364
-18329
-14733
-13556
-12272
-10672
-16020
-21165
-23120
-26873
-28292
-28697
-29104
-30309
-31524
-34365
-32577
-29645
-26721
-22188
-16520
-14545
-14744
-11840
-9624
-9256
-9097
-10061
-9121
-12045
-13392
-18928
-22221
-19972
-21141
-24653
-27876
-29648
-26820
-24108
-21404
-20360
-20204
-12788
-4408
-808
3916
3951
5903
11964
15404
17028
13743
11960
13295
13152
11351
11332
4587
1467
-457
-4476
-4320
-6941
-11836
-7185
775
3103
5864
12711
11796
12852
19328
13988
10491
7176
-1969
-4345
1128
6403
27
-11685
-19400
-22445
-20461
-23460
-24960
-29260
-23325
-6261
-204
2288
1311
-3041
-232
10371
11415
8311
2448
-400
-3237
39
2903
-92
-3364
-9521
-10360
-18477
-20184
-25737
-24905
-25588
-28916
-30680
-34124
-31829
-32973
-24541
-22588
-27580
-31640
-24056
-9737
-5544
-4605
-15864
-20933
-15604
-13244
-17305
-23984
-26984
-34997
-34977
-27888
-31424
-28869
-19540
-14297
-15588
-19197
-23233
-27089
-17580
-8405
1699
1200
-8193
-15909
-16857
-16749
-22993
-39557
-49117
-47836
-38128
-30169
-23756
-20385
-25328
-26184
-28520
-21885
-11781
-14693
-24600
-23313
-11068
-6376
-5520
-7857
-8528
-12520
-18976
-25221
-33481
-37872
-33297
-29656
-26924
-22912
-26005
-37485
-40061
-34668
-32064
-30733
-32764
-35332
-30960
-34581
-42017
-42464
-40656
-34781
-30492
-28365
-28717
-29261
-29489
-34209
-35532
-36144
-36721
-34049
-30324
-28320
-29904
-27960
-28773
-26188
-23157
-21265
-13888
-11000
-14908
-17728
-14585
-3416
5548
2648
-8688
-15544
-18140
-18768
-19844
-23801
-29556
-34837
-36756
-32424
-27256
-30653
-30308
-23677
-15100
-5656
-2652
220
5275
11911
19403
22548
19979
15943
13199
14035
12559
7004
-3073
-8012
-4133
-1505
-6189
-13533
-15360
-13852
-9365
-7664
-10353
-7273
-2436
3671
7423
8331
6568
3148
2311
179
-3092
-7392
-8389
-8649
-12477
-21376
-25264
-28644
-26104
-27233
-30961
-27468
-19697
-13885
-12197
-12629
-9528
-3917
-1309
-6865
-11661
-13904
-15736
-15349
-16005
-14792
-15436
-20333
-24376
-29652
-35249
-40373
-43949
-39880
-30584
-25725
-26160
-20100
-8297
-1700
-1652
-4209
-4504
-2945
4404
8511
10375
12540
14836
11128
9871
9743
2615
-8493
-12892
-11352
-10881
-7857
-5597
-3093
-1428
-1665
-2821
-3953
-3193
-6748
-8593
-8085
-7692
-3876
-5505
-8821
-14780
-16956
-21745
-30189
-38437
-39001
-38900
-40929
-38997
-38772
-37404
-34697
-31081
-26724
-21484
-14368
-9001
-5805
-1768
7364
12696
14200
13775
8407
8356
7811
2695
408
-864
-2036
-6968
-3941
-5116
-2508
-1732
-1945
4776
9383
13308
11531
14951
22036
30075
28032
22983
20276
22920
27788
27099
26656
20531
14260
8796
5720
3112
2083
755
-4021
2500
11583
14611
11571
10720
15512
17923
16815
18040
20904
25124
29052
29779
27536
24611
20443
15772
15915
14143
9904
3840
4647
9188
15172
14436
12212
15207
15948
17140
21103
33095
39915
45191
53559
53760
54215
54807
55800
51963
47584
43847
36820
30656
27363
19748
11607
10499
11584
13387
12587
13755
16404
20183
31991
38184
43412
49472
52679
54028
53040
52167
43072
40527
47740
48564
28648
21007
15204
13531
12148
11487
10611
15659
25736
36984
47164
50424
47576
52636
61088
64132
55648
47492
46911
49971
52803
43416
28151
18227
12568
6552
2780
5231
7188
4723
7575
19196
25619
30183
29308
25880
24940
25216
24356
26396
34564
36704
32308
28419
29767
31452
35075
31824
23267
18103
17759
19947
18148
15060
13672
17244
18212
17691
22788
26343
25495
23651
23439
23763
28624
38404
41940
46748
49195
45028
37784
33372
32968
31591
25840
23139
24787
22303
18239
22380
25840
24131
22884
21224
18619
20624
24708
23888
24727
22236
16575
9328
2128
-656
-3312
-11272
-19793
-24936
-27408
-26549
-25028
-24493
-25717
-26697
-23856
-19024
-12493
-7392
-4569
-2885
-3753
-2761
-752
-1100
-2944
-6149
-13440
-20116
-20796
-22789
-27829
-30932
-34373
-38201
-35356
-31020
-30305
-29273
-28117
-26617
-22925
-21305
-20909
-16132
-8449
-4333
-2388
-924
-4925
-8812
-11945
-10517
-9004
-11021
-13893
-19444
-22928
-23289
-19784
-18825
-22205
-23912
-24341
-20373
-15552
-9448
-6376
-6492
-7272
-4201
-2584
-1805
-2913
-7436
-12580
-17069
-14164
-13905
-19392
-26212
-30988
-35672
-39652
-34825
-29436
-26597
-25637
-24145
-21077
-14041
-7965
-4816
-1476
1476
2647
5924
8320
10620
11716
10587
4920
-304
-3720
-4801
-8004
-8289
-9481
-10173
-8105
-3060
-76
1500
3020
4024
7464
9268
11156
8191
8832
11000
8863
5947
1056
-2516
-5985
-11537
-16444
-21324
-25873
-28044
-27156
-26328
-24440
-20509
-17013
-12529
-8948
-5480
172
8635
12176
8835
6827
6495
9840
11524
8708
3420
-896
-4064
-8344
-8288
-6832
-9137
-15656
-18984
-18344
-17181
-17245
-15116
-10192
-5861
-1152
3716
5976
10232
10580
6927
5856
3715
-1977
-4197
-6488
-6697
-5305
-6364
-9040
-14445
-12605
-8640
-7713
-8980
-8717
-7489
-4132
-1616
-208
-1580
2636
11371
14511
11131
5120
852
-3200
-8220
-10064
-12660
-18241
-23761
-27493
-26156
-19000
-15536
-19521
-24653
-23472
-17509
-15684
-14252
-13469
-12293
-7285
-1077
1987
4972
10032
4791
-2904
-5105
-6192
-9537
-10645
-11077
-11133
-10160
-12532
-12949
-9452
-2157
1400
1135
-421
4144
12644
21347
27135
27592
28116
32336
35983
36431
32304
24167
19015
18367
16111
10651
4463
-932
1159
3884
6132
7823
7352
9783
13908
19699
23468
23544
25111
29824
36192
39684
34984
27604
24131
24108
26880
23552
15356
6568
3916
8656
12284
11879
10551
10044
13191
19371
23319
24095
23071
24752
27212
31500
36267
34036
29156
25620
25960
25103
22608
14407
6792
6640
5963
2992
387
400
3956
6840
9548
10628
10643
12731
22379
33228
38215
36995
37067
38615
39231
37748
34883
28356
23363
20647
20668
19887
16156
12859
12551
12280
14452
14519
11768
13579
16139
17176
16087
14620
13924
18336
23679
26239
24968
21404
18196
18131
21008
20731
19787
14840
8639
5216
4344
6307
9600
12032
10931
11056
13064
17943
24719
30895
33303
32139
30876
28851
28716
27316
25667
19991
12715
6864
2836
1388
-1892
-10664
-19216
-20420
-16677
-12293
-10868
-9004
-5712
-2064
892
5460
9271
12628
11387
13228
16088
13828
11695
11152
11820
7520
2875
1631
4508
5880
6724
9536
10580
12328
15831
19839
24020
26843
30563
36076
37919
37092
35440
33139
34319
32988
29403
24251
19100
13608
7595
4960
3347
3532
-2397
-7685
-4456
1328
7232
9323
11184
10808
11831
17875
21060
22264
21039
16123
11148
6579
4543
3135
-2656
-6961
-11784
-16024
-18269
-17189
-16141
-14220
-13709
-12340
-8521
-4472
-2816
-1504
772
5400
11512
12903
14452
14016
12823
11839
13867
12155
6495
1056
-508
1260
2875
1667
-3361
-5321
-2609
2219
7539
9564
11424
12147
13615
18671
23051
20676
21048
21172
21547
20727
18632
16243
17296
16527
11275
6732
5167
4748
5028
3428
6188
10851
13663
17200
22508
26736
28915
28232
28419
29979
30627
27679
25303
22983
20632
16900
15307
12399
10563
9620
9439
11315
10907
7764
6216
6848
8183
9880
10243
10531
11083
12084
14843
17523
21000
18911
16715
14455
12799
11628
9803
8111
6452
6176
6955
6292
4311
2959
4019
5735
6835
7948
10539
17619
24544
25063
26564
25475
24027
24496
21479
13032
3311
-1332
-3440
-8312
-11705
-13252
-14609
-16969
-15997
-13944
-12548
-10032
-8372
-4820
-3168
-409
2767
5296
9232
9559
7899
5780
3800
1803
-2193
-5076
-9501
-12924
-15060
-16208
-15109
-13400
-15136
-15212
-14245
-12801
-13881
-14328
-11504
-7040
-2224
-2632
-1073
1496
3264
4048
4951
3767
1440
-3145
-9341
-10445
-14425
-19788
-23220
-25992
-26220
-27392
-24845
-25041
-21076
-19129
-18921
-18448
-16376
-15389
-15764
-12576
-9632
-10824
-15485
-19496
-21352
-23613
-29852
-35556
-39273
-38729
-38465
-38032
-38288
-39617
-41720
-42389
-39017
-34112
-30732
-30260
-26928
-22241
-18884
-17841
-16701
-18412
-21844
-26605
-31113
-37296
-43129
-48756
-50725
-49516
-46661
-44077
-41577
-39209
-34789
-30445
-25693
-22001
-19705
-16252
-12056
-8044
-5176
-3780
-2057
-372
-964
-4993
-8269
-12676
-17041
-19393
-19249
-21329
-20453
-16637
-13608
-12540
-7676
-4389
-2052
4072
9744
11320
12595
15552
16859
20599
24591
24635
23184
21904
19208
17983
12235
6915
4399
4960
5503
3355
140
-1297
2047
4780
7915
14527
19576
23532
24243
27759
32492
31939
32828
34728
35372
35035
34583
31656
26275
20139
16499
16000
12819
9508
5159
2296
5572
11519
18172
19636
22335
26539
30568
32676
35339
36627
35811
34420
34156
33219
30443
27139
25608
22275
17655
15815
12844
7587
6895
4908
4952
6939
11612
14023
17151
24315
27804
26976
27255
28875
28427
25560
21888
18239
14076
8892
4543
-1209
-5776
-8944
-10953
-9708
-7732
-3600
779
4667
11076
17380
22344
25563
28076
29755
29988
31955
35828
36739
34899
31500
28171
26664
26568
24228
19703
18500
18004
15707
10848
11344
15375
19220
19556
18763
20359
22996
27632
32096
35612
33700
32916
34856
34503
33368
31603
25887
20179
15164
12448
8080
4860
1928
-849
-1212
1516
3492
7592
11028
15132
20475
27412
33515
34556
35999
38600
36979
37364
37540
35512
33435
31987
29519
25799
22144
22127
18787
17584
19431
19175
20596
21735
22324
24015
27299
33404
34748
35995
35228
36508
35364
32731
31072
28268
26043
23260
18316
13195
10875
9167
6827
5184
3375
1892
1656
3055
7260
13020
15244
18067
19960
20375
22744
25392
23696
19956
15812
13391
13763
14963
11352
6688
3600
936
475
171
556
2040
1983
2659
1180
1628
3023
2499
2888
1836
1540
-396
-2009
-4712
-4816
-6360
-12020
-16316
-42295
-23320
-23844
-26113
-27781
-28633
-28032
-27228
-25460
-23840
-19617
-14281
-8716
-5169
-3437
-3784
-2252
-977
-900
-3885
-8273
-13109
-17861
-20225
-20897
-23109
-27321
-33628
-35965
-35732
-34896
-33512
-31165
-29469
-26484
-22520
-17036
-13112
-8345
-2629
-2357
-4581
-5500
-6513
-4368
-4908
-6960
-10013
-16477
-20672
-23825
-26729
-31497
-31940
-29201
-28960
-26380
-21968
-19992
-19193
-15624
-13321
-10441
-9684
-11097
-12820
-16048
-24112
-30564
-32285
-35965
-38676
-39125
-44072
-45757
-43520
-40432
-37940
-32912
-30420
-27601
-23240
-17160
-10368
-3924
960
2863
2151
3116
2823
3732
1595
-384
-1444
-1784
935
-1400
-5932
-7661
-8677
-7577
-7685
-5429
-2352
2412
5088
6396
6239
8936
10896
13672
15819
15607
12603
11412
11672
9268
6743
1880
-3913
-11372
-13728
-13549
-15888
-16852
-16301
-16576
-14288
-9584
-7565
-5785
-2005
588
2491
4236
4876
6000
9407
10668
9632
5756
1760
-1021
-1520
-2285
-5225
-8248
-11713
-15665
-15085
-13361
-11445
-8360
-5036
-2176
1056
5068
10008
12583
14352
16191
13831
10923
9519
6948
3984
475
-3481
-9425
-12609
-13380
-12704
-13240
-14961
-15377
-16708
-15124
-10533
-3661
-956
1500
3523
3731
3863
7475
9423
6280
3964
647
-2960
-5069
-7572
-11385
-12428
-15953
-21745
-23989
-20472
-17885
-16245
-16237
-16685
-12960
-7537
-1853
3211
5560
7860
10348
10060
9416
7307
5863
3840
643
-2217
-6292
-10000
-11185
-11501
-11893
-12160
-14952
-14009
-12736
-9649
-7488
-4349
-3437
-2985
1619
4943
6088
5447
3076
-1588
-4553
-7508
-8541
-10800
-16373
-19860
-21737
-20717
-21956
-23288
-22492
-20144
-20561
-19817
-17792
-13112
-6776
-2840
1300
1708
4152
6731
7484
5808
3083
-868
-3460
-3700
-5640
-8101
-11589
-11828
-8956
-5944
-1309
5320
9488
11792
15751
16812
18132
20516
21635
22224
22528
23348
22264
19963
18115
15068
13968
10023
5236
1335
-1317
-2789
-2797
-1732
-1652
-108
1616
5155
7515
11423
13599
15023
15439
17468
15768
15311
15068
12284
10792
7872
3900
1063
-2848
-5956
-9257
-10912
-12536
-13880
-13000
-12156
-8397
-4301
-1745
1759
5983
8507
11287
13080
12868
13256
12176
7808
3948
2252
636
-4761
-9884
-14752
-18440
-20932
-22553
-22441
-22601
-22300
-20328
-17153
-16881
-13012
-10172
-8813
-6169
-4473
-3952
-3053
-5204
-9993
-17412
-23224
-27860
-34453
-38696
-43692
-47701
-50096
-50657
-50285
-47697
-44641
-42388
-36269
-31596
-28349
-24169
-19076
-17876
-15180
-12457
-12504
-15244
-19829
-21808
-24705
-25732
-26829
-31364
-33092
-34537
-38656
-41136
-43821
-45061
-43221
-42032
-38557
-35625
-33020
-31064
-27537
-23916
-24016
-23268
-22101
-22380
-21868
-23236
-23025
-23724
-24064
-23981
-25525
-26453
-27177
-28088
-27388
-28473
-27793
-24265
-18624
-15745
-14817
-13124
-8493
-4728
-3496
-5068
-6324
-8689
-10068
-11285
-12268
-12781
-248641
-20688
-23617
-24208
-25376
-25760
-28264
-27893
-25588
-21781
-19709
-15564
-12109
-8040
-4612
-2652
-1657
-1096
-3077
-5728
-5492
-6513
-7656
-8477
-9421
-9552
-11320
-12736
-13141
-13112
-12144
-10924
-7580
-2877
1400
5676
11648
17832
23852
27575
31759
33995
34667
35675
36595
34416
31388
28280
26948
21068
17708
17688
16931
13359
12704
14848
16615
18736
21995
25067
29583
34663
36716
39908
40488
42235
44335
44595
41972
38291
33683
29767
25684
19979
18355
16928
14371
11843
12688
15539
18807
20044
21776
21984
24099
25684
28188
30464
34567
35339
35972
31407
29555
30448
27680
22740
17796
13456
8708
8448
10427
11704
11867
12483
16644
18276
19951
22808
28984
32251
34515
36588
36819
39920
40792
39339
36771
31504
27963
24888
21527
18671
15032
11660
8280
5380
3596
5008
5251
6511
6855
5407
6428
6816
9976
13911
16411
14968
11563
7791
3923
3131
503
-3172
-5505
-9676
-13364
-14237
-15401
-16372
-15540
-14605
-12044
-9089
-5885
-1773
3444
7252
7267
8467
8471
9812
9627
6975
4571
1423
-1169
-1645
-3669
-3152
-4796
-7384
-9213
-11041
-10672
-9632
-8768
-6549
-4232
-4260
-3300
-1448
1748
4108
5603
6324
3571
1903
-92
-924
-3540
-8537
-13861
-18612
-23152
-25525
-28801
-29989
-31069
-28944
-24288
-23412
-21033
-16477
-10740
-7137
-2488
447
2776
6052
6495
4723
3244
2128
-604
-3785
-8948
-13861
-16560
-17868
-18776
-19029
-18421
-16181
-14373
-11288
-7008
-5217
71
5191
10288
13319
15915
16436
16919
17799
15060
13595
11943
8596
3800
-2328
-8717
-12501
-13813
-13089
-12432
-13305
-13625
-10908
-9116
-4728
1452
3335
5392
8148
10724
10555
8628
7544
4311
1744
455
-3240
-6129
-10972
-11648
-11764
-11712
-11217
-13745
-11648
-5060
-700
3499
6548
9292
13271
17591
18355
17895
17584
15552
14471
12292
9555
7347
6040
2375
-600
-3685
-6969
-8784
-8400
-9092
-7721
-9528
-8569
-5593
-4944
-2485
1640
4555
5248
4788
5764
6299
7592
6784
2775
100
172
-1548
-4764
-6321
-9860
-10133
-11965
-13408
-14849
-15069
-12808
-10493
-8020
-2684
1803
4280
6708
10436
9123
9307
7607
3759
-1804
-6885
-10929
-15985
-20856
-26740
-31397
-33300
-32573
-30888
-29393
-27929
-24588
-20549
-14905
-10612
-6712
-2389
-1740
-5
2507
2220
1087
-1773
-5728
-9725
-13968
-18189
-22909
-25989
-29101
-32841
-34780
-34208
-31377
-26644
-25068
-21693
-19320
-15361
-9928
-6225
-4693
-3521
-3256
-449
2124
2404
1056
-969
-3129
-5189
-5125
-4492
-4908
-6021
-6792
-7049
-5521
-2476
-113
2995
4615
6895
9123
10864
14852
15620
13032
10784
9712
7647
6356
2668
-1356
-6661
-13149
-14941
-15853
-20617
-24037
-25869
-27032
-24440
-22561
-20532
-17561
-11237
-8665
-6253
-4301
-2228
1907
2895
2695
-1069
-4612
-7456
-10556
-10917
-12501
-14233
-16421
-17768
-18005
-19657
-17872
-18729
-18229
-16396
-14193
-11520
-8140
-5020
-3004
115
1031
1715
-1456
-5061
-7396
-7564
-11968
-13641
-16200
-18877
-19732
-17784
-17524
-16197
-13972
-11324
-8825
-3601
4091
7288
11204
16756
22015
23732
25215
25992
23572
20724
18551
14099
9592
7196
2927
-1656
-5449
-5829
-8201
-7496
-4685
-1965
-101
3351
6371
11748
18803
24019
28372
33319
35983
36444
33464
31200
26995
21332
19167
17527
12924
8895
8320
8703
9487
8804
9924
11068
15360
19756
22243
24676
25575
26492
29767
31960
33896
33740
31427
27987
25192
23619
20743
16720
11884
6516
2691
1952
872
-1328
-1296
527
1028
2479
2575
1791
4320
7983
10368
12052
13743
12643
11180
11023
9108
6211
3172
308
-3568
-5700
-10221
-11460
-12228
-12625
-12516
-12004
-9060
-7808
-4625
-68
2175
5591
9456
12759
15943
16664
17084
15072
10247
6528
4600
2099
-2017
-5572
-6653
-6548
-6689
-4425
-2909
2059
7187
10695
15447
20363
24820
28788
31592
32351
31835
29236
27140
25007
20708
17799
11392
4063
620
-1196
-1805
-1393
-1064
-321
2311
8084
12804
18099
20472
22256
26396
28768
31764
33304
33720
32460
29923
26364
23740
19783
17064
14652
10991
6980
3491
1968
1576
3155
4936
3972
4631
7511
11520
16283
18635
18795
21271
21755
22763
23015
20528
18559
17351
16987
13120
11300
5812
1227
-977
-4548
-6665
-7185
-8881
-7425
-3565
-2341
-441
3007
5136
8924
10824
12827
12219
11891
13211
12059
10155
6056
5628
4080
2196
247
-265
-1361
-1300
35
1412
4072
2604
4460
8444
10556
13123
14952
15375
16679
17336
15891
12731
9528
5228
2671
28
-4048
-7532
-10373
-10948
-11828
-13736
-15213
-14413
-11748
-9345
-8104
-5753
-3904
-2005
-924
680
3768
5332
3251
1627
503
-2389
-5208
-9964
-14793
-17601
-21601
-22604
-23124
-24380
-24137
-22936
-19557
-16733
-13465
-11181
-8404
-2901
739
3107
3720
6095
8279
6084
3667
-428
-3717
-6140
-10133
-13424
-16957
-17853
-16729
-17184
-16248
-17509
-17684
-15713
-12841
-10328
-7280
-3277
1427
7484
10631
12363
12383
9899
7596
5503
4988
2128
132
-5376
-9333
-10345
-10860
-11681
-12665
-10016
-7128
-3625
-1229
1556
7104
15067
20619
23047
24243
25152
24056
22079
17704
13451
8435
4160
-408
-4441
-7444
-8805
-9740
-11745
-12637
-11529
-9320
-5205
-1940
476
4924
8580
10151
12704
14599
14108
11464
6148
2843
1740
364
-3596
-6253
-9428
-10212
-10980
-7529
-9213
-9944
-9761
-7265
-3796
-1173
3023
5068
9999
14591
16552
18880
20259
20868
20892
17044
13931
10399
7215
2691
-733
-4201
-7636
-7789
-7188
-5881
-2537
-180
3271
7875
10692
14939
22251
26740
30919
31915
31108
29615
30395
26032
20675
17023
13563
8519
2964
1079
-1284
-3428
-4732
-6333
-8468
-11880
-11561
-10089
-5620
3
4399
7088
8463
11124
11000
10671
7976
5147
4487
2139
212
-1557
-5200
-6717
-8677
-11153
-10628
-10016
-11421
-8716
-7677
-7952
-5188
-3052
232
2731
5372
6848
6103
7143
6704
3999
1544
-781
-4841
-8117
-10216
-13409
-15176
-14000
-15316
-16081
-18036
-17652
-17440
-14592
-10620
-8532
-5592
-1925
-853
2916
3711
3943
2172
-2049
-6200
-10041
-14936
-18036
-19640
-21721
-24644
-26761
-28373
-26640
-27336
-24185
-22761
-19904
-17340
-13481
-9852
-5648
-4145
-2277
-2937
-1128
-2232
-7440
-11640
-13449
-16109
-587233
-21461
-25317
-28197
-30932
-31224
-28952
-27277
-24877
-21409
-19113
-13408
-6948
-488
5028
10176
13280
14256
14724
13755
9568
5532
908
-3997
-7860
-14245
-19972
-22965
-25620
-27672
-28453
-28193
-27841
-24941
-23293
-21745
-18428
-15432
-12596
-10540
-11456
-11496
-14280
-18436
-20889
-23477
-24565
-27025
-31361
-35700
-38841
-41629
-43128
-42800
-44465
-44568
-44073
-41976
-40104
-36656
-36104
-33469
-29373
-27977
-26832
-27608
-29089
-29440
-31648
-36541
-40053
-44529
-48109
-52401
-55904
-59356
-61621
-63569
-67553
-68332
-68117
-66789
-63249
-62081
-59077
-52688
-46833
-42736
-39985
-37533
-34373
-31657
-33181
-34665
-33373
-37845
-40316
-42457
-44980
-46733
-50213
-51076
-50849
-48805
-46292
-45764
-42296
-38000
-35736
-32701
-32269
-29616
-26308
-24064
-23329
-25208
-26540
-26564
-28340
-31197
-34961
-41340
-46785
-47673
-49389
-52057
-51116
-51136
-48660
-44672
-41345
-38396
-34944
-30625
-27992
-24020
-24160
-24829
-26517
-27085
-30077
-34309
-38476
-42853
-46592
-50145
-52516
-52728
-53732
-54213
-52056
-50080
-46396
-43220
-40236
-35316
-33084
-30488
-28552
-26408
-26152
-27561
-28672
-30689
-33592
-36005
-39809
-42553
-45196
-48321
-52444
-55045
-57949
-57884
-56900
-54505
-49956
-44196
-40088
-34696
-30680
-25961
-20437
-16540
-14304
-9849
-9032
-9925
-13288
-14989
-17488
-22033
-26029
-31752
-35264
-38880
-40924
-42564
-43237
-41065
-38489
-36584
-34041
-30193
-27800
-26905
-21445
-17640
-15049
-13653
-13729
-15744
-17493
-18868
-21120
-21708
-24589
-28993
-29712
-29913
-29605
-27669
-25361
-20516
-16649
-11856
-7201
-2820
2064
5491
8880
10439
12519
16671
17616
16696
14635
12196
9128
5372
-152
-5301
-6953
-9081
-9296
-7832
-7953
-3356
2527
7920
11724
15447
20888
24931
29344
34044
38672
39307
37307
36316
34671
33103
30655
26864
21247
16103
9915
5443
2151
948
-648
-120
-1452
-93
1247
3384
4844
5948
4540
4032
3432
3899
3635
2099
1407
39
-2612
-1689
-2828
-5072
-6808
-6301
-7305
-7417
-5249
-1669
1843
6028
10171
13244
16707
20588
24856
28040
28724
29547
28248
26091
21735
17215
14123
11364
6247
3012
-429
-1589
-473
208
352
807
3712
5128
7964
11880
16500
18584
19912
22683
27251
27683
26515
24696
23535
20227
18580
12999
8260
3715
-2773
-6184
-8344
-9221
-8968
-8069
-6849
-3089
1683
3799
6063
9631
14116
15844
17247
20332
19368
17648
13395
8159
2767
-1481
-4837
-10048
-13460
-13513
-13432
-14160
-12781
-10892
-6704
-3484
19
4355
8627
11868
13995
17440
19748
18999
18347
17423
14903
10607
5043
2763
-125
-3656
-6833
-8817
-7025
-7473
-9524
-9841
-4549
-1612
1195
5519
9595
14016
19439
23972
26496
29439
30808
29843
29540
27195
25952
24507
22559
22540
20760
19059
16995
16744
16208
16903
19631
22051
22200
23884
28420
30447
32900
35312
37120
37275
37183
35396
32795
31236
29164
28627
26347
25343
24895
24643
25492
26980
27560
28583
32131
36711
41283
45563
51499
57008
64016
67064
69692
70535
69576
68260
66703
65176
62259
60812
57260
54591
52547
50939
46092
42683
43292
43788
43187
45216
48748
51179
54192
58407
63067
66544
68991
71000
71403
69420
65555
62772
62664
60640
57159
54720
52599
52036
52308
51675
50531
51068
52296
52792
53515
55171
59075
63892
68095
71084
71975
72088
71920
69903
64964
59464
56380
54216
51515
46644
42756
39955
37047
36308
34939
34227
36260
38556
41107
41999
44383
48844
51248
54875
56232
57308
58956
58244
55743
51831
47700
42704
38939
33868
28363
25836
21327
19136
18923
18487
19384
20876
22548
26047
28300
31447
37136
42003
43776
47155
46996
46467
45143
41371
38503
34752
30767
26115
21652
18259
15507
14340
12787
12952
14863
14643
17556
19955
20796
23248
25315
25568
25715
26056
23603
21804
17648
15716
13896
10672
6976
2180
-2384
-5737
-7748
-9216
-9585
-8229
-5252
-2061
1540
5996
8856
13515
17399
20584
23380
24447
24551
23364
20643
16244
12288
8980
5339
1843
-584
-2348
-2577
-2132
267
2900
6332
9376
12891
17823
21275
25171
29712
32508
34196
35808
35335
34095
33808
33928
33275
31224
30347
27411
23964
21427
19419
15468
16575
18132
19384
19951
21728
21368
21136
23263
25379
23803
24527
23555
22928
21292
18955
16052
13712
10232
6332
1832
-1209
-3329
-5928
-7884
-8217
-5904
-5896
587
4460
8251
12099
17587
21644
23736
25539
26807
27739
24960
21588
17499
14112
11184
8939
6476
4119
4032
4419
5348
6044
