-7212
4291
38043
3080255
8266752
30471
-1893
-13089
-25421
-35696
-40792
-51037
-57320
-52457
-51825
-48077
-39517
-32145
-23457
-13352
-9616
-8813
876
15147
22156
29000
35740
36943
32327
21056
5215
-3444
-10012
-15636
-28408
-32713
-34472
-45861
-56237
-49861
-37224
-30188
-21137
-2220
20776
29159
26299
24920
21911
23671
24071
23200
24483
15124
415
-6209
-3104
-9533
-35760
-57145
-60804
-59973
-63852
-53333
-39180
-38644
-37041
-31396
-18156
5880
30879
46411
47995
42151
27404
9983
6399
9108
607
-14516
-24657
-7920
1779
32375
18463
3495
-8221
-8812
3428
13244
4500
-4688
-10649
-33040
-63133
-85621
-90308
-84317
-70001
-53641
-36757
-10709
24776
53896
69943
69395
57408
47387
40764
39687
34547
21772
15448
11704
8259
-597
-19461
-39361
-48473
-45585
-47585
-49005
-41173
-28296
-18381
-5549
12511
27100
35192
41896
53060
64511
62851
48123
29232
12332
4388
-5908
-24108
-43985
-58048
-62068
-56341
-51720
-48836
-41337
-28637
-16416
-13733
-10980
-5269
-805
-485
-4328
-8488
-7900
-2708
5248
12483
16343
16056
8127
-2788
-19489
-40605
-56656
-62916
-62452
-54941
-44449
-38921
-29509
-11652
8332
22628
31216
32468
35463
49091
63800
70876
70400
67671
65580
60707
48327
33144
18352
4844
-8520
-20181
-26812
-28433
-27517
-22404
-16444
-9369
-408
12500
29335
41024
47608
51307
54656
53100
50680
48055
37240
21707
3639
-12945
-26589
-33404
-36317
-40976
-39752
-36549
-30941
-20576
-14116
-10468
-6193
7083
22948
42192
55996
62063
65087
67339
62571
51476
38672
23040
8699
-3084
-11869
-19413
-24645
-29848
-34317
-33369
-29585
-25504
-20976
-12897
-837
6959
13264
24183
37863
51535
62260
65884
63895
57344
49943
37867
24815
10299
-5420
-15837
-19576
-17273
-14101
-11061
-2173
7912
15940
19039
24088
33851
45695
55240
65403
71616
74863
70055
63844
55076
42836
29920
16595
2344
-10632
-22585
-34400
-39417
-44852
-48789
-44040
-35053
-26093
-17220
-3928
12863
22443
31932
37023
39968
45076
47311
45344
42056
33299
21172
6696
-4936
-18240
-33424
-43693
-45777
-41065
-35549
-30136
-22437
-14656
-2777
9179
19004
29123
33628
36263
42415
45668
43712
38275
27504
19059
7296
-6264
-19681
-35777
-48369
-57280
-60084
-58157
-54464
-47953
-41556
-31648
-20152
-9045
4668
16888
25452
33804
37452
39992
40684
39756
34708
25995
18340
10255
535
-12149
-24409
-35728
-41637
-43761
-41288
-38121
-33761
-27469
-20072
-5073
10351
19015
28220
34639
41700
45168
43951
42260
39939
30711
16600
3656
-4793
-14020
-26029
-37821
-46116
-48145
-48148
-43085
-35401
-28232
-19741
-8444
5252
18192
26995
35163
39563
43352
44212
40491
33135
23712
12500
-2657
-17865
-29477
-40484
-49609
-56352
-58933
-60225
-59405
-52669
-44316
-36165
-26861
-15917
-8392
1343
11799
20940
23815
23000
16920
9215
3379
-1885
-13280
-28193
-38981
-46765
-50404
-53653
-56073
-56053
-49976
-44252
-40048
-29769
-16385
-4365
5820
17843
24840
30388
33291
27591
21880
21296
17512
7239
-7621
-22945
-35640
-47116
-50448
-51996
-54693
-58528
-58636
-53073
-43393
-34316
-23300
-11741
1600
13079
20152
24968
29003
27568
22512
16539
9760
1835
-13016
-30805
-42665
-51316
-58193
-66760
-69013
-64728
-64693
-58860
-51469
-42113
-32104
-17856
-4157
7735
14767
17152
16931
18348
16511
5216
-6628
-18485
-27045
-36700
-51925
-63689
-68129
-69208
-71769
-70748
-66112
-61493
-52161
-38280
-25456
-12493
-972
9571
19163
24872
24232
22555
21556
15367
808
-15321
-22469
-29277
-39296
-55112
-66136
-71313
-70164
-68808
-69053
-65069
-54724
-43261
-31981
-21797
-14520
-8705
-1137
10283
18247
14491
3495
-7128
-15700
-22833
-33301
-44669
-55281
-45256
-34345
-22285
-7613
5392
15056
21476
20560
15956
12372
5740
-4189
-13469
-25305
-35717
-43700
-51552
-57616
-65312
-72476
-71581
-64901
-52453
-42425
-32509
-23284
-13233
-912
10516
19548
25411
28376
30935
28287
22847
14792
2723
-4964
-12852
-22825
-35301
-48440
-52417
-47292
-41240
-37956
-33024
-26037
-15520
-1333
14715
27684
36475
45551
54500
56824
52611
43895
37315
31908
23667
9591
-5969
-20396
-28564
-33745
-37560
-39713
-42209
-40681
-34369
-23261
-8725
2160
13131
22924
33495
47339
56847
57544
54124
48604
44676
39828
29947
13624
-4004
-14716
-18441
-26540
-31461
-37653
-42728
-38049
-31389
-26228
-21025
-11161
3368
17943
28515
30595
26299
29095
31584
29971
27403
15159
-2965
-19556
-35212
-38953
-43560
-45621
-50509
-56240
-58132
-59080
-55229
-49533
-34453
-22368
-8864
4723
8988
14883
26023
33387
29320
20503
8623
-217
-4868
-15285
-32621
-47064
-54877
-58937
-59201
-61420
-63745
-69676
-67404
-60112
-44980
-29644
-18996
-4876
4208
10395
11527
12099
15539
20324
21160
14163
2012
-20017
-32849
-39737
-39009
-42293
-52573
-63001
-64857
-56068
-50345
-42717
-36777
-28880
-18300
-2497
11580
17828
16651
9531
3551
5860
2536
-14413
-29052
-37081
-45013
-57148
-70065
-78049
-85569
-88748
-83564
-77153
-72921
-58625
-41744
-23753
-7693
-2156
-1792
1392
7252
6904
-832
-7044
-14641
-22324
-30501
-41204
-54725
-65600
-71416
-77052
-88284
-93924
-94713
-89232
-73700
-57124
-44996
-36600
-21113
-8252
-2636
2851
7208
10375
9287
496
-4876
-3089
-6197
-16041
-27285
-35581
-46740
-56064
-57449
-53616
-50429
-51117
-47649
-39769
-26032
-11384
-2892
2423
11336
20900
25516
28076
28668
26236
20883
10884
167
-11741
-24828
-38136
-48765
-56284
-63428
-69929
-68001
-60433
-53772
-48636
-38761
-27165
-17908
-6309
2631
8152
14248
19812
19183
18560
18779
12815
192
-18008
-33532
-42880
-49653
-52389
-60104
-69956
-72221
-66868
-60496
-47325
-36724
-27281
-12404
4028
15439
21132
26171
29364
32136
29928
21439
9336
-3024
-14544
-26460
-39448
-50025
-59833
-64409
-62380
-58697
-55484
-48761
-40176
-28676
-12368
4903
19076
26687
35812
40912
37632
35051
29604
23739
18892
8760
-6408
-22444
-36216
-41908
-42836
-44525
-48196
-49977
-45356
-34592
-21380
-8264
3735
13711
23075
38727
49572
54547
52972
45056
36412
29599
23108
15616
4620
-5504
-12504
-19880
-26836
-30852
-33257
-35233
-36021
-29364
-19788
-12552
1879
19124
32463
40231
44240
45311
44688
43891
40400
32675
20428
9847
1075
-5532
-14812
-26752
-37396
-47844
-50233
-46816
-42168
-34081
-23324
-9429
2540
15084
29404
37284
39651
43963
49960
51316
44868
32879
23347
14031
5392
-5289
-16693
-27685
-36365
-35832
-31765
-27540
-25841
-18888
-12456
2636
19684
27783
34532
44680
54611
58824
58768
58851
57468
50740
40256
29280
16843
8020
-448
-5109
-7260
-9669
-13225
-12233
-5229
712
8879
20335
31423
45155
56959
63632
69003
75172
78423
73724
67600
59524
47572
39059
29468
20024
11700
3196
-1077
-3965
-6757
-6020
-5076
-125
10483
21267
30635
40924
56291
67895
75260
82203
85599
83680
79627
76052
67079
54896
40112
26336
3972
-6240
-15961
-21668
-19724
-19517
-18781
-9460
4052
17607
28628
42439
52684
61615
70320
73879
72835
72527
64211
47875
35568
27000
15768
5255
-3685
-11261
-14165
-13332
-10892
-8372
-3173
9292
20847
37171
52071
63968
71072
78875
84327
81272
75888
69451
59112
49856
39808
25568
12076
4163
-5421
-16637
-21269
-21885
-22132
-16988
-6600
4063
15964
30180
39092
48975
61151
67088
67331
64684
60416
55499
50295
44616
36768
29451
16328
4671
-2768
-10072
-14865
-18828
-21681
-19273
-14668
-8653
1807
9391
19796
29227
37732
41623
42816
43431
42459
39412
37247
28359
18956
9783
1840
-9192
-17132
-21489
-32621
-37757
-37161
-36372
-33669
-24688
-12124
-1205
12956
24840
33427
43344
51512
52755
43976
39868
33679
26628
18048
7035
-8625
-22757
-34352
-42580
-50029
-54768
-59741
-58861
-49601
-36456
-22605
-9588
2616
13440
24835
33256
36911
36176
34480
30780
21363
12427
608
-14337
-27952
-41928
-51005
-55501
-57741
-59712
-60541
-55528
-47232
-37356
-25808
-17356
-7168
4003
14828
23860
26912
30575
32516
31060
25267
16924
5131
-4909
-14141
-23941
-29605
-35764
-40521
-42716
-42645
-38289
-29616
-19660
-11576
-2136
9455
18875
27331
30311
29559
30927
33779
32599
23703
14675
7400
-3829
-16365
-28233
-39900
-45977
-47876
-47217
-45504
-42029
-33937
-24573
-11573
1356
9715
17980
26492
29700
34207
36036
34960
33427
28240
16100
2732
-8572
-18196
-28453
-40217
-50236
-52609
-53173
-49140
-41421
-34501
-26448
-15169
-3833
7700
19815
27707
35899
38936
39716
35467
29832
25192
18635
9971
460
-12100
-27064
-36505
-40844
-44120
-45656
-45296
-40092
-30077
-19377
-8213
1823
10828
21779
31383
39775
45471
46743
45588
41207
34775
24936
13611
-1757
-15389
-26245
-33413
-39589
-42364
-43888
-43408
-39260
-32536
-21912
-11700
-1593
12051
22307
31511
38224
39947
43176
42664
38371
29588
18539
9784
-2068
-15356
-26968
-36240
-45144
-47624
-43829
-46113
-44985
-37224
-25981
-16037
-2929
8748
16232
26000
36920
43071
45079
43676
38400
29375
25067
18216
6439
-10160
-20476
-23836
-26373
-29852
-30256
-29437
-24237
-17832
-6896
4388
17031
26815
37043
48412
57692
63511
61868
59399
57968
55368
44944
27795
12843
3311
-2804
-12508
-21856
-26477
-29629
-24817
-16228
-9077
-785
6856
18183
30992
43939
54983
59568
65627
68659
69831
66111
58028
46967
33548
20800
10423
-596
-13376
-19748
-26344
-31764
-30785
-24245
-16733
-9497
-1164
9543
21535
33616
43771
48987
49523
50520
50880
46671
40603
32552
20239
7676
-6041
-19241
-26785
-28549
-30988
-36140
-39445
-34217
-20929
-7177
3047
11060
22823
35883
46427
53963
58660
59967
57095
53060
48020
40687
28208
11775
2164
-4669
-14817
-21084
-24961
-23945
-21869
-17164
-7036
4551
13496
23080
35044
45256
55811
63943
69976
73619
71500
66367
58100
47832
35623
21555
8904
-1900
-10309
-15909
-19500
-18557
-18889
-21108
-18088
-5281
7107
15460
22360
32192
44108
56128
61319
60912
57384
53739
49140
43388
35812
24591
9672
-3313
-12469
-16640
-18292
-20664
-22241
-19037
-13248
-3561
8459
16155
25579
36064
46832
56151
58363
56823
51631
47699
46315
36115
25071
12124
259
-17412
-23365
-30397
-34148
-30696
-24901
-17477
-10105
1183
13464
25216
33616
40279
47628
52572
55747
54600
50727
42176
31428
19496
4639
-6549
-17161
-26529
-31921
-35633
-36845
-37401
-31212
-21616
-12037
-4869
4631
12972
23923
35111
43452
47560
50015
49356
48664
43351
37244
24764
8336
-5448
-16105
-27133
-35132
-38589
-40700
-39061
-33628
-27576
-19428
-7936
2303
11859
21787
30724
38808
43539
45207
46187
41516
32244
22111
12700
3972
-6864
-19640
-31337
-39165
-40941
-39345
-36793
-34584
-31804
-23413
-12925
1299
15168
26563
38628
47240
50872
50992
50187
48028
40415
28775
17323
5880
-5565
-17177
-25888
-28320
-31625
-33704
-31845
-23808
-13605
-3068
3675
12504
24236
35407
44204
47619
50436
51971
50827
46287
39587
29836
18699
7131
-6852
-18192
-25205
-31293
-37873
-36521
-30649
-22864
-14308
-6341
4699
16996
29563
41796
48719
52111
54699
51252
48444
44415
37091
28407
17780
7164
-5464
-18501
-29737
-36668
-39777
-41553
-40544
-37776
-32417
-20716
-10053
244
12204
24384
34575
42143
43883
43812
41755
35955
26879
16579
7716
-2876
-16800
-31044
-42993
-50960
-55400
-58972
-58612
-56009
-48401
-37865
-27648
-15828
-241
14559
24588
29552
32923
33396
34008
32471
25572
14984
3956
-7649
-17225
-26952
-38525
-45837
-49080
-48657
-43524
-39961
-34997
-27668
-15904
-1052
12275
21727
29319
36531
39783
42719
42699
36947
26831
17439
5495
-7597
-20484
-32789
-44693
-56444
-62728
-64788
-65649
-61696
-53988
-43720
-34492
-20828
-8645
1620
10923
17403
17236
17311
16648
11591
3943
-5177
-15156
-26556
-37009
-46084
-56644
-65513
-69713
-72892
-69825
-62144
-54789
-46417
-35120
-22460
-11364
2012
13647
19147
23896
26371
23711
15587
8495
187
-11825
-27253
-41840
-50832
-58589
-61825
-61261
-60808
-61332
-58653
-53597
-42032
-28717
-18516
-8417
1748
12888
21555
28967
32680
31211
24939
17328
10296
3636
-5448
-16568
-27384
-35640
-43688
-47181
-48196
-44469
-38008
-31060
-19292
-5657
9548
21700
32667
38976
46363
52256
56220
56207
51808
44900
32728
21400
8987
-2000
-11553
-19768
-25304
-27884
-26949
-23281
-17312
-10060
-1600
7836
18644
28663
38423
48292
55480
58543
60876
59868
54728
46044
35752
24172
11048
2556
-8945
-20721
-30988
-36980
-37293
-34257
-29033
-22672
-14513
-4393
6099
16792
30087
40807
49172
53691
54323
53303
49640
42820
33088
21027
8280
-5288
-15416
-24677
-29445
-33653
-34233
-33773
-28425
-21457
-9840
3779
15447
24187
33228
42676
50335
56816
56951
52828
47639
40952
34620
22192
11324
-1417
-14581
-24116
-29097
-32848
-35700
-32129
-24401
-15124
-2680
7296
16520
27900
40399
52235
60295
64516
66875
66200
62356
53544
41111
29335
16339
6476
-5817
-15541
-21949
-28020
-30097
-26408
-20232
-10077
1596
13368
23316
34412
44980
53740
62707
69344
69160
66520
62183
51447
42123
33427
22784
10932
-1737
-12793
-19661
-20957
-21072
-20185
-14696
-8584
2167
13836
23572
35300
48407
57515
66119
70719
73327
72251
68571
60275
48867
38107
28420
17107
6639
-1657
-10357
-14093
-15504
-13053
-12261
-6576
3035
13792
24496
37656
46840
54259
63064
68051
69576
67055
60183
51048
38707
27016
14952
2947
-5980
-12528
-17712
-22269
-21940
-18633
-12316
-4985
3792
12867
22463
35619
49807
61216
68499
71031
69903
66623
61332
51687
41168
28496
13111
-2492
-15865
-23608
-28425
-29361
-32440
-35296
-32572
-26040
-17684
-7584
2439
11384
20639
28891
33791
38535
41411
39923
34203
25172
16471
4932
-6525
-17944
-29409
-39444
-45732
-48037
-48549
-46192
-40717
-33456
-24353
-13093
-2737
6339
16175
23700
32120
36151
34843
32639
27644
21391
12260
2904
-8965
-22617
-33552
-45593
-53609
-52701
-50536
-47913
-45868
-41808
-32849
-22992
-10865
-453
9376
17376
26083
29359
31640
30444
23327
13475
1879
-8716
-17397
-26497
-36128
-43644
-50805
-57608
-59076
-55532
-49560
-41449
-32285
-24048
-10460
3531
15604
26615
28908
29040
24559
20944
17408
10983
2387
-6044
-17249
-28593
-39245
-50133
-55049
-57476
-57201
-56724
-51661
-44712
-36861
-27333
-16541
-6824
2704
11264
16716
20128
22455
21464
18400
12132
2404
-8821
-20269
-31889
-41197
-47832
-53357
-57640
-58168
-55556
-48308
-39224
-32453
-26537
-15708
-3032
10268
22816
30504
35407
35839
33439
27856
22207
14951
4348
-8212
-19557
-28101
-33896
-38816
-43776
-45680
-43621
-38644
-28752
-19421
-5760
7707
18399
28164
35188
41912
44103
45279
43607
38447
28935
19088
6096
-6860
-15612
-26096
-34497
-43497
-48596
-48484
-45684
-40500
-34352
-24125
-8668
3408
13759
24168
33523
39964
41631
40275
36527
31255
23947
15267
4443
-7477
-20869
-33964
-43012
-47393
-50757
-54596
-55088
-51493
-43852
-34180
-21608
-10768
-28
10944
21739
30955
37688
37507
34408
26672
18624
10180
-12
-11624
-20969
-31461
-38576
-43296
-46136
-47612
-44417
-39289
-29809
-19028
-10557
-77
13043
25208
35363
41503
44343
43380
42087
41708
34668
25676
15860
3188
-7332
-18020
-27173
-34641
-39060
-37901
-37869
-34705
-29760
-22601
-13720
-3045
9039
19308
27811
35648
38183
38896
35795
29779
22159
12084
2771
-5033
-16108
-25784
-35080
-43088
-45665
-46093
-44196
-40092
-35513
-25541
-12800
-1216
10304
20687
30287
37859
41079
39663
35903
32215
29667
22635
11271
-1673
-14500
-23200
-32613
-38401
-43265
-44153
-40077
-34212
-26081
-15813
-4361
6500
17407
31496
42751
47780
51383
51895
50056
44147
35300
25055
12143
1040
-8724
-19552
-28561
-36705
-42757
-44756
-41896
-35760
-28489
-19400
-7709
2943
14684
25952
33632
38740
41719
41696
40447
36776
31051
22563
10732
-700
-13460
-23676
-34457
-40813
-43300
-43041
-40377
-35673
-29452
-18920
-6421
4272
15800
25487
32488
38319
42267
43412
42244
34628
26884
16928
3639
-8592
-19173
-31504
-42481
-50016
-55101
-57704
-55388
-50769
-42841
-33524
-25060
-14809
-3713
4600
11508
17495
20892
21955
19812
14564
8124
-193
-13188
-28756
-41796
-53269
-61929
-68301
-75420
-79345
-81297
-76716
-69272
-61305
-49053
-39205
-28904
-16152
-6525
484
4996
5295
4663
651
-7036
-15973
-27521
-37820
-48200
-56417
-61812
-68604
-72881
-73300
-69521
-62508
-55905
-48564
-38877
-27712
-16433
-7424
2755
8831
13119
13544
10603
5779
-1548
-9608
-18944
-28785
-40952
-50769
-58508
-63729
-67744
-68429
-66761
-59433
-51205
-40921
-31229
-21292
-10068
-1840
6468
14115
17076
18252
16655
14924
10328
4115
-6172
-15881
-27813
-151709
-45565
-50013
-54184
-53281
-49512
-43868
-32589
-20652
-9408
-193
10124
20896
33091
39108
42984
40624
36992
29656
20884
12199
928
-10204
-18909
-28053
-35308
-40052
-40440
-39056
-37084
-29537
-20420
-9232
4131
18047
30191
41271
50264
57672
61096
61927
58515
49780
40168
29412
15971
2167
-9540
-20596
-30141
-36724
-41673
-41045
-39200
-31484
-22912
-9401
4527
18096
30664
40276
47988
53780
58951
61548
62084
57639
48616
38168
27144
17035
5327
-7504
-17792
-23796
-26685
-27736
-25001
-18220
-9569
599
13064
27212
40252
49932
58552
66695
72687
73543
70808
65127
56151
45648
34124
23567
11928
-381
-6769
-14553
-19841
-23332
-24281
-19832
-10752
-1221
10659
22160
30055
40304
49020
53963
56112
54739
49580
45376
35952
25168
11999
-80
-12085
-22965
-29929
-34061
-35196
-33733
-30589
-24769
-15816
-4645
6783
15947
24807
33531
44372
52200
56891
58035
56291
50232
42335
33319
22616
11347
-1848
-13852
-22125
-30312
-35741
-37593
-35641
-31645
-21773
-12256
-2045
5915
14499
22456
32271
39504
44440
43543
39039
33831
26127
16219
4800
-5925
-15076
-24996
-32013
-36301
-39297
-38388
-36577
-31861
-24625
-12776
643
11620
23168
31383
38687
43440
45864
45455
40972
33315
20424
9659
-2037
-14468
-26809
-37700
-45173
-51444
-54565
-52692
-49276
-40925
-32072
-20176
-8060
4224
15923
27440
36775
43611
48600
47023
43936
40840
34543
27860
18627
6431
-5561
-16336
-24380
-30900
-33784
-35604
-32196
-27709
-22393
-13017
-2077
9631
19795
29995
36879
39923
43343
42268
40171
34820
26472
13951
1632
-11145
-24293
-36684
-46497
-53160
-55669
-53729
-51041
-44952
-36241
-24825
-11585
2423
14607
25835
33424
39884
43679
47336
49392
45536
36295
26728
17163
6692
-6208
-18800
-29233
-35964
-37365
-37865
-35045
-29796
-24153
-16733
-6348
6016
15784
24335
30376
34952
37752
34071
29143
22948
15076
4859
-5289
-18236
-29273
-37673
-46420
-53416
-54196
-51669
-48513
-39316
-28532
-20065
-12268
-1868
9380
20303
31028
37932
39731
40967
37711
30524
22172
15128
2859
-9932
-22704
-34320
-44921
-53773
-57296
-58840
-57604
-52280
-42469
-32613
-23968
-11141
1019
11711
23436
31155
37888
39947
38791
31236
20028
8899
-601
-13664
-23516
-33777
-43057
-49337
-53765
-54532
-53756
-48172
-40192
-30661
-19741
-8645
1899
12059
21851
26168
28540
27403
24156
17648
8852
-2897
-13497
-25113
-36309
-43760
-50300
-56172
-58600
-57036
-53300
-44568
-35528
-22960
-9888
1484
10183
20320
31207
38463
43511
43563
40208
34804
26751
17379
4788
-6713
-18541
-27793
-36477
-43168
-47577
-51176
-50925
-45460
-40244
-33525
-21108
-11888
-1292
7944
15932
21884
26764
27323
27103
25195
18659
7808
-3204
-13593
-23512
-33737
-41541
-46421
-49060
-47573
-42705
-36909
-28440
-18905
-8337
3951
11284
19788
25715
29247
31752
31655
30147
24716
17175
8044
-2481
-14900
-25221
-36312
-45589
-50612
-53697
-52292
-50688
-44476
-35521
-23189
-10861
203
11867
21984
29263
35987
39248
38232
38195
32612
24368
13399
1496
-11401
-23824
-34432
-42489
-47968
-50084
-50572
-45440
-38341
-26508
-15752
-3513
8784
19527
31096
40843
46968
50728
49800
49247
47343
40311
30348
19531
7184
-4385
-13333
-21969
-28357
-31093
-29693
-26905
-19605
-8368
-37
9691
22811
35327
46395
54676
59976
63491
64423
62088
56972
46164
35880
22103
9903
-2516
-13361
-22692
-29525
-34149
-32173
-29553
-22456
-12609
-1533
10776
20763
33320
42828
50892
57080
60607
60939
58315
51656
44020
35587
24143
11999
-653
-11696
-21832
-29333
-33848
-34461
-29509
-23593
-14248
-4200
6535
17864
27704
37060
44463
47655
49880
46867
44179
38643
29460
18744
5220
-8156
-19284
-28497
-35816
-38368
-43105
-43728
-40021
-33445
-25876
-17428
-7361
4964
15819
26523
33919
40055
43084
43764
41095
37920
27995
17299
4403
-7557
-19405
-27285
-33436
-38221
-41597
-41416
-39425
-34532
-27436
-17813
-6229
6519
19987
32064
41700
51352
56596
57951
57352
52051
44704
35604
25303
14035
3595
-6569
-14061
-18596
-19908
-20409
-19068
-13932
-4504
7500
20663
31487
42419
54035
65215
73015
77552
77435
71924
65904
56976
45844
35927
25035
15147
5155
-3785
-8385
-10417
-10684
-8536
-1972
6956
14984
25411
36679
46571
56672
62359
65043
66792
65159
59471
52799
42267
30564
15303
1971
-11629
-21060
-28969
-32524
-33528
-33532
-28936
-22721
-15913
-4328
6132
15251
26095
38724
48595
55124
58904
59584
56780
49367
39319
26339
14295
3168
-8269
-18028
-24716
-28725
-29093
-28301
-23800
-17608
-11649
-1604
8284
20223
31227
39127
47923
54340
56964
55503
52336
45807
37960
27799
15804
-356
-15145
-28709
-37669
-42061
-46161
-45365
-40300
-33332
-24817
-14868
-5372
6463
17251
27979
36416
44763
48936
49972
46788
42100
35603
25660
15776
4379
-8037
-18845
-27517
-34656
-37732
-36917
-32768
-28492
-19944
-11484
-1849
8904
18416
27359
36003
41440
43108
40687
35224
27756
19616
10508
-772
-13269
-24737
-33905
-39952
-43469
-45917
-44328
-41384
-34132
-24733
-13841
-2728
9927
20928
31243
40995
46463
49475
50423
48995
42992
33391
23120
10427
-2112
-12840
-22632
-31441
-35337
-36301
-34569
-30604
-22537
-14549
-5640
5291
13383
21843
31791
39635
46303
48796
47164
45220
41299
34736
26680
15176
2532
-10720
-21176
-27713
-32900
-37388
-38144
-35877
-31112
-22756
-11585
1192
11568
22368
32175
40644
47504
49879
49944
47379
41524
33376
22804
12172
475
-14228
-27820
-37124
-41805
-44661
-43692
-42873
-38692
-31176
-21488
-9540
1559
11459
18908
25636
32412
35339
36383
32999
27931
20447
10503
-1768
-13809
-24348
-32204
-39641
-46832
-50357
-50196
-45657
-37484
-29212
-19141
-6481
4664
15328
24068
34136
39204
41068
38735
36339
30096
23952
13079
2112
-7365
-17028
-25281
-32833
-37481
-39748
-40040
-36544
-31964
-25544
-17564
-6116
4771
15111
25559
32463
36216
39148
40507
38648
33803
25763
14876
3383
-10276
-21341
-30941
-37328
-43524
-47809
-49345
-49301
-42028
-33629
-24436
-13440
-1513
8344
18436
26683
33548
37019
38256
33344
28391
20892
12660
1884
-9905
-20980
-31469
-40145
-45244
-46625
-46472
-43309
-38392
-28388
-17328
-4709
6804
18595
27067
35287
39467
41884
39716
35803
29131
20948
7472
-7140
-23808
-38308
-48252
-55093
-62345
-65349
-65812
-61129
-53364
-45016
-31633
-19145
-6892
6940
17888
25964
32163
37220
37231
33988
29499
21931
13108
851
-7649
-20852
-252225
-38997
-45328
-46916
-44720
-43224
-36661
-28177
-18580
-8516
2831
13383
20747
26980
29859
30783
29135
25772
17796
7591
-2968
-14864
-29000
-41573
-53004
-61605
-67045
-69121
-68020
-64909
-61037
-52956
-41820
-28713
-17288
-5269
2959
10116
15899
19252
17868
15700
10187
1455
-7813
-17316
-28085
-40068
-50717
-60305
-66813
-70088
-70936
-69593
-66869
-59084
-48713
-36216
-26124
-14961
-6289
3615
10487
13471
12236
8923
3691
-4100
-11908
-24825
-36753
-48320
-58760
-68096
-74084
-78888
-80757
-81068
-73972
-64089
-53688
-42000
-29856
-18149
-7252
391
5032
8007
7999
6780
1231
-6448
-17732
-29832
-40436
-53197
-66133
-75456
-81116
-82396
-80217
-77457
-70813
-62657
-53721
-42624
-30848
-19333
-11945
-3340
3555
7739
8603
5399
-1868
-9936
-20860
-31017
-41312
-53956
-66337
-73704
-79412
-81916
-83185
-81297
-76913
-66577
-54317
-43636
-31100
-20648
-10820
-2117
2724
3647
2600
548
-3076
-8493
-19849
-33445
-45976
-57388
-66357
-76904
-83788
-89301
-89885
-87569
-80504
-71536
-61864
-48801
-37052
-28288
-19568
-13584
-7289
-4336
-5105
-4432
-9616
-17400
-28248
-39192
-51644
-60160
-70361
-77164
-83004
-85968
-83868
-81337
-76429
-68745
-58497
-44848
-33664
-25228
-14068
-6085
-1501
1115
1832
-765
-6008
-13697
-22277
-30601
-39084
-50804
-61288
-70193
-74917
-77536
-77348
-74892
-67508
-58237
-45832
-33257
-22748
-10441
1460
10720
18367
21588
21803
20239
16775
9528
-473
-12252
-24040
-34717
-42649
-51592
-55461
-58372
-56260
-51501
-45540
-34649
-23680
-9576
5476
18832
30875
40907
47711
50655
49044
46740
41535
32487
21808
9884
-2849
-12469
-23269
-32164
-38817
-41680
-39648
-38021
-33104
-24773
-15101
-2696
9679
21247
30279
35004
38436
38951
38352
34375
26763
18932
8411
-3505
-15840
-27636
-37316
-44713
-51392
-54673
-51512
-47317
-41581
-33772
-21773
-8772
3492
15471
23980
32807
40428
43871
44227
39527
30780
22975
11592
-409
-10681
-21644
-31684
-40432
-44668
-45205
-44852
-40869
-34736
-27288
-16569
-4549
5007
15712
28119
37639
42532
47192
46019
42463
37848
31664
20827
8520
-6144
-18552
-28521
-36344
-42177
-46705
-49521
-46828
-39933
-31181
-21497
-11097
-833
9563
19791
28419
36668
38036
38360
35420
29788
23171
14412
3507
-7537
-17028
-26148
-33489
-38680
-40896
-39413
-34088
-27960
-21493
-10756
-292
10792
21839
32755
39007
43727
45888
46575
43547
37423
29591
18292
6140
-4493
-15373
-27104
-33492
-38248
-42384
-44209
-40424
-35725
-24996
-13873
-1812
11088
21563
33071
42671
49075
53616
54124
52204
45295
38312
27443
15883
5008
-7489
-17224
-26933
-31252
-32688
-30161
-25793
-18861
-7712
4159
17675
31084
42207
52815
57471
61476
62008
59883
56080
50576
40627
28607
15488
6280
-4829
-15104
-20673
-26340
-28336
-26241
-21921
-12297
-2337
8244
20339
30491
41460
50980
58436
61323
63947
63327
60759
56535
50427
42511
32348
22159
12180
3368
-3280
-6041
-5825
-5888
400
9163
18900
29288
42156
54607
66419
74916
82223
86387
87847
86696
83252
76936
67176
56683
46667
35644
24976
14447
7091
1403
587
2711
6367
13564
22371
33899
46131
58292
68951
77772
85356
89532
93443
92100
87987
82887
74403
67524
56904
45168
34404
23531
16444
12299
8747
6328
9708
15895
22083
34620
45723
56100
66395
76328
85792
90083
92051
89552
85787
78579
70096
59300
46571
35147
23451
14360
5987
-461
-1184
-1225
1460
7920
16232
25647
35256
47107
58940
68592
78728
84087
86951
87047
84439
77304
66295
55168
43087
32599
22624
12964
6372
4
-4900
-3317
-273
3363
8563
18800
29423
40939
53243
64247
70939
73860
73847
71251
67448
57567
45311
32668
19728
6315
-6468
-18377
-27760
-33052
-36788
-36505
-33696
-28516
-20576
-12032
-564
11827
23099
33344
41295
47044
51072
50363
47560
39311
29467
19016
5132
-6797
-18173
-28112
-34145
-38753
-39141
-37048
-32193
-24361
-17692
-7081
4687
17263
30019
40335
49219
54927
57656
59108
56515
49504
40684
30035
20668
10239
-1324
-9972
-16189
-20844
-20885
-19733
-14797
-7673
-113
10748
22243
33159
42143
51083
58479
62155
63340
61008
58980
53559
47588
37124
25300
13192
583
-8533
-15137
-19189
-21248
-20889
-16740
-10461
-428
10240
21504
32923
44403
54995
64608
67680
70340
69467
64508
57787
48519
35879
21583
9179
-1880
-10653
-17449
-22580
-24885
-25145
-21968
-14325
-5305
6399
16235
25980
36832
46300
51747
58671
59739
60007
56736
52744
45492
36207
26244
14016
2588
-8269
-15901
-21484
-22873
-22557
-19661
-13476
