27484
26934
-31688
-45406
-56038
-62124
-35557
-40042
-37983
-35209
-31377
-23747
-13033
-3553
5511
16604
23312
28541
29407
30843
28256
28232
25475
14415
-467
-8046
-15057
-25647
-31742
-27844
-22686
-23210
-31302
-31776
-29649
-24742
-15698
-5594
4950
7408
10259
18655
27582
35100
29726
16867
11369
5879
93
-1485
-7812
-22915
-31885
-31013
-30711
-34229
-29326
-19150
-8850
-5923
-4370
-2554
6855
22830
26841
30895
34054
27816
20958
20303
21762
18227
7599
-3468
-6769
-12473
-19799
-27368
-33628
-36010
-29403
48051
42213
-17445
-21505
-25691
-32365
-34449
-28223
-21497
-19402
-14890
-9879
-2672
-1933
645
2862
6834
19114
27190
27919
26382
22995
17144
9482
-1744
-13599
-17672
-17315
-17914
-25592
-33473
-34962
-30802
-30185
-25614
-15118
-6726
6065
19932
29573
25442
19372
19109
21692
18468
10720
7397
8799
12302
6302
-2885
-9499
-12203
-18064
-23489
-27929
-30411
-34853
-33074
-25850
-18400
-12457
-8165
-835
10912
24222
31985
34346
33264
26616
18390
11487
3705
-6173
-15442
-24203
-30522
-34955
-39773
-42222
-41381
-37543
-35470
-31414
-23954
-11930
996
14667
28282
37856
39691
40228
38446
34085
27599
18282
9422
4499
1596
-3774
-11949
-18956
-23208
-24007
-21924
-17247
-12199
-8033
278
11451
21512
27300
29941
35106
40467
41573
37783
33958
31481
26056
17991
11014
4202
-4993
-15391
-22976
-25412
-26930
-29768
-27784
-21057
-12455
-4350
2692
9961
17021
25050
34396
39817
38684
33284
28588
24033
20088
13333
6081
-3696
-12571
-18848
-23317
-26930
-29675
-31261
-29669
-24934
-18550
-10502
-437
9495
19605
29730
37742
40499
42466
39072
33989
26101
18152
10198
4194
-71
-6547
-10359
-15022
-17897
-19567
-20899
-18698
-14135
-6770
-388
6777
14320
24578
31383
37100
40547
40278
40444
36014
29598
22445
13799
4563
-1809
-9128
-14161
-19412
-23555
-27148
-27312
-24526
-19845
-13535
-7455
-1180
8474
15955
22017
27660
31079
32883
32593
28746
22273
12790
5546
-979
-7515
-16028
-24893
-31479
-34456
-33872
-31896
-29670
-27780
-22545
-14772
-5811
1324
10090
18359
23499
29195
32790
29934
25184
17889
12105
5392
-1622
-10502
-19516
-25580
-29080
-30291
-28934
-28185
-27484
-25549
-20104
-11744
-3599
3907
8268
14404
20577
27293
29886
29491
25838
20294
12221
5109
-1107
-8629
-16173
-23457
-28731
-31312
-31873
-31094
-29095
-26080
-20777
-14088
-4175
4699
11637
18879
24892
28694
31648
31427
29636
25745
22222
15666
7117
-918
-6733
-15697
-22597
-28804
-30257
-28785
-25186
-21374
-16481
-11283
-2188
6197
14419
21119
25928
28687
29643
29986
27815
23527
15905
8618
140
-7419
-14634
-20681
-27693
-32767
-34465
-32165
-29278
-25430
-20723
-14271
-6759
39
9196
17151
21393
25042
26738
24624
20871
16804
11306
3503
-5567
-17049
-27135
-31971
-36360
-39601
-41927
-41914
-37726
-32425
-24621
-16404
-8485
-2210
6074
12798
19238
23893
26071
25179
23928
19705
14180
6552
-3518
-14176
-20913
-25633
-28115
-32384
-36108
-35470
-33936
-28052
-19505
-12163
-5669
15
7354
15477
21722
24886
25260
25537
21949
16261
8085
1331
-7970
-17913
-26924
-33723
-37795
-41216
-43892
-44699
-42532
-37632
-31279
-24260
-17123
-9539
-2003
5952
11969
15119
16961
17395
15771
11402
4131
-4931
-12736
-20317
-26710
-33835
-39827
-43135
-43435
-43801
-43313
-37594
-30018
-23347
-16936
-8728
-1701
4715
11986
16942
18387
16843
15468
12018
6826
-2829
-10690
-18985
-26296
-33107
-39696
-44279
-43699
-41425
-37989
-33440
-27785
-20205
-10710
-2723
2215
8538
12813
17031
17830
16429
13031
8459
4115
-315
-8093
-19123
-28050
-35016
-39088
-42012
-45230
-46641
-44408
11959
13118
11783
10217
7619
3428
-4304
-11345
-18053
-24237
-30814
-36873
-40378
-40836
-40306
-37902
-32208
-26872
-20386
-11983
-4120
5939
14822
19278
21664
21852
21022
17505
12349
6823
-1654
-11461
-20302
-27704
-33466
-39661
-43500
-42617
-39562
-35198
-31387
-26478
-16648
-5432
2741
11960
18700
23521
27759
30343
31130
28689
23739
17533
10266
2555
-4943
-11368
-19220
-23165
-26075
-26720
-25758
-23046
-17903
-11341
-4470
1750
9936
16956
24022
29935
33219
32620
30049
27443
23673
18762
11075
97
-8711
-13569
-20166
-25244
-30345
-35919
-35330
-28632
-21444
-15629
-9439
-3252
4899
14830
21350
25163
27475
29052
31454
31143
26803
16722
7042
-385
-8033
-13627
-22276
-30076
-39642
-42732
-38442
-35432
-31224
-23930
-19586
-14019
-3916
1420
7684
13167
17396
18500
17088
16080
9507
3833
-2349
-7778
-17017
-24208
-30255
-34609
-35904
-39704
-41225
-41092
-32692
-25610
-17023
-8789
-2817
3306
11933
20143
24375
26262
26522
22624
17065
7149
-5977
-15779
-21025
-28283
-33920
-36838
-43157
-47980
-45593
-38614
-33228
-28097
-24008
-18872
-8796
860
10173
16480
19961
19716
16265
16776
13332
4745
-5996
-15630
-21332
-24256
-29225
-34502
-37976
-36595
-36845
-36471
-34016
-29146
-24815
-16657
-7437
-2158
1547
5416
9446
12015
12531
8546
1677
-4363
-10966
-20351
-30502
-37564
-42298
-46976
-49163
-49287
-47461
-43460
-38701
-34440
-29796
-22970
-17214
-9244
1223
10564
15183
17922
20471
16973
11136
5225
-1612
-8015
-17504
-28067
-36418
-39184
-41441
-44190
-45738
-42890
-37728
-30166
-20676
-9650
-602
6783
12083
20316
26934
28554
25103
21213
18764
13494
6933
-402
-7297
-16148
-22475
-28733
-34083
-36318
-36096
-33202
-26610
-18917
-12305
-4668
5358
12248
18813
23237
26423
27963
26616
21584
14988
8676
1149
-7227
-16411
-24283
-31860
-37029
-42915
-43524
-41867
-38875
-33305
-26880
-19508
-12304
-2389
7856
15977
20465
23118
24363
23782
21979
14898
4454
-5423
-11466
-18371
-27381
-33149
-38406
-41749
-41882
-39447
-36084
-30569
-23533
-17449
-8340
170
7936
15040
21261
26549
28962
28910
26097
20193
14186
6358
-3911
-12085
-18972
-23764
-27017
-28138
-28455
-30708
-29749
-24359
-15978
-8389
-1379
5035
11504
19721
26747
30901
32361
32286
29203
22780
15926
8578
-291
-8442
-13431
-21593
-28233
-33687
-34689
-32065
-27302
-22651
-18131
-12295
-5865
2807
9627
16114
19512
21851
23035
22350
20005
14717
8305
1387
-5164
-11590
-19943
-25899
-28131
-30314
-29320
-25783
-23596
-18886
-11868
-4536
4055
12250
19631
25832
29959
33209
34836
35509
35426
29257
23070
15316
8638
1254
-7143
-16542
-22554
-26047
-27513
-26822
-25824
-21170
-19165
-10830
-1597
10166
18371
25506
34303
36493
38603
35311
31982
29117
23304
15886
7360
-1367
-7972
-13014
-18061
-22257
-22509
-21140
-18174
-11702
-2509
5021
12292
22127
29859
34728
41595
45243
47196
44068
39062
32789
27931
20390
13026
5028
-2628
-9520
-15933
-18883
-18881
-17585
-13857
-9127
-35
9939
19002
26256
33931
41623
49614
54507
54491
51614
46130
41948
34989
27339
17903
7442
-2687
-8309
-13370
-18133
-20408
-18332
-12339
1510
8257
14763
23608
28027
32923
38581
42632
41389
39569
39288
34649
27485
20384
12750
5186
-1325
-8742
-14813
-17792
-15141
-11741
-6523
-1500
4798
10672
19457
28074
33977
37522
40267
42738
44505
43568
38912
32095
26091
18164
10136
4337
-2448
-11219
-17586
-19894
-19154
-16968
-14102
-9525
-5169
-515
7327
15998
25042
32995
37350
42599
46561
49002
46478
40841
35202
28412
19161
9082
582
-5862
-11034
-14586
-16010
-16338
-13713
-8929
-2823
4149
9420
15506
23288
31385
37169
41100
41783
40147
36577
31376
22845
14350
5085
-5908
-12625
-19069
-25163
-30306
-31538
-30062
-26097
-19853
-14990
-9070
-1095
7777
14294
20926
28414
30310
29964
27958
24721
18392
11711
3049
-7456
-15934
-21741
-28170
-31239
-31942
-32896
-31554
-28269
-22043
-15904
-8888
-2599
3099
8740
15990
22328
26311
28490
25667
19996
14777
9229
2199
-5760
-13822
-21534
-28583
-34448
-35340
-35776
-34994
-34021
-28771
-22324
-15989
-6844
435
7337
14062
19851
23299
23555
22596
20235
15388
9972
958
-8041
-15263
-21148
-27958
-31327
-35810
-38754
-38603
-32677
-24658
-17092
-12204
-5191
1844
9872
18324
23426
27646
29559
28672
24994
18841
12472
3334
-5774
-12558
-20385
-25365
-29738
-32273
-33815
-31708
-27505
-23298
-17324
-8052
686
8273
15985
23522
27264
30548
33999
33285
28220
22571
14890
7004
-615
-7898
-15385
-22018
-26971
-30315
-31725
-31457
-28361
-24892
-20326
-14281
-7196
-199
6242
12407
19921
23837
25997
25635
23228
17653
11052
4620
-3147
-12016
-19295
-24532
-28590
-31563
-32071
-30517
-28803
-24281
-17554
-8912
-1465
5078
11642
17683
24514
27938
28812
27171
24701
20970
17035
11021
1403
-9326
-16957
-22739
-27459
-30066
-32582
-34491
-31466
-24232
-16835
-9162
-1342
5512
11785
18202
25552
27914
28153
27344
25873
22356
15659
7678
-1931
-8675
-14893
-21842
-28701
-35405
-36191
-35167
-30341
-24641
-19913
-14816
-6419
4139
13309
18726
23410
25133
26708
26769
22850
14703
8946
2287
-5009
-12877
-18671
-25937
-30569
-31682
-31868
-30096
-27712
-23731
-16677
-6274
2218
10548
18281
26294
31552
36129
38137
36960
32159
27972
21143
14499
8148
-783
-8890
-13675
-16930
-18879
-20391
-20700
-18756
-14270
-5326
3642
10763
15450
22107
30807
38670
42755
42236
38581
34303
29007
21706
13191
5747
-1000
-6981
-15290
-20836
-23774
-25297
-23968
-19647
-13626
-8291
-2684
6186
15209
24745
30852
34151
36615
36694
36424
33298
26844
19676
10371
4294
-2274
-9736
-15389
-20014
-22051
-23054
-21244
-20405
-13776
-5672
3800
10548
16572
23978
30755
35821
39987
39205
35755
28905
23809
18712
14330
7358
-2830
-10721
-17687
-20787
-22186
-24159
-23805
-18585
-12458
-6231
3417
12381
20379
27689
32477
37071
40545
41754
41033
38874
34366
26784
17949
10187
2962
-3015
-10957
-18071
-22294
-22373
-21409
-17478
-11650
-5189
1000
10335
18851
24867
29347
35339
38574
40490
38909
35363
29472
23629
17945
10499
1747
-7438
-15295
-19603
-22778
-23817
-22597
-19106
-13935
-5102
2586
10688
17367
23622
29571
33406
35511
35714
33948
31284
26849
20260
12017
3950
-3602
-11087
-18271
-24109
-29886
-32381
-29896
-25133
-14868
-8643
1182
12929
22808
28737
33055
37146
38825
39458
36214
30030
24265
16795
9613
1848
-4916
-10784
-17259
-20993
-21075
-19854
-18662
-15060
-8859
-675
9106
18819
26026
30304
33677
36466
37028
34530
30193
22026
13582
5016
-2186
-9988
-17211
-22865
-28241
-31084
-33832
-33486
-31695
-26843
-17905
-8108
80
7074
16356
23524
29566
34164
34732
33923
28994
22902
15891
7398
-787
-10047
-16422
-20624
-24530
-26477
-28402
-27677
-24875
-19574
-14660
-8168
1198
10041
17275
23447
30934
34384
33535
32544
31056
28810
22073
12129
2987
-5432
-11680
-17822
-20422
-22830
-23709
-23387
-18736
-12275
-5746
1718
8592
16235
23667
31048
36021
36979
38176
37804
34578
30498
22029
12769
3001
-5169
-11953
-18322
-22255
-24866
-25682
-22924
-18416
-13825
-8402
-1466
6424
15110
22495
30282
33527
35865
36012
34555
30853
25643
19505
11995
2708
-5020
-10250
-15372
-19185
-22360
-23881
-24356
-21820
-18077
-11273
-2015
6105
12363
19203
25555
32200
36052
36439
34021
29932
24552
17787
10252
2099
-6588
-15645
-22093
-27850
-32188
-33969
-31217
-28287
-23048
-17969
-10981
-3605
4538
12696
19004
23313
26781
26361
25261
23791
19178
11534
4309
-4789
-13044
-20065
-26312
-31324
-33903
-32937
-31392
-27329
-22234
-16237
-7394
1175
10178
18155
24308
30206
33654
34154
33133
28695
23030
16048
7657
-560
-9878
-16615
-22455
-26404
-30694
-31652
-30721
-27818
-24201
-19212
-12879
-6384
646
8190
13525
18712
20984
19939
18337
15162
10529
2465
-5834
-15081
-21418
-28100
-32643
-35982
-39792
-42795
-42485
-39511
-34062
-26458
-18184
-11348
-3425
3609
10687
16072
19928
19595
17890
13709
8366
1653
-7141
-14493
-22592
-30254
-37267
-41368
-43839
-44037
-43081
-39624
-34357
-26002
-17393
-8894
-697
6554
11971
15879
18238
20297
18905
16729
10853
4044
-3839
-10391
-18341
-25937
-29977
-34208
-37226
-37571
-34301
-29657
-23323
-15147
-6553
848
9893
18286
26643
31872
35102
34854
32284
28782
23880
17618
8820
977
-6561
-12978
-17341
-22202
-24891
-26710
-25922
-22563
-16135
-9787
-134
8051
16879
24639
32213
36420
38414
38922
39198
36518
30240
22510
12480
6411
-1195
-6937
-13647
-19904
-24026
-25330
-22979
-18567
-14740
-8600
-2375
7825
17726
24922
32425
37994
40702
40802
37596
35051
28851
22400
13986
5477
-2472
-10489
-16078
-20727
-23399
-24951
-23944
-21972
-16326
-7148
3326
12145
18492
24836
29958
35916
39483
39694
36913
30893
24437
18002
10339
2063
-4640
-12544
-19041
-24006
-27458
-27623
-27035
-23867
-18339
-12150
-5812
2544
11101
19341
26881
33050
36022
37301
36026
32819
29496
23065
16164
9744
2051
-4527
-9705
-14736
-18991
-20315
-19182
-16137
-9782
-2140
4355
12007
20143
28097
36753
40711
44313
46250
43104
39855
32524
25495
18063
9288
811
-7508
-13620
-19165
-22688
-23438
-22764
-19706
-13174
-7194
-618
7123
14806
23588
31183
37638
39747
39781
38684
36020
30943
23984
17019
8567
1856
-5431
-10657
-14619
-16844
-16251
-12491
-8531
-3046
3253
11480
19878
27212
33231
38995
43677
44085
44506
43437
39487
33378
25941
19006
12598
4965
-2387
-10431
-16203
-18714
-19263
-19366
-15194
-10665
-3802
2450
10272
17969
25299
32002
36307
38398
39101
36756
33471
28668
23190
15898
7286
476
-6826
-12177
-16177
-18097
-20617
-20229
-17326
-12569
-6375
760
5829
12531
18418
25720
31224
32458
32007
29037
25997
21996
14812
5906
-3529
-11972
-20041
-28236
-34272
-36522
-38364
-37196
-33590
-26848
-41408
-12402
-3908
5630
15187
20576
24908
26567
28416
26996
22453
15705
8927
2938
-3789
-12382
-20784
-27218
-32344
-34069
-34199
-35040
-33135
-27966
-21099
-12024
-3716
4102
9173
14458
20525
25576
25715
23792
20072
13646
7625
1412
-7542
-15572
-22239
-28504
-33375
-36516
-36884
-33769
-30566
-24309
-16935
-10908
-3445
4552
11577
17597
21235
21882
22334
21729
16938
10597
2920
-5269
-12866
-20563
-26829
-33547
-37556
-40406
-39213
-36918
-33036
-28557
-22975
-16469
-7548
429
6799
11767
15390
19736
21124
20383
16466
11990
5417
-1212
-7526
-17770
-26156
-31194
-34352
-36581
-37287
-35120
-30006
-23264
-13854
-5982
56
7356
13640
21683
27028
29903
29455
26639
24000
18377
11735
4556
-3800
-11545
-19367
-25122
-30597
-32690
-34077
-31590
-27896
-23373
-16734
-9178
-980
7210
15662
21813
25198
27786
29225
28318
24634
19441
11930
4732
-1651
-9635
-16401
-22129
-26777
-30375
-30424
-29129
-24822
-19940
-12585
-4864
3177
11322
18261
23932
27927
31675
32786
30605
26215
20357
11904
3628
-4954
-12140
-19649
-26915
-31342
-34286
-34381
-31983
-27386
-20240
-14643
-6647
747
8419
15652
20173
24789
26790
26997
23762
19297
15005
7387
-483
-7725
-15786
-23019
-28510
-32868
-35303
-35081
-33341
-27743
-22258
-14747
-5960
1583
10163
16924
23413
27880
30299
31359
29755
26252
19973
12100
4289
-4746
-12417
-20416
-27024
-31629
-33506
-34284
-32132
-28038
-23289
-15145
-6166
2871
11862
20022
25122
29385
32613
33619
31679
27035
22334
14267
4200
-4461
-13229
-19786
-27155
-32669
-36753
-38094
-36822
-33199
-27243
-21486
-13376
-6894
2123
9851
16454
21687
24493
25945
24202
21725
15833
8985
1332
-6007
-14226
-20774
-26562
-30244
-31798
-33451
-31517
-27537
-20587
-13119
-4020
4822
11514
19432
24993
30179
34357
35993
32739
27393
21456
16293
8978
2340
-6950
-13298
-19573
-23732
-26488
-27336
-25244
-20832
-15456
-8984
-259
6831
14076
22332
28377
32550
34021
33122
29976
26095
20656
13309
4431
-3869
-12275
-19391
-24593
-29622
-30608
-30740
-27345
-24069
-17532
-10412
-3449
2795
11235
18126
23134
25844
26971
28478
26273
21230
15850
9703
2411
-4454
-12318
-18937
-24434
-28949
-31633
-32434
-30919
-26626
-20280
-12758
-6390
661
7698
15018
22506
27692
28128
25965
22208
17092
11333
3613
-6046
-14086
-21996
-29346
-34592
-39340
-42652
-43993
-42711
-38616
-33607
-25892
-18265
-11740
-4370
2980
8365
14186
16467
16559
13541
8926
4148
-3314
-10349
-18826
-26967
-34713
-40424
-46924
-50273
-49988
-47668
-42640
-37480
-30986
-23341
-15132
-6884
417
7341
12542
16555
18210
18272
15005
8434
1688
-5977
-13300
-20812
-29357
-35725
-39429
-42842
-42520
-41699
-39249
-33578
-25390
-16303
-8433
-2051
4546
11349
17086
20554
19439
17513
12493
7054
1878
-4300
-9241
-17522
-25464
-30215
-33218
-35870
-36530
-35084
-32529
-53740
-20033
-11375
-3449
4674
11376
17649
21542
24545
23661
21058
17518
11392
5576
-1879
-8717
-15820
-22372
-27825
-32420
-34802
-35665
-34425
-29936
-24846
-17377
-7317
2275
11123
20200
26433
32311
35250
37170
34907
32122
27216
20956
12781
5359
-1922
-9566
-15171
-19407
-21617
-21528
-19924
-16696
-11480
-4899
3772
12157
21108
28783
33865
38169
39858
38524
36892
31843
25325
17418
10713
3328
-5476
-11566
-16371
-19755
-22455
-21755
-19356
-15086
-10239
-3060
4987
14334
21658
29119
35801
41185
43555
43873
42221
37939
32373
24125
16716
9403
1848
-5534
-11974
-15286
-18152
-18392
-15932
-12596
-7014
-1412
5797
12926
19943
26547
32346
36764
38333
39956
38108
34565
27630
20398
11853
3384
-4106
-11812
-18332
-23292
-24860
-24196
-21448
-16870
-11720
-5166
2422
10388
17730
24266
29131
33990
37811
37237
35629
31175
25083
18101
11121
2463
-4117
-13488
-19744
-24954
-27415
-27696
-27264
-24118
-19504
-12703
-4031
4318
10894
16462
22917
29304
32162
31530
28930
24990
20626
13984
6457
-574
-7955
-15102
-22359
-27065
-28767
-29425
-28480
-25197
-20190
-14225
-7502
207
8297
16947
24186
28072
30592
32366
30162
26169
20248
14108
6018
-3203
-11179
-19619
-25312
-30397
-32791
-34062
-32171
-28234
-23081
-17182
-8960
-1583
5870
12009
17465
22108
24566
24198
21923
17011
11790
6508
-189
-7827
-13829
-19912
-24946
-28562
-30535
-30998
-27036
-22271
-16383
-8335
973
9906
18996
25081
30873
35190
36376
35549
32031
26972
19691
13189
3099
-4760
-12234
-19468
-26948
-30870
-34094
-33899
-31694
-27614
-22340
-13672
-6045
3269
10240
18602
24082
27929
29326
28956
26250
23396
18459
10648
1936
-6340
-12721
-19416
-23974
-28444
-30895
-31326
-28221
-23440
-17202
-10906
-1505
7059
14986
21226
27602
30386
32654
32531
29570
23530
16782
9227
2112
-5991
-13157
-20851
-26637
-30800
-32967
-32747
-31424
-28389
-23824
-16490
-7431
2199
10314
19385
24946
29060
30885
30984
28179
22243
16469
9280
1269
-5455
-12307
-19057
-24897
-29380
-30653
-31927
-30538
-27732
-21992
-15153
-7710
490
8148
15750
23487
28537
30186
30129
28389
24049
17372
9399
1221
-7737
-15634
-23434
-30745
-35659
-39260
-38399
-35880
-32309
-26829
-20303
-11951
-3759
3959
11556
16265
21014
23284
22771
20444
16382
9415
3360
-3665
-12185
-19111
-26334
-31249
-34152
-36346
-35954
-33972
-29663
-22771
-16133
-9225
-1993
5900
13592
19154
23157
23928
24344
22463
18577
14198
8411
854
-7611
-14365
-20100
-25813
-31077
-33077
-34016
-31931
-27986
-21556
-15458
-7908
744
9762
16777
23594
28620
31172
30566
29413
24833
18588
11461
3129
-4061
-11880
-18908
-25543
-30011
-32021
-30885
-28932
-27233
-21598
-14313
-6699
498
8124
14235
19329
22565
25140
24867
23359
19118
12686
5388
-2452
-10131
-17209
-23046
-29404
-34336
-36339
-37356
-35814
-32652
-26848
-19811
-12201
-4750
2857
10567
16608
21785
23755
24946
22995
17447
10959
3833
-3387
-11559
-18216
-24853
-29558
-33344
-35423
-34245
-30892
-26351
-19889
-12736
-4968
2334
10151
17256
23880
28785
30041
30392
29602
26334
19905
12408
4705
-2632
-10140
-16100
-21836
-25442
-27848
-27866
-24546
-19965
-13504
-6158
1178
9435
17387
24272
31652
36298
39331
40285
37810
32103
25760
18192
11065
3558
-4642
-11343
-17495
-21382
-23578
-23188
-21518
-18087
-13105
-6509
2421
12053
18972
25947
32908
37281
40024
38407
37647
33422
26795
17914
10250
3519
-3209
-10243
-15399
-18800
-21023
-21410
-18933
-15014
-8979
-3287
3394
10840
18130
25259
29740
33853
34991
34105
30736
25624
19665
12424
4835
-2473
-10644
-17794
-24136
-29014
-31438
-30759
-29407
-26083
-20702
-13477
-5806
2975
9753
16347
22864
27154
29265
30681
28826
24896
18805
11051
3181
-4866
-11188
-19090
-25235
-28914
-31245
-31060
-29109
-23446
-17658
-10532
-1726
6347
14169
21273
27892
31970
33907
34528
32531
27102
20759
14867
7223
-1008
-8544
-15738
-20260
-24669
-25489
-24779
-22250
-15373
-9655
-1865
7541
16530
24073
31211
36143
40246
41933
41960
39500
34996
28238
20083
12823
6020
-948
-7292
-13592
-18633
-21338
-20323
-16689
-12140
-7320
-514
6460
15559
23530
29637
35795
38247
39734
38841
36250
31951
26585
20200
12396
4431
-3430
-10095
-16220
-20094
-22842
-23567
-22252
-19591
-14451
-6522
1051
9277
15489
21116
26861
29269
31091
31099
28100
22637
17223
11382
5345
-2455
-9064
-15521
-20817
-23520
-25698
-24637
-22046
-17119
-12232
-4545
4770
12660
20555
26521
31778
36033
35670
34833
31946
27100
19940
12463
5350
-2065
-9016
-15970
-21895
-24381
-26286
-27342
-24816
-21883
-15885
-9511
-1566
6306
13922
18782
23286
28207
29133
28492
25426
20591
13662
6886
-693
-7842
-14607
-22157
-26480
-30780
-31766
-31313
-28991
-25345
-18824
-11541
-3594
5100
12491
20470
27158
29821
31427
30737
28191
23419
16324
9290
981
-6735
-13957
-19938
-26409
-30219
-33022
-33671
-31525
-27833
-22065
-15344
-7320
1123
9267
16907
24380
29130
30513
30926
27797
24517
18860
11243
3062
-4774
-11908
-19565
-24754
-29099
-31576
-31395
-28005
-23625
-16173
-9469
-1194
7975
16075
22415
27658
31310
34488
34716
31117
25879
20052
12215
4827
-4713
-12105
-19823
-24694
-28116
-29202
-28614
-24177
-19057
-13989
-6590
474
9437
16223
22604
27577
30620
32381
32071
29120
24101
17891
10585
2980
-4704
-12822
-19218
-25498
-29885
-32064
-31436
-29382
-25236
-19523
-11318
-2997
6343
14967
21649
27241
30428
32500
31143
28308
22946
16402
8878
381
-7895
-14751
-20818
-26982
-31061
-33206
-33189
-30317
-26153
-20555
-12974
-3619
5731
14536
22024
29654
34077
35965
35940
32056
26660
20166
14145
4921
-1440
-8380
-15590
-20825
-22841
-26126
-26696
-25884
-22747
-16604
-9279
-1310
6169
13815
21103
27392
31337
33114
32292
29468
24107
17445
10721
2091
-6698
-14340
-20597
-26053
-29721
-32932
-31921
-30532
-26358
-18742
-12600
-3937
3988
11242
18505
24278
28668
30291
31232
28354
22940
16094
8917
-204
-8891
-16321
-23163
-28862
-33647
-34422
-33986
-32282
-28878
-21282
-13285
-4682
3739
12369
18701
25441
28503
30995
29236
26151
20869
13908
4939
-3798
-12321
-20773
-26097
-30402
-32274
-34960
-34097
-31649
-27361
-21140
-14432
-7987
-1517
6274
13092
18648
22452
23457
23163
19130
14864
8344
504
-7469
-15199
-21338
-27838
-32760
-36634
-37648
-35948
-32307
-28097
-44950
-15229
-8476
207
9402
15160
22154
26342
29054
28610
26772
22200
17347
9396
1129
-7950
-16152
-23418
-28342
-33344
-35624
-35186
-34617
-31748
-25690
-19095
-10929
-3332
3770
9511
15364
19739
21014
20241
17147
12905
5059
-2677
-9305
-16712
-24570
-32758
-38177
-42168
-43530
-42291
-39979
-36355
-31026
-24465
-16993
-9151
-2764
4310
9931
13641
15637
15505
12050
7985
1220
-7080
-15477
-23281
-31118
-38548
-45681
-49698
-51779
-51754
-50366
-45370
-38913
-31772
-23273
-15213
-6291
399
6771
9824
12025
10954
8431
4136
-1978
-10115
-17898
-26061
-33261
-40710
-46232
-49701
-51094
-49667
-46362
-42538
-35090
-28110
-19175
-10185
-3191
3064
9166
13593
15476
14044
10994
5890
265
-6974
-14460
-21450
-29568
-37889
-42479
-46766
-48917
-47407
-44946
-40658
-35268
-29100
-20841
-12001
-4181
2090
7449
11917
13760
13013
9583
4869
-1625
-8430
-16743
-24478
-33643
-39236
-44308
-46996
-49999
-48663
-45429
-41746
-35430
-28321
-20690
-11664
-5747
1136
7039
11048
13252
12206
9298
4610
-2777
-9719
-18387
-26812
-35041
-42711
-47930
-53179
-54326
-53700
-50545
-45178
-39551
-31814
-24126
-14622
-6217
1415
6909
11846
14005
13797
11475
7545
157
-8738
-17093
-23561
-31528
-38369
-43434
-46271
-47465
-47675
-44707
-40497
-34237
-26376
-17209
-9474
-1591
6393
13156
17678
18194
18775
16288
11231
3729
-3761
-12454
-20930
-27941
-34348
-39002
-41655
-43317
-41077
-37726
-32802
-26188
-17939
-9421
-711
9358
15950
22820
27401
30522
29372
26614
21337
14658
6334
-1588
-8534
-15699
-23301
-28051
-30143
-30629
-27737
-24650
-19353
-12901
-5884
1684
11376
20725
27458
32581
36301
37850
37606
34221
30329
22659
15390
7574
-47
-7648
-15051
-20728
-24652
-27110
-27910
-26531
-22725
-16982
-8982
-1758
5747
14219
21366
27564
30902
31987
30495
26552
20847
13821
7083
-1409
-10477
-17853
-22358
-27220
-31771
-32980
-32652
-29513
-24376
-17804
-10897
-2305
6293
14648
21709
27143
31922
35064
33885
31070
27075
20636
12686
5398
-1881
-9462
-17886
-22756
-26362
-28044
-27464
-26282
-21644
-15187
-7072
1799
10383
17243
24386
29882
33759
35675
33546
31528
26076
19848
11941
3574
-3393
-12076
-20065
-25542
-29150
-31668
-31405
-27818
-22980
-16758
-8999
-30
7446
15912
23635
29757
34047
36002
34338
32239
27447
21108
13442
4132
-5048
-13010
-19911
-26605
-30032
-31923
-30492
-26975
-21975
-16230
-9660
-914
6778
14867
21543
27113
31625
32945
33663
32424
26596
19234
12064
4354
-3101
-10277
-14934
-20092
-24773
-26078
-25237
-22958
-18128
-12070
-4885
2272
10137
17721
24150
30533
33089
35854
35610
32410
28158
21133
15880
8029
913
-6675
-13062
-18703
-22079
-22704
-21323
-18154
-13490
-6524
981
9427
16715
23430
29569
37033
40051
42495
42305
39975
35425
29342
22162
14249
6254
-981
-7521
-11811
-16771
-17897
-17465
-12917
-7642
-2057
5176
13769
22225
31202
38933
44916
49149
51858
52552
50329
46205
40597
34650
26630
18538
11138
3638
-2207
-5960
-7454
-8629
-5384
-562
5402
13432
21420
29316
36750
44078
49121
53305
55003
55819
53408
47885
41334
33463
24837
18013
10404
3120
-1817
-5254
-6482
-4847
-1351
3930
9107
15687
24305
32661
40037
46784
51708
55628
57695
57133
54534
50522
44743
36109
27464
18537
11364
3801
-326
-5719
-8860
-8383
-6221
-358
4777
11587
20503
28407
37006
43725
49876
53477
55264
54258
49995
43886
37636
30086
22029
14066
5517
-1597
-7206
-11681
-13802
-13090
-10758
-6375
-1604
7750
16810
25989
33578
39816
45053
47304
49144
48055
44421
39528
32924
23530
15364
7818
-999
-7818
-12873
-17053
-18617
-18573
-15125
-11225
-5806
1083
9374
16782
23706
30013
34517
36509
37436
35812
31790
27235
20154
12241
4057
-3693
-12523
-19933
-25477
-28839
-30225
-28819
-25746
-20880
-14815
-5524
4865
13555
21276
27721
32592
36947
38094
36449
32203
27865
21201
12542
5585
-2028
-9163
-15009
-19989
-23231
-24451
-22885
-19650
-15213
-9465
-1892
6560
14758
22873
29703
36531
39607
41560
41076
38808
34386
29358
22928
14993
7649
1223
-5565
-10628
-13657
-15458
-15508
-12909
-7430
-895
7418
14786
22454
29080
35387
40607
43182
41896
40374
36617
30950
24760
17800
8555
844
-7381
-14180
-18588
-22868
-24532
-23307
-21141
-17138
-11143
-3718
4771
12685
21012
27568
33210
36718
78020
37642
35284
30763
26037
17269
10138
2066
-4289
-11730
-16462
-18857
-21494
-20767
-18372
-13833
-7404
1261
9463
17225
24736
30744
36659
