19128
8112
15958
16049
16783
16043
7704
-4799
2051
2338
-10438
-20794
-26033
-23661
-16322
-7530
-5023
-11361
-8336
-5129
-8341
5202
15680
3107
-10227
-11012
-1759
868
3876
9451
24551
39173
40092
18263
-7229
-29638
-53051
-65442
-59494
-56698
-54542
-42385
-24641
5232
21220
26246
36362
35196
13247
-579
-7077
-24246
-42149
-38091
-19586
-12438
-12461
-12545
361
15904
8317
-9496
-20866
-29651
-40166
-47825
-47100
-53906
-52537
-36296
-14306
12819
30969
32976
-12690
-9949
-9262
-12262
-12556
-5541
8647
8947
2681
4019
15767
22071
14483
7148
794
-1628
-5640
-10378
-6377
1995
7800
3829
-4112
-9163
-13219
-10636
-12850
-22929
-29235
-26890
-20338
-21237
-27820
-30794
-26399
-17692
-10003
-6592
-10211
-11647
-12825
-14642
-18457
-18586
-19235
-30326
-39102
-36691
-29516
-22158
-16479
-14021
-14199
-12105
-9209
-1891
2880
6778
8365
11275
20595
25668
21730
15203
6720
3769
-1766
-9776
-13830
-11277
-6290
-4708
-8251
-7710
-10379
-11638
-9562
-4989
1255
4381
6786
16139
21885
23822
19854
14349
11230
7396
4890
-2585
-9214
-13960
-14398
-14537
-18901
-23229
-23199
-25778
-26449
-26407
-27146
-15749
-12502
-15662
-9157
-14787
-17303
-8362
1377
-710
838
13869
6859
4843
244
-11670
-20359
-27743
-26144
-26160
-22231
-12467
-14987
-15521
3609
17562
16296
25284
29492
17107
17746
26749
16587
12775
20186
22239
16460
20189
23877
14560
11612
10938
3236
4856
2455
-5518
-13662
-14909
-9250
-6729
-724
9131
13431
20367
30403
35221
32295
30628
28908
22460
14961
5179
-8528
-13015
-4309
-2936
-4329
1081
690
-9991
-14614
-8684
-8623
-14395
-13705
-4017
4358
11869
12387
11878
12465
17906
15568
13054
18248
21174
11425
9519
3537
-3550
-5294
-2156
-155
-4088
-4521
-747
6027
12231
16660
17028
13995
17256
20142
14590
7024
6606
1700
4499
13738
7803
3801
9758
15523
18972
17145
11468
5472
12284
16088
6636
5024
10287
23942
32238
34074
29003
25804
32620
50416
55014
34510
21273
26105
29148
28397
13975
-185
-3734
-24
-2974
-3423
1691
6948
9759
13524
18422
25035
32797
32120
35305
34136
33915
39496
43571
37465
37287
29447
16520
13125
12328
11777
13167
8994
-1147
-3315
1822
4274
1414
4516
11901
13625
18950
19968
22869
28987
36552
38539
36495
35776
31295
30173
28752
23672
13201
7944
3516
-2144
-2349
542
4499
3809
11310
25331
37621
47367
43804
41637
41528
37622
36122
38237
37987
37056
38124
34135
32722
29879
26800
22904
16236
9704
-1053
-2405
4263
12233
17854
13582
8900
14651
26563
31730
31993
31605
29394
29582
33536
35940
35109
30513
27437
21266
18981
14871
4178
-6094
-10573
-14142
-18518
-15131
-11023
-6494
3226
15653
21012
24734
24385
21266
22651
23412
24313
23730
28969
32925
34706
35840
31208
23771
16784
7161
4701
7596
10039
8849
11180
17978
22473
26158
31404
30741
26308
25154
28893
28887
25065
22623
20370
19946
17240
12523
12298
7778
-2714
-6357
-5064
-6658
-6385
-5111
-6624
-3653
6631
12238
11965
14383
17133
17318
18272
21664
18754
19292
19440
15414
15303
15787
12828
6410
4783
4032
960
-530
-4191
-5307
-3674
449
6992
12768
16074
16313
15829
17592
21655
22304
22231
20256
18770
19152
16098
9827
1574
-2856
-4906
-2761
-2729
-4075
-5552
-1813
5227
8990
11506
13938
17446
23689
28687
24931
20045
13717
10013
6675
3853
-2178
-9124
-13502
-12537
-11536
-9530
-4252
-1099
-21
4644
6296
7735
10135
15613
20591
23745
24492
-8522
-6821
-6551
-10030
-13996
-15658
-10359
-1426
4036
6309
8537
12945
16856
24027
27412
26234
25114
26610
27557
26516
22055
13643
6150
3445
1668
-422
-2434
-6580
-11695
-10325
-4341
1600
3178
4055
7395
10980
15544
14582
14141
13340
14819
15441
11031
10021
9852
7936
1291
-3165
-6529
-7044
-5288
-5363
-3840
-3375
-1988
-1791
876
4744
8364
10150
12848
13156
13486
13606
13891
13280
10918
5821
-2916
-9115
-13211
-16127
-19110
-22023
-23885
-24946
-22719
-18385
-19255
-19715
-16687
-13369
-8788
-2222
3887
9549
10235
10500
12297
15124
16053
12147
5514
-2234
-8285
-9604
-11332
-13720
-16938
-15911
-12823
-9244
-8239
-9232
-8811
-5003
1376
5420
8112
9322
9022
12922
18601
18102
13866
11299
9970
8518
1793
-5386
-7618
-5712
-4801
-4728
-4587
-5500
-7263
-5222
-5276
-4744
-2946
-3707
853
2223
2038
1433
-414
-405
422
194
-2204
-8380
-13810
-16868
-18035
-15597
-20054
-24709
-26135
-21976
-13553
-8548
-7166
-6703
-762
8434
15928
19488
17748
12404
14506
18718
21219
20524
14118
10797
8629
7105
4789
1665
1588
826
-1667
-4284
-3490
1303
4301
6310
12874
18655
24266
29981
31385
32284
29873
26230
25532
21538
18542
15866
12927
9949
7352
3347
147
928
868
-324
-545
747
3554
4045
4014
6080
11344
16502
18511
17423
18087
19851
19548
15182
8196
2340
-3882
-8940
-13550
-15702
-13765
-10198
-9285
-8512
-4841
409
5242
9630
8862
11157
14455
19944
22631
21350
16421
12453
11120
10314
6251
-1227
-10137
-13245
-13102
-13418
-13454
-13725
-13998
-16253
-15841
-11452
-4091
290
-421
-38
4862
12864
15668
13094
9599
7744
6833
4435
-1421
-6740
-11467
-13440
-15325
-17237
-16505
-17084
-19264
-18135
-12995
-6530
-1533
2234
2125
1480
6332
11953
14918
14149
12083
10505
8911
9489
8139
5622
1712
-1876
-6070
-9791
-12691
-12097
-10422
-8566
-5730
-4942
-2392
779
6950
11956
14151
16403
15448
15282
12712
10390
8858
6416
2819
-1076
-3109
-6315
-11719
-13143
-12639
-8489
-4557
-4401
-4660
-2748
2221
4739
8971
12364
15156
18568
18721
17139
13457
12759
12350
13455
11698
9381
6295
3252
1319
-2041
-6106
-7579
-7179
-5155
-3561
-803
2998
7098
12882
14806
16815
15449
11141
10392
10481
8574
3343
-1134
-3460
-3741
-5288
-10663
-15224
-17364
-20756
-22735
-21938
-19875
-18118
-14429
-10739
-8696
-7150
-4346
574
7741
12640
13082
9939
6201
853
-2533
-5694
-9027
-12444
-17116
-23318
-26698
-26163
-22491
-17845
-14112
-14102
-12177
-7638
-354
4142
4519
5171
8412
13683
16570
14750
8518
1675
-4021
-7995
-13864
-22744
-29340
-34537
-36495
-32277
-26789
-24565
-23111
-23076
-20685
-16100
-11729
-8516
-9398
-7888
-6313
-6546
-4185
-2217
-2936
-5995
-10443
-13684
-15207
-16974
-21985
-28874
-31526
-30865
-29545
-26793
-26200
-26140
-23635
-17775
-7098
448
1538
-649
1860
6662
10067
7740
2742
-2446
-5960
-7373
-10525
-15545
-21975
-28307
-31357
-29424
-26004
-24185
-26626
-29848
-60156
-23725
-15184
-10694
-10383
-10290
-6336
-1920
2056
-17792
-10986
-12998
-20014
-26209
-28754
-30661
-30782
-32703
-32735
-31160
-30572
-30371
-28682
-25727
-23575
-20412
-15636
-9275
-2323
-400
-1093
1018
354
346
-610
-4108
-10381
-16277
-18909
-21318
-22062
-23617
-24685
-23383
-22404
-20819
-19865
-17962
-14493
-11727
-8145
-3283
1031
2772
5128
8217
6804
1597
1284
-1575
-6109
-8916
-8892
-12026
-16179
-16655
-19015
-19171
-16380
-16628
-15805
-11766
-5889
-719
2789
4255
4059
4752
5022
3730
1014
-1262
-7328
-14149
-20420
-22609
-23648
-23552
-24559
-27789
-30454
-28444
-24718
-18906
-13305
-10755
-10033
-7464
-3110
2438
6059
10124
12039
10792
10688
9907
6257
2785
-2597
-7562
-11159
-13213
-16537
-20332
-22092
-18634
-15912
-17198
-18225
-16229
-11756
-6352
-3183
-279
2996
5754
7161
6657
5065
2875
-63
-1814
-3635
-6706
-10357
-14035
-16119
-18043
-19392
-22849
-24667
-21886
-18643
-14816
-9074
-4985
-2757
605
3687
3993
4963
4240
2149
906
705
-1556
-6294
-12172
-16671
-19152
-21935
-23915
-22157
-19444
-18865
-17266
-12803
-7909
-4866
-2461
-450
967
2487
2458
1346
-2544
-5415
-7866
-9726
-10460
-13395
-18749
-23635
-26687
-28701
-29948
-27968
-28003
-26486
-24401
-21187
-18302
-13456
-8431
-4900
-1592
2097
4776
6328
7198
5816
3466
477
-3396
-6906
-10136
-14196
-17003
-18877
-18182
-17215
-16400
-14661
-13733
-13011
-11188
-7728
-3730
-823
3469
8429
11078
12579
13922
12294
9023
5590
1891
-2547
-6675
-10675
-12684
-10253
-6857
-6823
-7685
-4690
-1734
-67
433
3644
5116
5875
7232
8640
11808
12795
10295
7527
4183
-475
-3138
-5175
-8593
-14506
-18243
-19085
-19249
-17863
-15889
-15801
-14727
-11639
-8172
-3451
-151
1166
2353
4663
8261
9396
8686
5908
2930
777
-2797
-11573
-18639
-22718
-22527
-23156
-25171
-25964
-22091
-19009
-17968
-14258
-9162
-6478
-3768
-2994
-2554
625
5150
8258
6419
5877
7214
7267
3131
-2101
-5812
-7659
-8660
-10764
-13010
-14153
-13280
-9878
-6109
-3631
-166
4640
9804
14330
14784
14489
15261
17829
16660
12624
8784
3558
-1106
-5480
-9876
-13499
-16850
-20526
-21551
-21765
-24279
-26117
-26749
-23431
-17146
-13642
-9841
-5884
-4848
-2696
36
1455
2039
40
-4781
-10029
-14588
-17105
-19171
-20594
-22801
-23236
-22159
-21573
-21088
-19328
-15661
-10379
-6313
-4943
-2607
3521
8653
11157
11646
10892
9767
7340
6039
2075
-2738
-5254
-7435
-11058
-14890
-18145
-22819
-23062
-20095
-17844
-19215
-17307
-12159
-7889
-1561
2464
3392
2858
2032
5157
5950
3135
-4182
-10693
-9658
-10519
-11879
-13344
-16061
-15736
-14478
-10706
-7290
-6851
-9076
-9153
-7019
-67
5573
11452
15979
18795
20151
21591
22425
21763
16803
10900
5569
-1021
-5055
-6716
-9734
-12476
-11894
-9823
-8297
-9018
-7853
-4347
-659
2193
5093
6075
8888
12453
12667
13743
12790
9909
6371
2478
-3097
-4874
-5037
-7324
-10962
-15687
-17158
-15802
-13990
-12448
-9480
-7779
-6620
-2959
4204
8694
9323
13262
14999
15039
14209
11684
11052
8538
4104
-1787
-6557
-9308
-11902
-13517
-15428
-15648
-12681
-8475
-1520
3681
6462
8448
10087
12102
14468
15567
14290
12924
10315
19460
7584
1239
-2541
-6687
-11034
-15052
-21685
-27384
-29203
-26432
-21370
-16504
-12625
-9358
-4469
3113
8964
12901
15203
13593
13278
11878
12939
12971
10299
4300
-706
-2317
-3103
-7504
-11442
-14960
-15352
-14589
-15894
-15090
-8675
-5735
-2809
-563
3740
9668
10021
10791
11994
11027
7330
3140
-576
-5543
-11182
-14604
-15610
-16605
-20391
-25138
-26673
-26635
-25056
-22323
-19201
-17311
-11931
-9221
-6475
-2703
881
2438
522
-161
-2772
-6134
-9506
-16020
-19527
-22934
-26386
-30081
-31502
-31506
-30936
-27725
-25053
-22665
-21077
-17314
-14507
-11831
-9876
-9290
-9682
-8221
-5703
-5413
-4877
-6787
-9978
-13440
-18134
-23249
-29290
-32263
-31377
-30908
-30502
-30032
-27197
-24301
-21589
-18279
-14867
-10304
-6834
-3793
-2370
-690
1970
4208
4171
2347
-1549
-6131
-9178
-10853
-13651
-17197
-19455
-18543
-16448
-13927
-11154
-9087
-8224
-4562
233
3749
4717
5565
7009
9204
10917
8667
6491
4447
2071
-1420
-5935
-10427
-16639
-19807
-20299
-19630
-17986
-15007
-13471
-12218
-9780
-4655
236
3957
6861
8904
11751
14889
16481
17750
17284
15882
11451
7068
1734
-2657
-6467
-10265
-13559
-15372
-13124
-9185
-6482
-1395
4145
9052
12020
13630
15156
14876
15805
17834
19682
18684
16462
14592
14430
11730
6259
114
-4570
-7558
-12363
-15905
-15795
-13544
-11842
-10241
-4983
-2133
1316
6418
7561
7580
10425
11878
14925
14613
10876
6160
4200
1833
-2342
-5518
-7050
-8152
-9072
-11828
-14575
-14632
-10677
-5960
-211
3253
5004
8644
12863
18273
22272
24413
24363
25671
25145
21631
18669
14946
11188
8440
5863
4272
2360
1286
663
1905
3957
7473
9785
11913
16119
18022
20207
23024
23901
23857
22902
20799
17466
11274
7045
2085
-1559
-4776
-6138
-7295
-8652
-10940
-11057
-10960
-9910
-7552
-5410
-2994
-185
2875
5735
11449
16384
18185
17498
13654
11460
9100
5165
-1342
-8646
-14134
-16715
-15827
-15703
-14240
-13817
-10962
-8070
-5189
-1343
4134
6505
6251
7074
10598
14741
18010
19459
17643
14807
11874
8505
5319
2717
-1545
-4452
-7343
-9105
-10334
-10028
-10568
-8893
-5741
924
5588
8342
12066
15506
18658
22454
24156
24711
23623
21834
19861
16889
12386
7534
949
-2908
-4189
-4762
-7334
-8872
-7638
-2092
2173
5371
6272
10095
13120
16855
19484
20103
21373
21159
22257
23429
22072
18020
11355
7887
5296
2543
-658
-3885
-6593
-5355
-1848
2427
5574
5655
7031
11605
17510
20324
20896
20130
21094
22094
23487
22459
19279
15689
12850
9201
3307
-585
-4230
-5905
-6952
-6798
-6930
-8157
-7734
-5025
-603
5387
8046
7423
8193
8743
9173
10303
10574
9503
6031
3756
1918
-1266
-5386
-6282
-8646
-11380
-14047
-14146
-12017
-8992
-3535
14
6249
11980
16588
20001
22063
21139
20827
19978
16019
12129
10210
8166
5104
567
-2574
-7166
-10608
-12497
-12259
-10890
-10482
-9230
-6965
-2675
2335
8553
13078
17271
20679
21339
23460
25581
23618
20746
17281
12413
6748
1625
-1446
-2266
-5514
-7901
-5868
-5430
-5675
-3907
-153
2650
6665
11715
16645
20690
22226
24781
25907
27437
28102
24542
19179
12711
7400
2786
180
-3812
-6159
-8826
-12106
-15440
-17176
-15666
-11628
-8643
-7421
-6201
-2945
546
3877
3788
2820
1750
862
-536
-2260
-6236
-11651
-14726
-18757
-22290
-23041
-23487
-24919
-27250
-28053
-25008
-20664
-16289
-12102
-8740
-5329
-1801
-552
770
2198
1533
-222
-763
-3170
-6779
-10709
-13703
-16300
-19798
-21461
-23249
-24838
-27292
-27958
-25674
-21116
-15298
-10821
-7948
-6580
-2559
194
2950
3725
3232
2740
1110
-2831
-7170
-10499
-13533
-17528
-19625
-22258
-25922
-27882
-27712
-25647
-23357
-22678
-21940
-17912
-12871
-6244
-76
768
1738
1442
3395
4962
4869
807
-5734
-8867
-11686
-13678
-14797
-17807
-20194
-20249
-17031
-16627
-14650
-13056
-10273
-6351
-3190
-1528
-844
558
4529
7148
6789
4937
1009
-3710
-7272
-10490
-14600
-17238
-22617
-28079
-29621
-28000
-25206
-22446
-17915
-13864
-9660
-7297
-5744
-2241
3912
6791
8660
6953
5266
5556
5270
3719
477
-2432
-5500
-8189
-11762
-16653
-19114
-21005
-21929
-19876
-15906
-14710
-13239
-7891
-1882
3356
7149
10489
11601
12660
12886
12446
11325
9245
7331
4938
4243
1802
-2607
-3797
-4345
-3289
-4031
-3173
-629
1281
4579
8657
13025
17263
18657
20735
21833
23015
24924
24405
22149
18344
14480
10262
4350
1138
-1304
-3637
-5428
-7393
-6936
-4059
409
3454
6066
9251
12176
15144
16795
18526
18412
19764
17771
15584
13504
10232
6750
843
-1434
-5378
-8052
-11168
-12874
-13349
-12260
-12245
-10583
-7309
-4197
-944
2186
5653
8426
9542
12370
15370
17453
16411
13464
11414
9400
6720
2666
243
-800
-2760
-3503
-2931
-3112
-724
2646
5022
8687
12374
16970
20785
21785
22376
24732
26214
26143
23632
20027
16805
12210
7553
3848
-929
-4429
-8470
-11304
-11570
-11476
-11864
-8559
-6159
-3806
-1242
829
2967
4987
7592
9269
7673
6482
5983
4064
484
-2905
-9331
-16138
-19378
-22385
-26910
-30241
-31290
-29943
-26902
-22247
-17708
-13199
-7715
-2911
-317
2843
6191
8392
9842
9109
5935
3287
1198
1875
753
-2104
-5727
-10270
-12434
-17424
-18225
-17615
-16628
-15559
-14293
-12639
-7332
-2897
-283
3325
4362
6781
7425
8406
5835
1860
-350
-2162
-6310
-10885
-13573
-16299
-17945
-18471
-18838
-18317
-16223
-12548
-8631
-4731
-2179
-13
4540
9538
12641
13259
14215
13661
13294
11014
7132
1731
-2695
-6234
-9431
-12452
-15611
-20033
-22500
-22686
-20682
-17675
-15938
-13685
-11743
-6253
-143
3230
5025
8668
10546
9957
8971
7724
4879
1756
-904
-3134
-4148
-6253
-8966
-9375
-9757
-7396
-3844
-1434
-223
993
3056
7365
10834
14063
15458
16432
17258
16216
13354
10308
6983
4111
1417
-3658
-8199
-12063
-13051
-13372
-13326
-12408
-12162
-10591
-6764
-1526
4644
8422
10294
14053
16338
17899
17891
17473
15474
12570
9297
6835
2916
-3636
-9298
-12938
-16272
-16616
-18255
-19017
-19205
-17432
-15143
-12076
-9514
-6901
-3513
489
3847
4930
4825
6972
7972
4625
-334
-4273
-9127
-14159
-19428
-22444
-23459
-23733
-24235
-24818
-25050
-22583
-18742
-13268
-7523
-2841
1232
5319
9573
12895
15413
15589
14415
12967
12503
10042
5014
1422
-2212
-4985
-7773
-10816
-10791
-10332
-9791
-7493
-4856
-583
6003
13281
17298
18667
19123
19213
18153
17440
15265
11272
6020
205
-3959
-8341
-10861
-14314
-14823
-17056
-19472
-20857
-19966
-16838
-13241
-9634
-6348
-1670
602
1711
3388
4714
6461
6069
4944
3383
532
-2055
-5101
-6673
-10465
-13317
-15076
-16652
-18726
-19027
-17618
-13720
-11054
-6863
-1990
1737
5072
5593
7089
7461
7984
8037
6517
3350
-4
-4565
-7466
-8530
-12339
-15075
-17701
-21343
-24662
-25899
-23859
-22873
-20769
-16415
-13141
-9137
-5786
-3363
-636
1449
372
-2704
-4977
-7825
-10138
-13554
-16829
-18935
-22612
-24235
-25678
-27974
-28328
-27389
-24257
-19921
-15726
-10143
-5637
-344
4234
6746
7153
10779
12563
14964
12205
9704
8410
5444
1579
-2295
-4854
-7799
-10450
-14218
-15031
-14137
-11285
-8771
-7905
-5619
-3181
90
3788
6792
9057
12187
13544
14270
14155
12172
10525
5481
-574
-6725
-10477
-12970
-15401
-17097
-18732
-17893
-16053
-13049
-10711
-9003
-6452
-4844
-3115
-1270
-251
2554
4476
4568
2665
185
-1289
-5260
-9523
-13701
-17844
-23129
-26213
-27641
-27053
-25162
-22444
-19076
-14759
-11099
-5630
-385
2777
6336
9106
10570
12234
13508
13771
11072
7713
3682
-634
-4453
-9709
-14292
-17628
-19839
-20932
-21115
-20987
-19316
-15926
-12140
-7285
-2570
-503
974
2710
4221
5221
5201
3228
878
-2196
-5295
-6489
-10650
-14830
-16313
-17646
-18924
-19964
-18859
-17666
-14742
-10700
-6601
-2592
1916
6783
9499
11384
12923
15336
16172
13750
11037
7961
3330
-939
-5831
-10166
-13277
-14907
-16381
-15977
-16287
-14718
-14824
-13493
-11248
-9182
-6701
-3782
-1521
1652
3176
3453
2004
210
-2131
-5288
-10227
-16430
-19481
-22637
-25157
-25658
-23999
-25035
-24630
-22295
-17836
-12762
-9240
-6004
-2144
203
3472
5991
7401
9769
10588
9282
6390
3048
-1426
-5651
-10390
-14334
-18289
-20440
-21652
-22920
-21030
-18278
-15770
-15379
-12506
-7516
-1036
4068
7408
9635
10435
11810
13123
12890
10704
6015
1498
-3146
-6913
-9001
-10205
-10512
-12010
-13429
-11288
-7518
-5021
-3524
-1452
2112
4532
9482
13082
14613
14009
15217
14967
14169
10450
6513
2299
-2504
-5386
-8374
-10509
-11825
-12939
-13025
-12303
-11074
-8415
-4025
2270
7262
10296
12945
15845
17861
20525
22186
21660
18352
15353
11875
8821
4543
786
-3034
-6070
-8903
-11795
-13154
-13023
-10774
-9088
-5724
-2783
-1165
1292
5711
8786
9864
11137
10326
8132
5745
3699
1752
-3133
-7889
-14846
-17790
-20145
-23169
-25128
-26206
-26674
-25330
-22251
-18792
-14390
-10182
-6028
-3319
-1152
1796
6070
5761
5355
5094
3731
617
-3316
-7280
-9129
-11268
-13662
-16932
-17667
-17011
-15723
-12225
-7873
-4153
-363
2403
7088
12191
14731
16011
16432
15957
16004
14241
10933
6775
4018
290
-3894
-8833
-11425
-13766
-14690
-17095
-16933
-14754
-11825
-6722
-1824
635
2903
6170
9870
13343
13782
14020
12396
11758
10006
8829
6999
2883
-1879
-6490
-8506
-10446
-10619
-12756
-12314
-10844
-8867
-6641
-1923
1011
4389
6796
9680
10623
10979
11374
10121
7987
9674
3082
-91
-4375
-9145
-13913
-16491
-19093
-22103
-23726
-22881
-22762
-20537
-14630
-10543
-6681
-3771
628
3636
4872
6221
6157
4939
3388
965
469
-1165
-4451
-7787
-9975
-11817
-13775
-15646
-15431
-15419
-15445
-11735
-7916
-4864
-1347
3919
8993
11948
14050
14593
15911
15358
14541
14626
12370
9878
6048
4191
2197
138
-192
242
937
1338
3992
7715
11996
15464
18828
22692
24874
26080
26955
28492
28727
28805
27475
24149
20629
16231
11865
7090
1965
-2011
-3775
-5166
-6594
-6253
-5000
-1362
1443
6443
9725
13583
17094
19337
22390
24428
25980
27914
26888
26033
23631
21253
17722
13432
9763
8038
5315
3417
3256
4652
7127
9794
12886
16893
19569
22047
26552
28857
29240
28635
29728
30138
27899
25438
43872
18289
13606
9775
7347
4867
2583
-1205
-2088
-1623
-135
2940
5073
7412
11005
13813
16439
18569
18548
18687
19242
17900
15720
12560
8406
5203
2294
-1505
-3515
-5630
-7003
-6427
-5695
-4734
-1836
1430
5409
9023
13095
17090
21995
24636
26181
27612
29164
28171
25600
21219
15882
10970
8092
3795
-493
-4706
-5704
-4699
-4797
-3891
-2205
-39
3734
6837
11103
13431
15832
17814
19293
22409
23719
24065
23555
22284
19247
15892
12558
10300
7776
5626
4779
4037
2925
3749
7159
10473
14919
18337
22550
25922
29116
31319
34058
35080
34818
34137
32167
29288
24954
20767
15984
10670
6047
3847
924
-2588
-5589
-4997
-3610
-1015
2405
7255
10908
15873
19383
23587
26975
28766
29449
28336
26424
22128
17583
14546
9382
6209
2508
120
-2139
-3073
-3871
-4936
-2899
-937
1913
3798
8131
12829
17738
21997
25498
29002
32248
31129
27867
23367
20627
18777
15076
11033
8074
7570
6656
5997
6137
6958
8918
13466
15571
17842
20360
23740
28000
30552
33944
35847
35778
34781
34158
31762
29875
24804
19432
14690
11880
9528
6790
5686
5840
5798
8067
11529
13558
16114
17867
20670
23289
26222
29467
32440
32752
32943
32166
30501
28532
24890
22058
17383
12417
9756
7374
7027
7193
8069
9592
11742
14334
18466
22126
24764
26620
28354
29508
28951
29282
28002
26547
23043
19755
16146
11600
5788
960
-509
-3080
-6533
-6042
-5449
-2856
1335
5883
10151
13257
16783
20730
23369
25224
25905
24611
25039
22892
19442
17171
14064
9559
6393
3390
-453
-1496
-4019
-4698
-3590
-737
2321
5295
8261
11240
15601
19008
22366
24455
25724
25646
26275
25279
23320
21959
19258
14963
13124
9982
6217
2934
1896
3256
3714
5306
9097
12489
16322
20725
25481
29439
32177
33168
34723
35162
34696
31832
29271
25616
22064
17083
13307
8271
2681
1598
1263
1154
2639
4468
6412
9631
13154
16664
20397
23105
24149
24617
26707
28398
28050
25978
22482
18344
15998
12793
10347
5407
1643
-1246
-3644
-4322
-2705
-1756
-199
1215
3446
8024
12425
16216
18533
20523
21638
22675
23066
22372
20766
17624
14513
11132
7936
4580
2417
1076
-254
-696
645
2555
4488
8523
13133
16967
20263
23627
25877
27990
28455
28750
27336
43256
34366
12163
8106
4355
875
-627
-3155
-4134
-3878
-3114
-2291
-947
991
4132
8218
11172
13991
17565
20669
20798
21862
22945
22955
20025
17045
12726
9328
5429
2836
-530
-2540
-3634
-2904
-1747
-494
1251
4744
8403
12008
15864
18296
19299
20622
21904
21628
19854
17158
14767
11703
8569
5436
974
-3973
-8182
-9721
-10859
-10029
-10418
-8782
-6705
-3489
634
6012
10502
13091
15658
18403
19780
18687
15492
12218
8217
3852
18
-3114
-7413
-10811
-13364
-15657
-15723
-14638
-12862
-11073
-10070
-6767
-3717
731
5850
9131
11398
13095
13438
12566
10692
8760
6852
4693
803
-4021
-8053
-11119
-13182
-14337
-15019
-14251
-13659
-12494
-9092
-4863
-2105
981
2078
4186
6657
8711
9752
9234
9287
7333
5138
2459
-1224
-5252
-10274
-14689
-17965
-20510
-20725
-19630
-18056
-16545
-14112
-11941
-9166
-6564
-4061
-1239
910
2189
4359
6376
5852
5412
4093
787
-2073
-5910
-10465
-12914
-15913
-19483
-20604
-20986
-20598
-21006
-19038
-16076
-13535
-11209
-8445
-4788
-2386
399
483
-135
-950
-1796
-3863
-7190
-12056
-15963
-18530
-19488
-21931
-23677
-24217
-24409
-23034
-20571
-17694
-15443
-12933
-10106
-7921
-5023
-1728
473
1953
918
1059
81
-2514
-7809
-12335
-16619
-20226
-23430
-25854
-27186
-27358
-26426
-24350
-21446
-17611
-15352
-12701
-8503
-5167
-2470
538
2855
4346
3918
3822
3453
1175
-3398
-7567
-10796
-15427
-18971
-21106
-23177
-23745
-22673
-20152
-17742
-15429
-11318
-8147
-4657
-892
3261
5050
7855
9367
9342
8525
7427
5178
2024
-748
-5279
-7484
-9178
-9779
-10205
-11209
-10092
-8277
-7457
-5853
-1894
2645
5963
9267
12532
15776
17935
20779
21053
19333
16366
13763
11916
7952
3717
-135
-1669
-3100
-4871
-4413
-5278
-3469
-2549
-616
2010
4750
6815
10216
13848
14462
16511
17523
17449
14829
13178
9934
6520
1459
-2667
-7554
-11087
-14854
-19202
-20549
-22260
-21034
-19203
-17749
-16689
-14166
-10051
-7902
-4620
-2896
-1684
47
596
-526
-1374
-4683
-7817
-12623
-15254
-17629
-20968
-21467
-22493
-22395
-22966
-20178
-17034
-15419
-12313
-8847
-4804
946
4619
8156
12424
14956
15013
15788
14132
11438
8790
6534
3756
-27
-3202
-4844
-6314
-7195
-7220
-5240
-3733
-2015
579
4997
9264
11406
13547
15100
17383
18234
16648
15215
12031
7939
4885
2056
-1088
-4640
-7713
-9720
-11274
-11940
-11175
-8360
-6179
-4378
-291
3953
7562
12497
16963
20004
21427
21859
21363
20854
18947
15973
12470
7651
2143
-2506
-4141
-5700
-7837
-8678
-9072
-8127
-7464
-4626
-1065
2303
4307
9079
12285
14821
16447
17490
18301
16638
14126
11029
7753
4420
870
-3639
-7666
-9580
-11621
-12026
-12255
-11196
-9057
-5705
-1996
3008
7098
11864
13970
16940
18679
19249
17757
16817
14781
12114
8091
4514
2380
-79
-2410
-5194
-6901
-9019
-10242
-10962
-8768
-5728
-3001
1103
5401
8738
12429
15597
19325
19590
19698
19380
17695
15973
12811
10364
5594
1601
-2679
-5536
-6653
-9819
-10039
-10147
-9281
-7570
-4009
774
3421
6554
9175
10654
11242
10300
10792
8278
5352
3702
-804
-3592
-7790
-11870
-14000
-15887
-18119
-19563
-18639
-16957
-14612
-12538
-9371
-4930
-1443
3020
7348
8677
9531
9160
10274
10833
10727
7721
3520
-611
-4610
-7715
-11588
-15446
-17969
-19850
-19115
-18540
-15286
-12054
-9251
-7040
-3570
-590
-496
1116
939
1207
1057
545
-970
-2991
-5785
-9154
-12874
-16190
-19672
-23367
-25034
-24847
-25395
-23931
-22000
-17686
-13342
-9727
-4119
-903
2504
5620
7604
8953
9867
8772
7150
4047
661
-3326
-7714
-12150
-17442
-21996
-24216
-25910
-26565
-26535
-24422
-21298
-18204
-14472
-10078
-7124
-4939
-3001
-1152
-1777
-1591
-2664
-3395
-5580
-8894
-13472
-17819
-22294
-26664
-28068
-29374
-30531
-30901
-29413
-26405
-22744
-21097
-16759
-12830
-9545
-6571
-2156
1318
1474
2876
3539
4449
2510
-419
-2360
-6513
-7867
-9578
-12671
-13132
-13600
-14847
-12361
-9393
-5372
-1687
2143
5608
9997
13560
16382
16277
16845
15900
15540
13576
10428
6188
1817
-2388
-5385
-8926
-11551
-12681
-12662
-10462
-8291
-5927
-3225
772
4231
8380
11510
14964
16560
16468
16779
17302
16775
15033
11439
8338
3914
557
-3465
-6799
-10223
-12575
-13660
-13781
-11909
-10500
-7749
-5163
-1627
765
3309
5246
6316
6075
6843
7266
6112
4012
1846
-1072
-3742
-8281
-12453
-15034
-18070
-19270
-18420
-18336
-16855
-13966
-9977
-5926
-3398
147
