-12476
-6918
-7792
3176
37998
43899
79675
61842
11697
-26952
-47324
-55641
-52584
-37310
-17015
1599
6123
16667
12575
8183
-11778
-32123
-56531
-96672
-95474
-71199
-42407
-33878
-35476
-4092
45829
71346
52775
2797
-30655
-24995
-2612
16985
14612
8064
-7795
-22645
-19264
-22339
-40885
-63247
-73854
-58982
-13083
38734
30535
-20125
-56260
-47415
-7458
11271
-12871
-49930
-49686
-8115
36814
52874
33225
20197
28167
19850
-2773
-30075
-47612
-45619
-36933
-36174
-35271
-21238
-2613
-32234
-32496
-1876
13589
20011
4813
-13973
-25996
-31300
-24030
-12814
-12837
-24510
-31206
-22100
2165
24260
27039
12038
3931
12909
20244
19028
17386
10922
-684
-12021
-22866
-25657
-16198
-10312
-9096
-627
3078
-7715
-21525
-23745
-21732
-22375
-22300
-20522
-15977
-3223
11986
21343
24152
20831
17767
17692
7346
-9741
-25204
-36604
-36604
-30529
-29055
-24721
-17618
-7402
3659
6110
407
-8794
-15691
-14479
-5822
-514
-4675
-7611
-7963
-633
7655
15461
15387
6238
3637
-14574
-17713
-14484
-29508
-28492
-23666
-18384
-22092
-7191
-3817
-7465
6955
9692
10306
9406
11649
7265
3742
8395
7228
5688
11536
15260
-1984
-6440
2256
-4310
-9261
-3483
-11423
-25179
-28469
-20609
-22437
-1357
18859
21036
24302
21367
15452
4900
15373
16460
8014
8554
6319
-3048
-9053
-6289
-11972
-21150
-17142
-9114
-14007
-11046
-1463
489
-4639
1434
-3513
-11109
8910
28884
18480
13012
20433
17146
12360
17137
18523
3694
-14799
-10307
-4468
4493
3488
-10978
-25738
-20328
-12705
-21844
-24061
-10736
-7127
2699
34700
45295
34068
24643
18996
5870
6849
8349
-1232
6443
22050
8030
-19292
-10872
6030
1381
-8793
-14101
-20588
-23807
-14578
-9284
-17637
-2134
21254
26454
28655
30701
13004
10277
31848
35246
14053
-1913
2321
12096
20818
12491
-9579
-25962
-22813
7642
19850
13569
-1461
-22716
-15346
24444
39725
23775
2967
8605
17298
15460
23373
35947
27094
11696
1711
-11764
-5043
9062
7179
-3875
-2447
9636
19299
25669
18656
-5135
-5699
12655
18714
24855
32838
37788
43504
49701
30897
6734
3856
11305
-2826
-12222
-5828
304
11655
15388
3835
3582
11148
9426
6653
6970
14667
22527
21897
22206
20611
17481
16218
21968
26115
21768
28540
22892
10683
1971
-3350
5308
9115
1229
-18895
-19814
-4484
9340
21330
32923
41159
38595
34886
31672
33472
37269
31290
26496
21218
27431
35840
42079
42569
29180
7471
5022
13448
8636
1380
-4607
-6230
7101
20632
28943
29940
27479
24358
23063
21732
20414
20479
25011
30919
40662
46190
47815
41486
31517
19571
4738
-9742
-20376
-15962
-823
16845
35050
40566
38907
41737
35237
24166
21133
17796
16947
22441
35686
46104
49652
47496
35861
22755
12868
3299
-3907
-15804
-16754
-8929
-2162
8326
13394
10697
10753
18098
28852
27320
14432
6142
8238
14947
25058
29675
21685
11568
10415
14677
12845
1672
-6086
-10094
-15375
-12239
-5492
-3764
1292
10156
14658
19733
27037
26161
22988
22740
21940
22408
21626
21811
19967
21382
21980
17604
15712
7149
-4226
-8389
-7092
906
3960
-339
-396
7545
16060
14012
10419
8071
3233
4735
11459
16164
22715
28234
29485
23900
20174
13476
4204
1849
3285
-2198
-4752
5267
10602
10199
13385
14045
12528
11663
16300
23225
25894
31483
35080
32519
32058
36545
33218
24778
17325
5053
-6213
-9959
-8847
-8871
-9034
169
4154
7016
8718
11355
17608
23484
24661
23841
21964
19220
18093
18642
15449
8794
1739
-3531
-2650
-2716
-5051
-10605
-16027
-11812
32247
64068
29263
24840
21111
19898
15150
12073
10740
5887
3215
-521
-7508
-12472
-14992
-10597
-4567
268
5088
3951
5034
10408
11816
12762
12087
14412
18823
22702
24569
22070
15484
7640
459
-5907
-7470
-9585
-11412
-12577
-10359
-3500
2916
11100
14565
16424
19997
22882
23156
22340
26670
29236
29766
29769
27051
22408
12466
455
-8255
-15918
-16912
-20292
-24378
-18809
-13313
-8987
-6395
-4622
-5441
-3336
645
5967
11960
16211
21844
23718
24830
21523
12047
6592
5322
2098
-1965
-10207
-13460
-17095
-24248
-25553
-25831
-23783
-20630
-18347
-14211
-9677
-2915
1199
5020
4946
4656
5606
5857
4672
2282
-2197
-6070
-5265
-5516
-11969
-17962
-22392
-22048
-19193
-16554
-11854
-9234
-6301
-5765
-4260
-3136
-473
6757
14001
17306
15370
10212
6959
8886
6753
-3171
-14644
-24199
-26953
-24908
-21991
-19137
-18042
-17033
-13679
-7966
331
3703
3842
5433
10041
18174
23978
24163
23335
20187
17268
16142
10315
-1324
-12532
-14294
-10129
-4502
-5615
-12882
-18288
-15412
-8887
-5074
-3838
-3836
-1258
4992
12684
20346
24742
26660
25037
20921
17891
12924
6975
1141
-2808
-10230
-13957
-11930
-11347
-9863
-8302
-8542
-6760
-3471
-2646
-1399
2841
8751
13753
18123
23140
26630
28435
26773
21056
15372
11813
11362
7446
-3408
-12488
-15076
-16728
-17286
-16978
-15642
-14407
-12847
-11845
-9650
-3359
5102
11122
12951
16287
20103
20582
19291
16368
10094
3550
-4956
-12519
-18622
-19900
-18763
-16749
-17913
-20675
-19237
-14902
-12517
-10303
-9113
-7686
-4256
2077
9064
13699
18567
22380
19908
14513
12530
7844
761
-6220
-10273
-10214
-9453
-6380
-5146
-6107
-7955
-7948
-5125
-1570
1534
6111
11080
17611
24130
25571
23622
21004
19908
18817
16194
14753
10841
4885
819
-2124
-6632
-13062
-14410
-17775
-18541
-16974
-13467
-8351
-5567
898
8828
12856
13315
12590
11959
10178
10388
8391
7192
4702
3612
-2147
-3378
-4564
-6328
-8264
-10412
-12374
-10574
-5111
239
5839
9221
13197
14793
15449
16365
17768
17147
18110
19135
19538
16579
13542
11974
5905
638
-7078
-11032
-13281
-14395
-14924
-14729
-10906
-4624
170
3542
6564
7908
11477
15489
17387
17335
20985
26036
25155
19478
15295
11132
10892
10815
5730
2155
-2323
-1733
1986
3781
5062
3220
4939
8702
13250
16826
18427
21156
23891
23804
21828
17395
14143
10941
7104
2635
-1371
-7068
-14689
-16665
-15689
-14155
-15911
-16214
-17271
-16694
-14145
-10148
-6037
-1037
5668
9726
10384
9693
10023
8745
6853
3386
-2305
-9845
-10752
-10876
-14748
-19565
-22419
-23166
-21989
-22607
-23258
-21981
-18554
-14210
-10265
-5680
-4294
-2089
1049
4596
3859
1019
-1373
-4051
-6178
-9802
-11583
-16513
-21574
-25577
-29274
-28345
-25403
-24842
-27148
-27925
-26169
-22827
-16901
-9253
-5538
-4391
-2754
-173
327
1877
-1332
-7184
-11324
-10739
-10158
-12734
-18233
-22748
-24359
-25958
-25485
-24016
-24165
-24713
-22881
-16357
-8315
-1600
1285
2415
1880
1822
2199
121
-4570
-10924
-16444
-18597
-41198
-24022
-27632
-29620
-29514
-30867
-31348
-30075
-26754
-24662
-13550
-4623
-2152
1023
2797
3039
5510
3273
-2189
-1934
-4933
-12188
-15501
-19314
-25802
-30129
-29466
-28955
-27509
-22988
-20873
-22737
-22468
-18733
-14450
-7746
-223
481
-31
2172
3061
2084
-1950
-5839
-9891
-14407
-20852
-25290
-24097
-23601
-25386
-27568
-28383
-27492
-25151
-18759
-15086
-13863
-8974
-1170
6262
12669
18069
18069
12343
11592
12966
9508
6708
4687
-2026
-9213
-11322
-12602
-13399
-14262
-15863
-15309
-12770
-6563
-2599
-1367
2019
6144
9176
12111
14701
14716
13685
11188
7515
2714
-842
-6896
-13339
-17569
-19586
-22316
-26001
-28522
-32912
-34248
-30696
-25859
-23432
-20284
-14979
-8446
-3073
1514
2461
1041
1955
3296
2601
475
-1495
-6955
-13967
-17312
-20293
-25603
-29439
-30358
-28964
-26902
-22484
-18953
-15054
-10827
-8942
-6804
-3462
1698
4890
5553
7484
7252
1068
-4086
-7586
-11528
-18074
-22245
-25148
-28538
-30726
-33120
-34140
-31722
-28775
-27324
-24930
-19752
-14648
-11073
-6077
-370
1034
3534
5139
3660
451
-2585
-7077
-12476
-16634
-18639
-23347
-26320
-24329
-25575
-28199
-29593
-30250
-27075
-23515
-18405
-13219
-8455
-2043
3257
5023
6359
5598
3311
2111
1384
-1451
-5019
-4936
-5297
-9455
-14191
-17804
-19965
-20481
-18945
-16978
-14191
-11664
-6936
222
4081
7555
10967
12842
14855
16873
17136
15765
14215
10854
4035
493
-796
-3089
-7400
-11393
-13950
-15470
-14800
-12058
-9567
-5895
-2831
256
5128
11611
17116
17969
15432
11508
8815
5979
2562
1392
-2551
-10481
-17605
-18969
-17993
-20502
-22898
-22382
-16250
-10003
-6718
-4804
-659
4488
7700
10320
11241
14580
19782
20856
19519
17656
14504
10098
6147
823
-7579
-14688
-19302
-23134
-23030
-21235
-18647
-18845
-16939
-11530
-6795
-836
5150
7882
9447
11808
15985
18341
16823
14751
11513
9255
6567
2329
-4008
-10482
-12813
-14446
-16337
-14761
-11685
-10513
-4331
3124
7643
10463
13680
17359
19465
20447
19864
17564
16004
13226
8946
4328
-829
-4858
-7969
-10390
-13867
-17975
-21778
-23207
-22079
-19401
-18095
-17083
-12858
-7003
-1109
5191
9172
12885
15455
16316
14843
9623
2850
-3049
-7658
-11697
-17282
-22732
-24283
-23439
-25405
-26864
-24676
-19715
-18125
-17195
-15743
-11926
-8083
-4436
-1139
2787
2636
773
-2066
-5659
-9126
-14567
-18753
-23953
-29698
-35015
-39382
-39455
-37625
-35992
-34125
-30717
-25336
-20741
-18067
-13323
-6448
-347
3233
4647
8042
11065
10961
6948
3818
1988
1942
-1422
-8420
-13310
-17460
-20727
-20127
-17504
-15584
-15070
-14919
-14329
-9712
-3506
2552
7304
7991
6426
8692
11008
10475
9312
7691
812
-7375
-15284
-20306
-22019
-22969
-25594
-26996
-25900
-23759
-20016
-14832
-11150
-7476
-1775
1861
4222
5661
6809
10457
12677
11989
8269
4884
2474
-2421
-9092
-12133
-13209
-16126
-19731
-21373
-22139
-21432
-17124
-12945
-10243
-5029
3017
7402
11240
14087
17319
18924
18597
17362
13405
8434
5303
481
-3138
-8654
-12085
-14419
-18574
-20492
-21750
-21951
-19803
-16166
-14772
-9769
-1848
3796
5021
6921
12232
14810
15661
15103
11617
6132
3742
1696
-2550
-7685
-11262
-13782
-16279
-17621
-16992
-16353
-15129
-8085
-6528
2085
6763
9061
12122
14823
14795
15928
13972
9003
7633
5853
3325
-4664
-11844
-14356
-16023
-16055
-17718
-21425
-21531
-18866
-13422
-6744
-709
3003
4766
8861
11553
13953
17845
18421
13982
8972
5434
4002
619
-6448
-12363
-16544
-16488
-14639
-15917
-16577
-15143
-15035
-13700
-12516
-7734
-1873
3569
7848
10475
14082
19412
20126
14379
9499
3831
-2619
-6558
-10176
-14314
-18177
-19054
-21232
-23010
-23228
-22722
-20480
-20877
-21089
-17966
-10835
-704
3520
2593
4913
7503
7721
5371
1222
-5307
-12377
-17658
-23738
-30201
-34821
-37109
-38515
-38250
-35553
-33582
-32532
-28999
-26973
-24718
-21234
-18590
-16803
-13530
-9305
-8461
-8552
-8155
-7626
-12586
-20107
-24296
-27825
-30293
-33935
-38816
-39787
-37447
-33456
-30766
-27127
-23331
-17309
-9192
-2082
2241
8639
15899
18704
18008
16959
15457
14200
11496
8285
5558
2100
-2570
-7948
-10110
-11397
-10441
-10331
-11567
-12194
-10455
-5354
1072
4678
7662
12972
18830
21310
20431
19848
19311
17964
16303
11650
5084
99
-1782
-3417
-5638
-7229
-8286
-10249
-8614
-5250
-2164
1756
5973
8620
12458
17776
22206
23722
24700
24975
21551
19132
16588
9116
550
-4592
-7825
-10539
-11277
-12961
-14644
-14265
-12696
-11800
-7292
-3588
-58
2691
4736
8999
12176
14945
17834
19708
20992
19027
17135
11257
3525
-354
-3921
-8303
-13553
-16959
-16602
-13631
-10316
-8546
-5513
-1023
3347
5766
9216
11628
13049
16273
17085
16170
17224
16887
13538
9220
4545
1043
-3708
-7795
-9783
-12282
-14072
-11521
-7316
-4743
-1975
966
5509
11876
14567
16082
19561
23308
26033
26812
24188
21817
19944
17568
12427
5788
-1784
-6940
-10303
-12808
-14301
-14634
-14781
-13877
-8737
-4276
-1051
1428
6080
11351
15184
15778
15877
15507
14474
11830
7447
2833
-3133
-8491
-11609
-13656
-17769
-20482
-20603
-17692
-14159
-10083
-4319
68
4608
10562
15094
18560
21859
23305
25180
27281
26270
22222
19101
16689
12682
8345
2253
-4073
-7935
-9645
-11641
-13400
-12331
-9113
-4821
-533
3547
8605
11408
13564
16921
17973
19821
18543
13083
9745
8057
6626
3151
-2640
-7238
-9929
-10496
-11703
-13731
-13519
-13701
-11792
-5904
-342
4302
10211
14449
19545
23844
26938
28861
28966
28080
25037
21960
18860
16413
13014
9149
5193
2382
-554
-3799
-4066
-1307
4252
8108
10780
15360
20766
24667
26961
29285
30268
28533
27059
23275
18639
15002
10994
6931
2407
-2798
-6576
-10649
-13215
-13378
-13991
-13166
-11553
-8839
-4066
2211
7085
11015
15635
18923
19504
20362
20116
19894
17705
14072
10363
4709
-1255
-3537
-4239
-7135
-10024
-9788
-7828
-5001
-3256
-1058
3164
7583
10680
11651
12957
15312
17473
19623
19524
17382
15118
12648
9710
5297
-1184
-7562
-10295
-11901
-13392
-14830
-15322
-13256
-11045
-8527
-3551
2833
7301
8752
9102
10605
15018
18251
15824
13294
12170
9554
6310
1574
-2145
-7059
-13119
-16508
-18639
-18911
-17646
-13030
-8077
-3408
1893
8465
14575
20251
23413
24523
26297
27848
27518
24579
21712
20535
17546
12227
7064
3141
1100
-978
-5545
-9769
-10046
-6316
-3916
-1832
1080
4327
8915
12553
14833
18299
19996
17752
14884
12305
8329
4675
3018
-254
-5344
-11510
-16009
-16720
-16582
-18084
-19283
-18711
-15855
-11952
-7061
725
7308
10868
9771
11705
14146
15045
14682
11354
5733
1475
-2406
-7719
-13623
-17934
-20984
-24822
-26177
-27688
-27311
-25659
-24552
-21285
-17031
-13245
-9616
-4728
-1265
1146
4523
7107
8571
6214
1615
-1862
-4394
-10417
-17359
-21514
-24124
-23889
-24714
-24973
-24987
-23037
-19995
-15456
-12086
-12777
-11797
-6925
-534
3354
5124
4967
5638
4814
2606
-636
-6063
-11896
-16533
-21468
-25300
-25736
-26966
-26495
-26350
-24457
-20200
-16072
-13616
-11376
-7162
-1261
4122
7443
10438
12961
13824
12950
11742
8680
4177
-3088
-8063
-11221
-15114
-18308
-20921
-22146
-21097
-19168
-15840
-13118
-12116
-7496
-1675
2870
5472
5880
5510
4031
3117
519
-2223
-5671
-8431
-10177
-13526
-18815
-24067
-25277
-24737
-24400
-24422
-24706
-22795
-19724
-15031
-9369
-4921
-873
2620
7203
9648
9389
9513
8924
6805
2184
-1346
-3341
-5857
-8390
-12934
-16493
-17886
-17024
-16062
-15342
-14564
-11728
-8034
-4858
-676
5415
10570
12374
11130
12329
14186
16240
16796
11475
5086
745
-1124
-2761
-4936
-9073
-12470
-11447
-8766
-6963
-4677
-1600
3742
9150
14798
19888
24200
26211
27205
29318
30324
28483
24897
20960
16258
12254
7442
3494
-296
-3152
-4244
-5765
-6410
-5565
-1713
2979
7472
9963
13891
18159
20496
23548
24385
22580
21794
19604
17538
15123
10519
5657
1181
-3163
-7385
-9834
-10381
-12477
-13569
-11746
-10086
-6652
-3152
610
3915
7974
10985
13891
17217
16857
16432
16409
16240
14463
11146
6801
2374
-3021
-7517
-9499
-10955
-9391
-6813
-4681
-1957
3001
7516
11076
13628
16571
19520
22868
24095
23280
22850
22641
20908
17044
12008
5959
-1800
-8385
-11722
-14056
-17957
-21447
-22071
-19770
-15508
-12094
-8747
-6192
-2593
669
2636
5700
7799
7913
5810
2723
-704
-1684
-3091
-8861
-16661
-21931
-25429
-27225
-28952
-31545
-31565
-30207
-28274
-23777
-19279
-15587
-11180
-6159
-1882
1279
1832
1615
1401
781
91
-1842
-4744
-7959
-11227
-14892
-18868
-20289
-20656
-22217
-23693
-21875
-17629
-13261
-8894
-4390
597
5580
9593
11880
14040
14612
15274
13498
11000
7012
2852
-1331
-3823
-7357
-12155
-14702
-17196
-19474
-20980
-20361
-18530
-14595
-10769
-5440
1510
6341
10512
13940
15251
15672
13171
10197
7080
3328
-920
-4473
-7136
-10701
-14312
-15415
-17345
-19323
-19234
-18269
-17485
-14751
-11410
-8191
-3427
2365
6469
8178
9536
9746
10680
11892
11107
7132
1956
-3210
-6240
-7375
-8261
-10933
-14799
-15074
-12103
-9787
-7603
-5716
-4969
-2623
1110
6093
10072
12820
14947
16252
18249
18039
16820
14172
10706
5078
244
-3502
-6903
-9502
-11760
-12249
-12363
-10675
-7127
-2452
809
5087
9106
12711
16568
17441
17386
17799
17252
14525
10576
6838
1029
-5482
-10125
-14434
-19124
-22985
-25099
-27011
-26689
-24591
-22169
-19807
-17120
-13076
-7943
-3662
-191
2585
4856
8591
8920
6832
3461
-2183
-7289
-10772
-15686
-20134
-24698
-27430
-28370
-28328
-26553
-24293
-20722
-16854
-13176
-7624
-1825
2743
5764
9046
11770
13444
13097
12364
10621
7850
6449
4537
-403
-4643
-8077
-10155
-9172
-10195
-12177
-11045
-7180
-3165
536
5843
10020
12315
14100
16769
19686
19902
18769
16049
12317
8805
3958
-803
-6974
-11376
-16755
-20454
-22399
-21596
-20550
-18124
-16288
-13391
-8378
-4879
-2658
560
2915
3363
3234
2738
3222
2997
-576
-5084
-9386
-13292
-19130
-25395
-26579
-28173
-29089
-30516
-30183
-27175
-24238
-18981
-15916
-14126
-11542
-6844
-1609
2138
2917
2329
3015
3398
2059
-726
-5016
-10210
-14407
-16297
-17523
-18803
-20735
-21727
-21617
-19445
-15374
-12338
-9583
-6793
-2910
1229
6659
11055
13582
14230
13156
10421
8372
5363
-948
-6269
-9139
-11127
-13871
-16892
-18374
-18663
-17434
-16546
-15144
-12382
-8652
-4718
-340
4978
11245
13081
14563
14663
15126
13887
10450
5645
-786
-6282
-9549
-12532
-15438
-16000
-17559
-20605
-20356
-17492
-14659
-12477
-10180
-6830
-2435
1098
5623
9589
12495
14190
14960
14812
11664
7259
3483
-39
-4844
-10404
-15241
-18962
-21365
-21480
-19659
-17296
-14836
-10631
-6529
-1341
3296
7479
11502
14228
14536
13530
10776
7418
3427
-526
-4210
-8669
-12720
-15937
-19968
-23509
-25595
-26365
-27387
-28207
-27760
-23741
-17993
-12484
-6360
-899
3031
5153
5679
7174
7066
4248
-414
-5362
-10587
-13296
-16115
-20045
-22897
-25159
-25755
-24498
-23421
-21551
-18308
-14294
-10479
-6679
-1156
2594
5562
8011
10915
13269
12728
10071
6999
3878
-855
-5445
-11321
-16789
-21502
-24436
-25417
-25030
-24021
-23813
-21707
-18692
-13769
-9267
-6459
-4185
-1530
1476
3898
5770
5818
4610
1618
-1881
-4508
-5996
-8754
-13856
-18302
-20052
-20766
-20783
-20354
-20220
-17008
-13000
-7838
-2185
2023
4613
6574
9247
11195
12259
10771
8834
4356
-598
-4244
-8047
-11975
-17314
-20937
-23597
-24573
-22425
-21616
-19420
-14273
-10612
-4956
-1162
1878
5805
9379
12307
13661
15115
14503
13913
11531
7615
3044
-747
-4582
-7785
-11056
-15000
-16326
-14701
-12240
-10264
-8093
-3625
869
5509
8902
12177
15803
18393
18698
19244
18790
17649
14552
10110
6015
869
-1553
-3805
-6063
-8533
-10273
-11053
-10705
-7883
-4738
1083
5825
9532
13951
18438
22206
25915
27610
28041
26427
24462
20474
14626
9978
5460
2370
-1201
-5804
-7790
-9393
-10272
-9446
-8927
-7173
-3420
1293
6068
9139
11542
14839
19189
22331
23327
20101
14913
10352
6306
1025
-3681
-8148
-11842
-16374
-18906
-19058
-18060
-16803
-16207
-14658
-11724
-7558
-1552
2494
4759
7968
11113
12597
13857
12043
9776
5040
-204
-4586
-7673
-10759
-16255
-22335
-25480
-27066
-25770
-24218
-22361
-20609
-17676
-13274
-7683
-2248
2028
4594
7532
9042
10095
10563
7905
3726
-614
-5436
-9587
-13014
-16156
-17274
-17101
-16808
-16090
-14720
-13533
-11789
-7986
-4113
-185
3824
6996
10702
15408
18555
20903
19794
15902
11471
8018
2872
-2039
-5312
-8387
-11332
-13467
-14835
-14794
-12714
-9919
-7393
-2509
346
4040
8544
12725
15795
18492
20516
21044
19710
16457
12982
8200
2862
-2704
-8544
-12057
-15088
-17985
-20822
-21245
-20900
-19990
-15874
-12019
-17586
-4100
1505
7682
11874
14522
16748
17976
15666
12527
8505
4289
-374
-4772
-9670
-13338
-16175
-17493
-19722
-20683
-20439
-19278
-16355
-14028
-10660
-5360
856
4095
7009
10411
13589
14624
13924
11498
9501
5765
2286
-155
-3144
-6618
-9728
-10304
-12342
-12506
-11843
-9154
-6106
-3634
1176
6460
11683
15464
19179
22328
23677
24110
22802
20958
17678
12863
7337
3304
-493
-4441
-6326
-8171
-9528
-9838
-7410
-4967
-2015
1765
7072
10846
14782
20489
25086
28523
30430
31337
31417
30853
28198
23489
19003
13270
8344
4755
1695
-1800
-3789
-3980
-3242
-2020
205
3666
7304
11759
16200
19563
22293
24740
26674
27411
27145
24874
22041
19244
14886
10271
6765
5586
3310
1147
-203
64
1278
3890
6003
7992
11207
31064
20045
24131
26462
27938
31004
30878
28483
25220
21547
17604
12001
6711
2004
-755
-3011
-4955
-6916
-8500
-7018
-3770
-365
2945
6353
10390
14084
17911
21517
24803
26983
26489
24677
23523
19944
14989
9772
5365
356
-3270
-7851
-9690
-11559
-11535
-8639
-5426
-2026
1450
6832
14274
20484
24871
27760
30959
33349
33578
34063
32085
27679
23218
18898
15106
11706
7189
2537
-527
-1676
-697
1006
1924
4383
8336
13208
18306
21799
24975
27039
28491
27455
26752
24535
21083
15610
12103
8032
4456
1609
-1468
-4122
-5485
-6314
-7654
-5847
-3178
472
4049
7904
12061
17448
23437
27357
29595
30380
30172
28278
25493
21855
19358
15683
11368
6655
4906
1825
-228
-1959
-2658
-2348
-1661
299
3477
8515
13762
18031
21147
24162
29351
31566
32664
31348
28802
25560
21979
18241
14498
10393
4833
740
-373
-381
-190
62
1814
4196
8376
11764
15722
19193
21784
24605
27232
29817
29810
28571
27425
23049
19537
14820
10958
5795
1339
-411
-32
-888
-297
3411
7329
10615
14225
17248
21679
26030
28617
32268
35570
37129
36294
35174
33452
30542
26074
20327
14386
9156
4787
1348
-507
-2083
-855
901
3031
5552
9662
14800
18967
21620
24447
28290
30772
32335
34298
34000
31197
27372
24574
20495
15108
10518
5841
2512
-550
-2353
-2272
-1333
1460
5706
8708
12702
16874
21387
25994
28530
31059
32403
32696
31425
27902
24935
22484
17472
12189
7540
4347
1708
-422
-1500
-1136
893
2219
4483
6897
8841
12566
17788
21718
24261
26960
29475
30378
29365
26427
23332
19772
15101
9699
5912
1655
-1007
-2463
-2949
-2053
364
3059
6550
10010
12013
15791
21135
25563
29362
32387
34339
36043
36894
35009
33530
30053
25717
23094
17861
13176
10993
10006
9051
7814
8535
10022
14013
17399
22128
25785
30850
34868
38053
40746
41662
39998
38405
35662
30172
24990
19440
14961
10398
6546
2262
-546
-3077
-4155
-4194
-3772
-2040
-819
2477
6255
9771
13007
16478
18838
19049
19884
19370
17344
13245
9334
6118
2404
-2050
-4651
-6699
-8812
-9988
-8904
-7183
-4645
-3443
291
4250
9268
14384
18130
21758
23254
23684
23685
23320
20038
15618
10980
5673
2685
-96
-2724
-6529
-9479
-9785
-7703
-5410
-2631
1891
20788
32228
20382
24948
26971
29322
33216
33943
31797
28291
25350
21939
17769
13176
8692
4741
2285
1480
690
177
650
3538
6977
9697
11882
14812
17997
21495
24220
26987
29176
27337
24816
22308
19547
15635
11132
6056
744
-2823
-5395
-7327
-7712
-7160
-6553
-5065
-2063
1485
5769
10807
15102
19806
24367
27806
28523
26728
24892
23141
18854
14501
9533
4911
670
-3060
-6488
-10674
-12425
-12535
-11423
-9797
-7192
-4041
-1439
2935
8385
13767
18741
21738
21173
22387
21441
18477
13878
9659
4213
-2637
-7895
-11397
-13404
-14920
-17768
-19557
-18928
-17178
-13907
-10832
-7661
-4259
-122
5853
9085
10994
10129
9213
6876
2808
-935
-5093
-8877
-13112
-16706
-20148
-23286
-25110
-25413
-26069
-25093
-22938
-19764
-15518
-10563
-5291
-204
3945
5866
6887
8809
9661
7780
3591
-251
-3631
-7572
-10691
-14066
-17774
-21448
-22679
-24057
-24683
-24235
-22351
-20069
-16794
-12812
-7816
-4100
-1275
2078
4887
6818
5830
3056
-250
-3715
-8420
-13911
-17373
-21955
-27450
-30874
-33104
-34934
-35708
-35500
-32356
-28371
-23736
-18436
-12367
-7570
-2884
1842
4539
4880
2622
164
-1948
-6019
-9782
-15155
-19723
-23575
-26307
-28524
-30331
-30758
-30609
-27697
-24538
-20531
-16187
-11063
-4669
328
4106
6460
8999
11459
12125
10466
5770
1801
-2458
-7043
-11187
-16385
-20018
-23459
-26031
-26734
-25315
-23176
-20966
-17902
-14046
-9865
-5083
-345
3710
5644
7865
9245
9317
7293
4644
290
-2990
-7356
-10939
-14609
-16722
-19131
-21382
-22246
-21377
-19947
-16786
-13935
-10756
-7496
-4192
926
6078
9998
12191
13278
13066
11401
9747
5387
1349
-2865
-5698
-8848
-12342
-15715
-17429
-17257
-16541
-16176
-14840
-12785
-9376
-5739
-1040
3334
6679
10485
13951
16681
17217
17352
15667
12805
8121
3185
-719
-5156
-9836
-13107
-14270
-15128
-15956
-14572
-11755
-8984
-6317
-1714
2415
5653
8791
11437
13348
13539
12921
11718
9520
5927
1251
-3728
-8809
-13114
-17726
-20641
-23153
-24054
-23581
-21311
-17426
-13284
-8018
-3122
1743
5932
8730
12378
14782
14371
13678
12677
8129
4265
-315
-4362
-10629
-15602
-19538
-22370
-25842
-27978
-27787
-25517
-23893
-21408
-17246
-12872
-8277
-3650
83
2872
5014
6339
8145
9015
7618
5301
2304
-684
-3879
-6623
-8450
-10161
-12935
-13388
-11580
-10210
-6962
-2222
1986
5575
9910
14605
18964
22237
24356
27141
26352
23794
21004
18346
14817
9180
4123
-125
-4301
-7526
-9477
-10148
-10345
-9878
-7419
-3313
-191
2004
5406
8461
11327
14180
16970
18159
18401
17661
16286
12649
8300
4093
463
-4914
-10776
-14202
-16224
-15979
-16183
-15422
-12229
-7887
-5332
-1032
3747
7665
11386
15243
18190
19771
20475
18871
16985
14010
8922
5012
29
-4900
-9272
-11813
-14915
-15946
-15559
-13455
-10514
-6941
-3849
467
4717
8405
12411
15686
17155
16747
17721
17763
16480
13315
9191
5664
461
-4429
-7370
-9851
-11873
-14393
-13579
-11799
-7905
-4142
-704
3009
6693
10011
14194
16367
16989
16453
15360
14580
12347
9404
5690
1073
-2949
-6819
-10619
-13516
-16390
-17731
-17274
-15126
-11394
-5723
-715
7588
8815
13941
17842
19031
19759
19959
19213
16350
13465
9749
5332
730
-3163
-7294
-11864
-14874
-17969
-18738
-19656
-18402
-15634
-13130
-10871
-7417
-3296
2226
6281
9075
11588
13662
13860
12577
10058
6358
1987
-3085
-7909
-11557
-14303
-15816
-17340
-18007
-18751
-17378
-14379
-11689
-8681
-3239
1184
4281
6600
8830
9986
9566
7323
5133
2388
-2065
-7635
-10638
-14516
-18465
-21585
-24587
-25779
-27105
-28078
-26883
-24618
-21904
-16703
-12409
-7952
-3301
386
3548
5287
5792
6128
4053
579
-3700
-8125
-12514
-17297
-20789
-23919
-27232
-28768
-29038
-28317
-27055
-24489
-20889
-17510
-14026
-8933
-4316
916
4351
5967
7439
8066
6634
3211
-959
-4935
-8041
-11864
-13942
-16155
-19244
-21918
-21863
-20082
-17716
-15919
-13021
-8210
-4784
-1301
2752
6605
9375
11019
12259
10379
7802
3569
-2313
-6807
-11759
-15888
-18892
-21999
-25558
-26376
-26035
-23604
-20417
-17468
-14353
-10493
-6385
-1351
5185
8547
11547
14513
15404
14591
13073
11461
8575
5200
1277
-3554
-8104
-12000
-15700
-17889
-18879
-18452
-16495
-13413
-8453
-4435
-1159
3271
8277
12640
16431
18089
16728
16533
15658
14119
9208
5314
2172
-1442
-5817
-11006
-13239
-30738
-16255
-15662
-14408
-13337
-11385
-8480
-4379
-1185
2651
5991
8513
11534
12268
13187
12822
9720
5511
2108
-2349
-6481
-10151
-13153
