73660
-936576
1572872
4103
4131
3963
-6860
-14933
-840
7203
-15789
-41361
-49793
-57480
-53336
-33253
-12661
3891
8800
30488
47972
44443
43523
33779
28603
28872
19783
24711
32640
46087
48259
17619
523
-16793
-39661
-26720
-17024
-36456
-70273
-95700
-83625
-46016
5704
41455
54448
62276
67835
59200
32648
-20716
-80757
-106661
-102581
-82381
-66852
-46000
-3305
39364
38551
-7077
-32613
-28389
-57020
-98945
-128933
-141073
-107936
-53936
-6413
24935
41588
53491
72923
74691
-19628
-2932
2843
-1676
-5032
-9601
-17200
-17932
-17477
-4976
11791
13968
17343
29571
32231
20340
7711
3247
-1429
-12957
-32649
-53880
-66529
-56084
-40496
-46869
-64996
-71893
-61340
-45417
-33804
-17264
655
20091
29360
28668
30936
25975
13308
2887
-14557
-39617
-63280
-60288
-52609
-71628
-103308
-118488
-92452
-57364
-48637
-49641
-46041
-30204
-19236
-10525
6619
22728
26208
23244
27727
29555
25191
28495
35492
24200
1548
-11256
-11476
-8917
-25101
-41453
-38744
-21873
356
18176
22344
11295
-6389
-10605
-2256
4563
12751
21535
28107
24867
19048
24884
28660
12216
-20452
-47053
-47076
-36877
-36328
-44064
-53300
-62448
-61264
-52593
-46801
-45809
-41341
-33340
-21376
-4556
13316
25964
24284
6032
-12937
-21821
-24405
-21821
-29889
-34112
-45441
-50348
-39877
-38504
-37340
-26712
-15549
-17028
-11061
11388
17640
19819
18384
17563
33016
51727
63311
59444
53148
56187
55203
39731
35171
21091
-2892
-4513
-1285
-18681
-23865
-9821
-5173
1264
14567
17323
19563
36275
52328
54451
53492
49308
42396
40939
47195
45139
27875
4420
-10516
-14492
-9889
-1268
-9156
-23625
-26100
-16044
6032
26760
31023
25975
26975
25672
18999
24420
31988
28812
28979
40072
45823
37848
33700
37340
15739
-11941
-25089
-27669
-21344
-18012
-17612
-18585
-13544
4291
4192
11428
29847
38204
37312
44415
47944
60676
78692
84900
71483
53712
37472
17064
4932
-2013
-12528
-25976
-29729
-16833
-4265
7624
15199
23796
19311
15200
28811
45319
62247
84795
91611
95296
104184
106276
96264
83979
64224
32191
21563
29459
30004
11580
-5713
-4940
-2185
10180
30631
35971
42251
54600
61984
63212
69340
74307
71675
78608
87635
96708
106676
95555
84096
78248
70780
55623
41591
36447
30011
24952
18500
15043
20672
23700
20772
25743
21244
18312
29984
46700
62015
64248
54827
46843
58959
67796
50071
23960
17959
25447
32419
36976
29947
17003
16408
30179
47052
58923
62259
55924
56963
69003
78692
83911
96379
103047
98876
82256
74651
76452
80452
84787
79311
69335
62284
43299
32251
23620
13463
9599
2884
-1729
6016
24359
39444
58396
73032
75471
78403
81955
74431
57299
51615
46779
36463
22611
11444
6896
13308
13639
5956
960
-5348
-15369
-15413
-7640
11220
32723
50935
67212
72612
67344
60240
54283
50795
39075
18992
15708
31171
39095
45164
49367
40095
23727
17839
18431
14907
9604
5367
11675
34068
63184
84871
100772
107788
100867
96479
94999
88432
73364
57400
47863
43568
47484
46799
32364
19780
8860
-3352
-13976
-19141
-17093
-16777
-10376
3187
21752
36071
46152
54196
57919
56960
48915
43332
34251
19927
16407
19011
12391
272
-7069
-10717
-16708
-23597
-31553
-41728
-47293
-35364
-26481
-20896
-2188
15656
29616
41707
49227
52224
54664
51787
48671
47407
45279
38832
29063
18667
10072
1240
-7165
-12741
-13252
-13989
-7476
3147
10387
17319
24355
30860
37771
40819
36667
45424
51759
41892
22319
10776
8643
-1525
-10653
-15009
-19017
-21805
-17373
-3200
11483
20123
26596
34175
40920
47444
52816
53396
51436
49724
-19180
-21552
-19937
-15621
-7421
-6993
-5325
4056
17308
25851
29919
36620
37927
36551
43003
52460
52399
40400
29015
21960
17959
7399
-8220
-18637
-17165
-13517
-15276
-12120
-6896
-3744
935
12959
24051
33483
37048
38691
45223
57028
66879
64668
53119
40991
30367
21756
18200
12412
5812
-6965
-18641
-27553
-26424
-20253
-16913
-21893
-18676
-10845
-2973
7411
16464
21359
23748
26216
27184
24603
18699
7808
-3320
-9749
-11252
-18725
-34588
-38737
-46689
-58257
-59077
-60257
-51812
-38185
-28236
-14844
-9057
-7828
-2076
1528
12931
22548
22524
21203
12259
2243
-3680
-6705
-3197
-8593
-17709
-25272
-29340
-29337
-30637
-35076
-26972
-7525
5080
7344
6284
7443
18575
32879
43436
42452
39292
35888
31788
35963
36984
26203
8768
-4528
-9784
-15360
-32705
-49876
-57612
-48533
-36337
-35229
-31521
-23672
-19633
-8992
-1505
7159
13968
18856
30492
35087
32032
20364
2431
-7177
-6057
-8144
-22353
-44368
-54472
-51656
-44588
-38564
-38552
-36344
-33341
-28520
-11405
2344
3580
1968
14120
36800
52268
50299
34519
16851
9388
11028
12999
8903
147
-9608
-18564
-22961
-20444
-11976
283
9803
15295
22992
35455
46463
48855
50879
53728
55587
63167
72903
70384
62612
52008
42652
30835
18068
10020
2600
-4933
-10012
-7645
-4081
84
8663
17576
18388
23883
31823
34987
38188
45488
56139
65391
65003
54163
43147
38172
33212
26359
14703
-4000
-14601
-19756
-24648
-26577
-23561
-12016
-1313
5335
7692
9608
16716
24404
28627
32684
37251
45387
48139
41403
32163
27460
28300
24655
18656
10220
-1025
-14608
-24277
-28212
-30701
-27044
-23565
-25301
-24176
-16400
-308
6908
8695
7307
8983
18460
21756
15780
5863
-4524
-9817
-12833
-15149
-23732
-37220
-45905
-49188
-46069
-43192
-45464
-43453
-36105
-25688
-10977
2895
13964
19152
24660
32116
42667
45724
43807
39132
26343
17972
12127
6359
-5497
-17208
-25608
-28109
-29516
-31176
-34837
-32353
-22028
-12392
-3276
8147
23444
32556
44344
51448
50083
42972
35091
31179
24288
15383
3260
-8289
-20121
-23933
-23788
-26840
-34324
-39033
-38701
-32181
-20832
-15121
-9729
-1097
9607
21399
31631
40312
43767
53223
48588
39471
26740
14000
8731
3068
360
-5365
-13081
-21884
-24620
-25557
-24633
-21669
-11588
-1320
5296
14668
22236
31267
39867
43147
43032
33387
18775
10631
7040
-3624
-21065
-34765
-39796
-42440
-49976
-62265
-72877
-73189
-67080
-54621
-40916
-33753
-30365
-21225
-6441
2615
4820
5723
14135
23696
26600
15788
2964
-7060
-19124
-30569
-40028
-42137
-39740
-41784
-46412
-51433
-47881
-35921
-25416
-20464
-19744
-14125
-9084
-2037
5388
7040
8119
13292
21572
19671
8451
-5728
-16465
-21132
-28372
-40108
-53845
-68276
-77193
-74184
-61664
-48489
-39204
-38217
-39908
-33076
-24636
-18508
-16284
-14348
-12717
-12904
-7544
-7965
-12045
-20757
-30768
-38913
-44597
-46669
-51368
-58880
-64329
-65452
-57069
-47748
-36156
-27573
-20097
-13232
-4841
8464
13484
14580
16167
20411
21591
9872
-3817
-12829
-18916
-28208
-40412
-49884
-59024
-68760
-75493
-78385
-68980
-56973
-53429
-56033
-54344
-50857
-34189
-16952
-8321
-7793
-7573
-4689
-193145
-34144
-39509
-44849
-51433
-59277
-67208
-67441
-68677
-68012
-66104
-61300
-54097
-48413
-43229
-39724
-31641
-24921
-14589
-2737
5948
8411
-1789
-7293
-9585
-13069
-18792
-29889
-44328
-55696
-60176
-58348
-58608
-57148
-52725
-42001
-30768
-27189
-24945
-17380
-8205
-3332
-2228
-28
-4489
-6481
-4928
-7904
-15552
-24257
-30317
-37772
-45716
-51997
-55432
-58013
-59172
-58553
-54120
-41392
-30749
-25012
-22376
-11553
3907
11424
18496
23388
21032
21059
18547
9567
-1165
-8645
-18456
-30652
-43948
-55893
-62152
-58076
-54937
-54585
-54332
-53716
-45909
-33108
-22549
-20297
-17769
-8616
1199
6011
8144
11163
12504
7643
5724
2288
-1189
-4653
-12108
-23105
-26424
-23801
-27293
-30248
-26597
-18524
-7777
-756
1496
6099
14919
24255
30679
31340
27059
23723
21887
19467
13135
-1364
-13528
-18797
-28036
-40392
-50721
-55397
-57925
-56432
-56029
-55737
-45645
-28733
-20693
-12661
-373
9592
13708
20272
22756
20160
15256
10399
4176
-884
-4333
-9728
-21237
-31676
-39493
-45108
-45641
-44232
-42173
-40080
-35488
-26465
-18048
-10341
-3184
3371
9451
17243
18671
14327
11259
4784
-5193
-11505
-16165
-25108
-31989
-41424
-49357
-55060
-59280
-59844
-58680
-55168
-50128
-43296
-35860
-25521
-13424
-2241
5212
7804
6340
1412
-541
-4765
-12800
-19212
-25716
-34744
-40977
-44553
-46045
-50864
-53933
-55029
-55024
-47281
-34973
-26672
-20808
-14597
-4197
7660
14876
19303
21492
21423
20519
13580
5675
-1465
-9632
-18381
-28861
-35373
-39128
-41185
-41317
-44220
-45028
-39624
-27137
-14392
-3972
5231
12899
21351
28575
30935
32012
35227
33980
25908
19000
8772
-2793
-13585
-20740
-31061
-41552
-44788
-46769
-49377
-48353
-44769
-35769
-27804
-23281
-18176
-9497
888
8759
12783
15375
15919
13363
9344
1908
-6157
-16189
-25584
-31348
-38992
-46896
-47936
-49208
-48128
-46780
-42005
-33092
-25421
-16152
-7689
-2077
1972
1832
7167
12424
13867
12231
8736
2832
-3669
-9049
-11261
-17896
-28085
-34688
-39788
-43544
-44977
-41300
-35725
-28905
-21437
-8745
4064
15492
19496
23267
24872
27812
27227
24415
19023
9767
260
-5820
-12341
-20136
-31880
-45669
-54289
-56772
-56593
-54077
-48933
-39596
-29685
-20708
-13381
-7117
3040
13060
16020
19151
20472
19587
17899
11227
5784
-772
-9725
-16756
-26305
-33761
-37848
-40209
-39396
-36472
-30417
-25129
-16076
-5557
-2100
1731
9148
18987
24216
23740
18504
13496
11071
4667
-3865
-14233
-24228
-28892
-36840
-47128
-54785
-55548
-53068
-53384
-49348
-43648
-37937
-30569
-25177
-12816
483
5248
10055
19323
26968
28135
22512
12207
3368
-2296
-9176
-15216
-22785
-30220
-35572
-35488
-28072
-18296
-14112
-11733
-4645
6415
14955
21779
27471
34295
44303
54207
55575
50676
43015
31599
21907
19083
8320
-9124
-25049
-28753
-24488
-24672
-24476
-21517
-18876
-13353
-6472
-1012
3268
8276
11804
17528
24360
29108
25779
21463
17955
11483
1519
-9976
-21480
-28525
-31517
-33153
-41553
-44568
-38337
-28588
-17661
-8605
-1701
3244
9295
18043
25503
33552
38283
35660
32420
35431
35360
34911
29579
15696
2404
-6888
-12860
-27668
-39465
-45321
-48552
-43140
-30876
-18044
-11112
-4837
7631
18048
21275
26055
30864
29063
27708
16792
104760
13740
7344
-5848
-8865
-8713
-17481
-26085
-30736
-31448
-33077
-29689
-23765
-18528
-10305
-1077
8719
18835
30912
34423
34884
35959
32588
26435
21727
18112
6828
-5437
-11961
-15692
-16408
-18508
-28960
-33257
-27276
-20309
-21296
-19080
-10129
-161
5271
6403
10963
16923
18159
14184
6996
1392
-7021
-22532
-38748
-45913
-51421
-56809
-64889
-71273
-77741
-78705
-71573
-58832
-51045
-45712
-38756
-28573
-20393
-14956
-11717
-8184
-1972
-5940
-13957
-16940
-17805
-23473
-34332
-43945
-51352
-54381
-51809
-51853
-59517
-66789
-66072
-60248
-48569
-31824
-21413
-13333
-981
10319
13472
13552
14171
14248
12715
5271
-5105
-14425
-22576
-32188
-43352
-50221
-56896
-65524
-69581
-62457
-55900
-48964
-44592
-39377
-31173
-23305
-18285
-12712
-5193
-448
-93
-1752
839
1456
-5133
-13440
-26197
-37664
-43049
-43660
-48032
-56365
-60640
-58833
-48505
-36788
-28188
-20765
-11481
-2221
4068
11180
15735
21240
23227
19712
18227
15371
10232
2063
-3857
-16308
-28853
-37893
-45001
-47681
-50921
-54872
-53637
-47876
-39556
-26633
-13216
-2661
4679
8367
14399
24587
30423
26392
21379
19844
17027
8291
-384
-7548
-12733
-14340
-18184
-25484
-33337
-32225
-24476
-16352
-12452
-5369
5112
17052
24472
27915
28872
32312
36823
38791
41604
41228
31964
21719
14024
3755
-5697
-9401
-14397
-21760
-27984
-26160
-19809
-11553
-4681
-1272
4435
13795
22084
26163
27071
30783
34552
36800
33847
24744
15844
9528
-1161
-10417
-17389
-21616
-24581
-29948
-34961
-36952
-32312
-20853
-10072
-3741
2435
11312
21671
34539
44388
48796
48275
45243
43720
41108
38103
33464
29083
17823
7775
3339
2503
423
-4176
-6228
-3136
5783
15259
24128
34383
40163
48128
55756
60408
62479
60984
58100
53452
49428
40752
31176
19692
5820
-3721
-10216
-14800
-19277
-20696
-20484
-20433
-18492
-12068
-3825
-21
3404
9668
16835
18775
19124
22852
23456
20387
18039
12292
5004
-2073
-11285
-23272
-32925
-40748
-44909
-44985
-40496
-32868
-23212
-13217
-1865
8956
19247
23476
25564
30964
40519
47567
47708
42255
36503
30324
22100
14608
5404
-6385
-14004
-18252
-22068
-23992
-25337
-23628
-12269
-648
6624
13267
20344
29476
40056
49151
54164
52003
49528
49883
47367
41676
35711
28032
15140
1336
-9976
-17128
-21936
-25369
-26065
-23560
-17844
-11936
-4049
5952
17523
25339
33284
37739
36699
35120
37256
39748
41223
39124
33672
24128
18371
11623
5939
2672
-2053
-7108
-8804
-7528
-2388
3151
8884
13999
22336
35539
43804
48096
51428
55823
54740
47655
40388
34464
26952
12952
-2197
-10548
-15868
-19920
-21545
-20605
-19993
-20161
-20696
-17485
-9384
-280
10535
18888
25743
27200
29768
32151
35480
36723
30587
16312
5951
1184
-3609
-8968
-15393
-21124
-22685
-24100
-22765
-15773
-4004
3124
6979
10064
20463
35051
47408
55339
58348
57132
56415
53471
50644
45416
34452
25007
13843
4547
-4260
-12384
-19352
-24148
-24097
-22425
-17532
-10265
-1492
3828
7975
16328
22948
29024
35603
41899
43076
41024
37248
32175
23671
16872
8620
-3037
-14060
-18544
-20417
-20721
-15501
-10816
-5312
419
11363
25479
31544
31571
29799
32744
39544
45176
47208
42712
34931
23864
12480
3760
-2809
-8841
-14588
-25244
-36045
-38712
-36236
-34485
-27260
-15165
-7472
-3552
19
7296
15180
20847
21323
15092
10600
7356
3248
-2364
-11429
-22088
-35969
-43529
-46864
-50416
-57352
-64705
-66900
-58877
-46452
-34792
-29144
-25617
-20328
-11984
-2873
7376
12948
10592
7540
4604
835
-2660
-7501
-14524
-24016
-34152
-45349
-52612
-50161
-47700
-48176
-52000
-50013
-42068
-31929
-18108
-5164
-693
-221
-2696
-1160
1300
1163
-2733
-9448
-18473
-26085
-32113
-39821
-47828
-55897
-59580
-60185
-58252
-56604
-53293
-44417
-36628
-25656
-16584
-12504
-8037
-5248
-1880
-152
1440
3504
4128
1448
-6804
-17656
-23536
-31440
-40140
-50409
-58644
-61273
-62925
-61036
-56457
-50552
-42437
-29424
-17064
-6376
739
7107
9991
13571
21179
22707
18560
11392
212
-6508
-15721
-21849
-29937
-38712
-50565
-58788
-63892
-59209
-51409
-45129
-39697
-31129
-23916
-15917
-4012
7832
16968
20808
23367
23431
20819
15163
7020
-2292
-7497
-13652
-20304
-33752
-47149
-53189
-48972
-42309
-33388
-25609
-17776
-11896
-7233
2647
15684
25531
31456
32247
35079
38915
38752
39483
32895
25431
18680
10591
5715
-2256
-11788
-22208
-23984
-19828
-16253
-9104
-1500
6139
12439
20764
28100
33907
41099
46932
46287
43276
40612
36319
30775
23739
16075
7223
-3209
-15905
-22548
-25288
-25640
-26824
-20169
-11752
-4300
5036
13476
22832
29956
36283
43399
51172
54644
51155
44604
37656
30419
22752
13215
3643
-5577
-14892
-19037
-22700
-27224
-30244
-28609
-23152
-16848
-7733
2288
12116
19200
24471
30055
33588
33500
32280
33695
31071
25007
19368
12283
4620
-2436
-7649
-9165
-8244
-7808
-9393
-7577
-3241
4048
12499
21119
28796
33987
37399
41563
42659
43051
46515
46619
41444
33228
22759
10675
-3145
-14356
-23324
-31965
-38012
-37433
-37329
-38177
-37337
-30321
-17217
-5572
4404
8320
10979
15663
18311
21823
24631
22519
16423
8263
-1344
-10421
-18085
-26861
-33441
-39781
-44272
-49888
-51213
-47472
-39277
-27709
-18993
-13912
-6317
4792
16808
24856
32604
36399
33935
26447
19951
14983
9616
2244
-6409
-18665
-30244
-33312
-36384
-40240
-41229
-40217
-38133
-30985
-23265
-12496
-3897
3083
8104
14175
20860
20039
17171
13640
7860
4072
-4113
-13260
-22676
-30900
-35916
-40953
-46440
-49757
-49357
-43181
-35304
-26785
-14676
-5453
2648
12628
20583
26027
30324
31204
31899
31388
27991
21552
16976
9683
176
-8661
-14136
-20764
-27088
-31420
-34361
-33953
-31148
-24632
-17253
-7076
4796
13251
17959
19055
23828
30684
31560
27811
20755
12579
4812
-2088
-7936
-15237
-22033
-29097
-34432
-35720
-31673
-27241
-19696
-11700
-2085
8931
17880
22807
26267
34955
40328
43791
41547
36311
29259
22299
15020
7607
-640
-8817
-17793
-23893
-27712
-30733
-31689
-29177
-22465
-15801
-6516
4287
10656
17224
22100
24679
27943
29956
27352
22271
18144
12047
5916
-2569
-10641
-17816
-26388
-33240
-38165
-41045
-41729
-42077
-37625
-27677
-22669
-14880
-6892
-1208
5591
13008
15911
15171
13316
8503
2235
-3704
-9976
-17105
-25032
-31053
-35029
-34800
-37241
-38892
-38172
-30249
-21853
-12125
-6205
-1696
5631
14904
23571
32228
36127
34791
30799
27543
23555
17112
11092
1952
-8392
-15437
-20525
-26764
-32580
-33784
-33972
-32825
-30421
-25273
-14401
-1325
4623
10791
21615
27868
29735
26832
27780
28516
23887
14612
5267
-1937
-8728
-19677
-30660
-37833
-43369
-43772
-40812
-36593
-33861
-30160
-25644
-16428
-5672
2827
9484
12111
16223
20127
20712
16188
12144
9047
3884
-7548
-16988
-23284
-26597
-30788
-33988
-35052
-33161
-32577
-29256
-17556
-7357
-1964
2308
8596
13736
18480
22436
23336
21036
16624
9692
3708
-1608
-8361
-19133
-28985
-37980
-47744
-55916
-60261
-62153
-61993
-57660
-52853
-45929
-36233
-27157
-17420
-11808
-7597
-5136
243
4316
2884
-549
-7676
-16548
-25033
-32021
-40417
-49573
-57137
-62897
-64837
-61208
-52344
-44404
-37609
-27421
-16369
-4096
5655
14496
22480
28703
32296
30899
26987
21751
13395
5156
-2456
-10953
-19948
-29608
-36732
-39652
-40104
-35465
-29273
-25188
-22648
-15965
-7677
4260
13583
20859
22439
22951
25231
26963
25264
15639
5928
-4185
-13921
-24513
-32956
-38832
-44897
-51764
-55656
-53821
-47953
-39972
-33640
-27117
-19649
-12448
-4468
3336
6336
8660
11848
10767
4567
-2208
-10512
-18164
-24681
-32005
-37352
-44592
-50509
-51464
-50268
-47872
-45480
-39340
-35061
-28504
-20848
-9992
2704
12659
18291
20724
21480
20100
18684
14276
6856
-3960
-13484
-20436
-26933
-37136
-44516
-50533
-54872
-54124
-50856
-45357
-41008
-35249
-25512
-14549
-4876
436
2584
7159
8319
11568
12532
10783
4219
-6708
-15881
-21120
-27376
-32373
-35173
-39517
-40253
-36153
-27504
-22996
-19329
-12280
-5728
2687
10364
18843
25072
29055
28700
25660
21731
15443
9131
975
-7536
-18092
-28120
-33785
-39612
-46468
-51937
-50552
-47585
-44265
-38221
-30404
-24533
-17325
-7296
-3064
1136
4127
3760
4563
243
-5781
-11136
-17117
-24552
-35484
-42980
-48552
-53444
-57700
-58380
-58273
-56033
-51241
-44512
-35568
-25016
-13401
-4288
2592
8907
11400
16292
18708
14844
9299
1480
-5565
-14008
-23753
-32265
-40453
-45877
-46113
-45121
-44173
-40752
-36216
-28068
-17793
-6685
3411
10036
17119
22187
25187
27631
26248
21972
14975
5455
-2553
-10041
-15673
-22904
-28921
-34340
-42272
-44045
-45433
-42868
-38385
-31841
-22040
-11933
-5456
2211
11787
19240
22948
22883
20859
17548
12772
6747
1087
-5068
-13428
-21185
-29613
-33341
-36136
-36184
-32765
-29404
-22325
-14932
-5856
1703
10632
18060
24491
29696
33951
35855
34987
31228
25728
17495
11707
6775
-1849
-12904
-23408
-30677
-35425
-36844
-36853
-34661
-31800
-25337
-16000
-5569
3260
10664
14595
16299
20248
23103
22819
18899
9431
-789
-7805
-15773
-24396
-33249
-39593
-45800
-53165
-55960
-55392
-50328
-44576
-37669
-27864
-17073
-6957
4247
13508
19631
24851
25744
26139
22735
18036
12279
6176
-1237
-9897
-15068
-20756
-29272
-37728
-43785
-43657
-37136
-31077
-23141
-14997
-8444
1248
12655
20863
24015
25444
26267
25184
19688
12427
6631
-205
-7549
-16024
-21696
-29992
-37448
-40356
-40844
-40168
-38364
-31161
-23757
-15128
-5237
6247
17876
27132
34840
40267
42064
39395
37496
32959
26151
18735
9555
1171
-9660
-20036
-27421
-29793
-34833
-38148
-34885
-28836
-19873
-12517
-5005
2107
7739
11696
17619
21164
19963
16695
14099
80760
6875
44
-7453
-16877
-25656
-32940
-40913
-45916
-49829
-48689
-46033
-39168
-30977
-22524
-13005
-2529
5667
14039
20408
21563
18332
16844
16036
11299
6851
451
-8169
-14764
-23129
-29800
-36317
-42872
-42077
-37776
-35516
-30165
-21893
-11692
-1641
9728
22767
30487
36551
39716
41780
41319
38659
36784
35923
31792
23835
15776
8232
2456
419
-2096
-2380
-1480
668
6111
13692
20127
27211
35679
42675
50387
54896
58639
61428
60480
55567
49467
42823
35251
25956
16952
8183
-1224
-8229
-11420
-12161
-13228
-11956
-5584
1027
8536
17920
27367
34099
38447
45727
55435
60348
63040
63127
59855
55176
47724
38699
30776
22551
14463
10455
8587
10236
11411
15740
23960
29523
32751
39463
47023
54303
59220
62012
63751
66424
66239
65136
60384
211948
42624
31643
20164
8924
-409
-5221
-11141
-14489
-13817
-10676
-5261
28
9863
19280
25275
30668
39656
44240
46771
46951
45944
44447
39299
32052
24172
17792
10487
2576
-3869
-7745
-13729
-15005
-13028
-10969
-7132
-4185
3580
14127
24928
34244
41332
45727
50300
55027
57788
54319
48980
42663
37407
28348
19924
11820
4628
552
-1725
-3865
-3408
-3189
191
9475
20868
26880
34208
44676
49920
55284
61172
61983
59247
54511
51140
45711
39032
29608
20131
16528
10607
6532
5528
6872
9388
9451
12988
20667
29528
38691
50348
59251
66123
69591
73432
75364
71243
66531
60259
48980
39923
33383
25560
16448
9567
4316
-373
-3185
-2832
963
6760
12212
17672
27248
38064
47611
53492
57284
60536
58463
53436
49864
42500
33744
29243
21815
12155
3627
-2689
-10517
-15540
-19081
-17189
-14197
-7520
-353
7468
18516
29499
39732
50848
58155
62720
65359
66524
66084
61328
54283
47524
38295
30380
23152
17543
14284
13603
16080
18331
22960
27400
31960
41619
53531
63816
73468
78332
82100
84479
84840
84060
79863
72036
63572
55611
46084
37283
26155
16480
7724
3488
2587
3716
7823
11355
18867
29396
39468
49083
59676
68527
73651
76587
78908
78228
73676
67815
60999
53568
44372
32467
22199
14532
9956
6992
4820
2791
3476
7127
13292
22968
30139
39943
50444
60496
64420
66860
67851
64447
61623
57128
49727
38507
26703
20100
13919
6607
2023
-649
-3817
-5305
-4741
-180
5588
11724
21579
31303
40092
45784
49380
55071
57363
57936
54060
48956
41148
30668
23540
12820
1447
-7020
-10764
-14089
-18173
-17324
-11633
-5825
467
9863
18395
29823
38471
44451
50631
53503
54252
53144
49459
44187
36364
32119
25639
18624
11220
3696
-524
-2861
-5180
-4416
-848
4855
13840
26036
36335
48040
57311
64719
69527
68515
69539
69168
68176
60504
53344
44891
35219
24588
17495
8923
132
-7005
-11341
-10484
-8784
-3721
4752
13420
25115
35907
45460
52935
57460
60428
61387
61359
61068
56040
48024
40883
29935
23667
17951
13008
7704
5947
4699
4215
6080
12539
18719
26796
33911
41823
47820
49520
51172
55003
60463
61683
60256
58063
52036
43820
33272
26803
18320
9572
5367
1256
-1820
-1360
3192
11128
17840
26459
35380
43732
51792
57827
61188
60924
59864
53619
42491
147904
28652
16476
4543
-5568
-13789
-18196
-21857
-27116
-26484
-24321
-18088
-8940
419
9048
19016
28835
36732
45707
51299
52540
52092
49520
46551
40464
33487
23623
13323
5415
-341
-3584
-8893
-10720
-8741
-7376
-3140
1907
7383
16759
24651
34575
40472
42140
43335
43747
44583
41027
35044
31543
23055
11604
-109
-6700
-9920
-14016
-19125
-22153
-22212
-21188
-17533
-10564
-3904
3367
12351
19892
25868
27988
29312
29580
28568
24227
16316
8088
-1461
-11804
-21912
-27860
-33221
-37521
-39144
-40161
-39173
-36929
-29492
-21745
-13709
-801
12991
21520
28716
34204
37588
39099
37531
33936
28068
20415
12563
5896
-3800
-15837
-22668
-27409
-33232
-36152
-36488
-32068
-24000
-16976
-10517
-832
9768
20020
27415
34207
36304
36187
35968
32472
28840
20800
11552
2548
-9240
-19992
-28504
-34097
-38965
-42568
-42664
-38165
-30504
-24840
-17505
-5929
1139
6287
13135
20051
24544
24383
22928
19840
12395
4143
-7540
-16113
-26417
-35040
-42028
-47376
-47853
-47237
-43672
-38841
-34628
-27472
-16664
-7892
-1264
6375
11940
13891
16219
18064
15220
7367
-1149
-7889
-15913
-23548
-32861
-42793
-50025
-55585
-60748
-62804
-62220
-59840
-54152
-46345
-36089
-25876
-17504
-9489
-452
7587
13452
18792
18784
13208
7059
-1820
-11813
-20748
-31296
-39864
-47489
-51976
-53432
-53432
-54292
-54412
-50520
-43525
-37341
-30608
-20928
-12453
-4272
3795
7979
8360
8271
4156
2855
-3044
-11700
-21101
-30057
-36112
-44160
-49537
-52696
-51865
-49532
-45200
-39416
-32473
-22741
-10936
819
12383
21564
28400
32407
35396
35919
36159
31983
23760
13888
3600
-5584
-14784
-21197
-25012
-29121
-30460
-29220
-26072
-20448
-13197
-3781
6552
16664
24208
32843
41487
49500
51036
49759
47072
40707
30316
21088
10383
2087
-7964
-14920
-20129
-20976
-20745
-19081
-16421
-11837
-5040
3827
11591
18980
28727
36112
40412
41191
40983
37235
33084
28019
19296
8128
-2892
-15336
-25413
-30841
-38201
-45037
-50301
-54056
-53680
-48165
-39725
-29861
-22097
-13284
-5040
463
4539
8719
10123
9920
6668
915
-6692
-12641
-20417
-28381
-32457
-37204
-40349
-41288
-42660
-42385
-38205
-29297
-19624
-9260
683
10608
19776
25591
30428
33995
34460
32200
28044
22727
16171
11123
4636
-377
-6052
-15893
-22716
-26752
-31444
-31744
-26360
-18341
-10260
-3780
4180
16204
25627
33720
39831
42907
41383
41672
40040
33055
22852
10627
619
-10996
-20664
-30677
-36809
-43344
-48128
-48385
-43408
-33669
-24436
-13085
-1648
10140
20184
28944
37179
42543
47319
49279
48463
40416
28967
21060
15656
9863
259
-7941
-15320
-18244
-17820
-14984
-12429
-9740
-3013
6967
15168
21059
29563
35992
41232
42416
45095
42663
36360
30451
24324
18348
13051
4471
-1768
-8637
-14409
-19517
-20300
-19824
-18096
-12472
-2768
5720
11884
20592
27531
31424
34956
38091
38879
36611
29868
24228
17679
10087
783
-8293
-16045
-24980
-32148
-37969
-40740
-37384
-32700
-25944
-17324
-9593
1036
13132
23059
30804
39039
44051
45240
44219
39900
38612
32795
24600
16915
7676
-1825
-10136
-16780
-21253
-25553
-27064
-21580
-14837
-8549
-3129
4171
10167
15679
21163
24200
25808
21660
18784
16095
156160
2171
-5244
-15624
-25224
-33557
-38056
-40821
-43328
-45325
-44693
-39849
-33988
-27929
-18625
-8697
-20
6463
13811
19468
22911
21648
19764
15508
7151
-432
-7405
-14564
-23896
-33020
-39825
-45129
-49769
-48509
-44553
-39988
-34852
-28976
-22416
-13624
-4288
4167
10435
15287
14191
14827
15608
11688
5756
-1296
-9532
-19876
-30524
-41957
-49389
-54921
-58557
-59965
-55728
-52261
-47729
-38857
-28548
-19897
-10581
-3085
4647
11336
17236
20056
19712
17580
15311
9471
-85
-12493
-24512
-34005
-41684
-48696
-51065
-51965
-53049
-52752
-46872
-39284
-29789
-21220
-14980
-11441
-6596
-2733
-2329
-4313
-8852
-11852
-17544
-25637
-34568
-44516
-53029
-61380
-68276
-72253
-75193
-76009
-74581
-67884
-58477
-49592
-39209
-27040
-16553
-6761
1812
8448
14060
16987
16636
15904
12735
7991
1012
-7025
-12461
-18557
-25465
-29121
-33445
-34044
-30632
-22669
-16032
-10221
-4236
4740
14952
26008
33880
38944
43575
46016
47111
45192
38823
31319
22739
11171
-1036
-11036
-18677
-23780
-25812
-26968
-23633
-17601
-11757
-4213
6292
13428
20744
29515
37332
42667
46483
46759
45555
41128
33411
26148
17999
6596
-5656
-14937
-23905
-29692
-33121
-34577
-30968
-28429
-25784
-22336
-15581
-7297
-1901
6528
11483
17488
19856
21552
22303
18751
11440
3523
-3321
-13837
-21052
-27480
-34841
-41585
-45776
-46341
-44728
-42577
-37469
-30909
-21905
-13532
