-3873
-5593857
-2097138
1796
-10501
-25376
-56748
-106800
-76744
-35088
-61773
-43864
-23192
-22412
-11033
30408
71667
89984
116052
118931
85675
27615
-70976
-146168
-166217
-107565
-66132
-85141
-99932
-100288
-28956
9815
-29957
-66008
-82921
-64269
-45420
-78620
-79200
-41469
45268
105651
43519
-9221
-8341
12416
31856
12439
13811
40924
15051
-75425
-115140
-60752
-54832
-106380
-187884
-219525
-128344
-4385
69484
102907
85039
49244
31895
13335
-15101
-44884
-69481
-87597
-68881
-1200
56488
62763
24539
43544
47879
42551
16060
1964
29512
33796
48119
77703
66295
25364
-13924
-17785
-17440
-21061
-35405
-63660
-77569
-78004
-58292
-43008
-40861
-39569
-45785
-37780
-11853
27723
54839
41911
18396
5031
2767
-9749
-42648
-57692
-56664
-57953
-61960
-71288
-69860
-68796
-62721
-51868
-53104
-64724
-54869
-23665
-3932
18108
49311
58819
43360
20636
6376
388
-6220
-27188
-39849
-39601
-34436
-26156
-15881
-15085
-28757
-56457
-73696
-69725
-62089
-47204
-29561
-12317
16411
44212
68191
84940
89831
74999
47732
30623
19948
7267
4123
16
-18740
-29793
-24692
-19017
-2608
-38260
-89976
-81817
-83344
-63696
-24480
-2845
-6016
-1869
15028
4403
18375
19016
11760
9220
16276
20683
4867
-2820
-7920
-32921
-44069
-39876
-54092
-63349
-41348
-11028
-14345
-1432
-1305
-44092
-26085
14424
41839
55803
60212
55504
57295
69648
54507
10868
-13164
-29164
-39645
-36520
-41213
-41493
-47649
-29629
-15400
-20233
-24361
-17537
-924
21192
52792
64948
63507
75235
91179
75835
66047
74199
54176
35656
38764
25599
-14337
-22533
-22709
-28425
-40113
-44977
-34685
-20896
-18789
-20548
-16841
2111
18827
-2740
-34664
-2965
59011
64507
73196
56516
44984
45335
32668
6231
-22540
-13588
-19512
-43816
-35385
-25388
-30265
-19133
-7508
-25944
-27228
-341
30012
13315
8811
26483
35124
63627
88287
56019
24707
24608
30947
16035
37188
28503
-10705
-23604
2627
41659
44040
19276
-25961
-47204
-5908
49084
66387
47496
66380
85220
83348
92987
103204
72907
29827
2383
-4240
9480
30747
28015
-7885
-19801
19648
40447
22436
22759
40096
36755
59491
71847
65892
73536
103996
90691
75628
83292
67263
55391
50244
34672
30008
37000
17944
-37140
-61029
-35688
-2844
-8517
-29768
-43829
-23757
37451
70520
63480
61668
63544
64307
61088
66599
77039
88360
88111
66387
45760
26408
23448
27703
24116
25484
15471
16163
35500
41932
51896
54375
42223
27659
29175
43536
74611
100603
110343
115271
87880
77112
84763
86700
73840
41939
14060
8911
21924
45072
39259
9099
-7160
-19233
-25125
2612
30199
39299
45908
68244
98895
129119
149200
139799
110123
88732
76840
57916
49228
52468
33323
16655
17791
19552
17563
24751
22951
5987
-12232
-21077
-6172
14955
38368
53440
66516
87828
89212
80820
85964
85815
74903
56491
29624
23004
32384
40612
35076
17296
3123
-8789
-16121
-10080
-12512
-12684
1311
26107
61620
70343
73787
85896
86159
72315
61751
51331
31071
17120
30763
47064
43068
29328
10223
-9640
-8705
1756
-9717
-28100
-27941
-16129
-3000
11531
35788
40344
49696
64420
68195
81059
87731
77228
59719
46988
34800
25019
26375
24671
17147
3771
-10524
-21033
-19701
-13812
-11888
-5116
-2429
-2528
10391
39443
66295
80136
74088
54847
51252
60475
60396
45088
27923
17620
14195
20099
23123
16043
4808
35
-2308
-9344
-1677
7972
12563
25408
39920
45476
53795
70612
83375
82739
85003
76959
56160
41415
-3548
-16725
-21629
-22557
-25116
-29520
-36257
-36565
-26940
-10361
12468
34768
48540
59224
63492
65004
65228
61748
54491
52396
45380
28735
9492
-6644
-1288
11316
15079
21823
37320
56899
75624
87679
81639
71884
64467
58552
50555
34852
16232
943
-11380
-12152
-9605
-8392
-6108
-3008
-3393
-2409
2375
10183
14648
27251
34035
44119
64472
66999
58956
52656
43267
34428
21947
5556
-3800
-10793
-11256
-12793
-13552
-18065
-19580
-16460
-19413
-11540
-7140
2248
13755
26707
43151
55292
63664
62759
59215
53467
49124
41320
30735
13151
-3961
-9580
-15433
-20813
-32757
-44312
-52841
-57564
-54024
-43373
-34781
-19604
808
12767
20824
28436
38884
48488
48348
44727
34847
18952
12255
-1520
-12613
-18173
-22620
-27072
-39269
-45321
-51673
-53408
-52877
-50833
-48133
-37824
-19861
-1417
15531
22147
15571
21020
32056
36572
33524
18115
6340
-2617
-3709
-2437
-10100
-17949
-19348
-32756
-36565
-41941
-38980
-25960
-14041
-6848
-6440
3999
28855
50128
58812
55468
50528
43552
32451
26776
12227
-6913
-22664
-37489
-43956
-48928
-52596
-60136
-69716
-71609
-66868
-50412
-26945
-20784
-11732
4336
32508
61923
65632
57360
43100
45192
50771
44835
27532
1928
-14332
-22673
-24025
-21500
-28888
-34213
-32301
-26152
-10820
4511
12603
21399
25252
26479
35367
51919
62043
63179
61531
58351
55244
51492
39644
29739
25448
13600
216
-13536
-22921
-25348
-25732
-18912
-6613
4320
12596
22819
34223
40484
43651
47956
54027
55815
44600
32556
27900
28499
25076
9988
-4872
-10569
-19296
-30212
-41220
-46929
-46652
-41848
-35133
-29321
-14509
1007
15515
29604
39264
48028
54795
58392
54951
47156
38903
29128
17640
4568
-14789
-28833
-35701
-42440
-48240
-55977
-59185
-59860
-52861
-35993
-18077
-3701
4975
10047
11560
18492
29135
37392
39448
37123
36427
36776
34972
26531
12875
-4409
-19604
-27885
-35424
-40648
-40577
-37016
-29809
-19756
-8092
-1172
5972
14880
23675
33260
44224
53016
54439
47568
39232
31003
16756
2643
-12353
-24804
-37972
-47812
-50625
-50472
-45881
-39449
-32145
-26429
-16904
-6785
-724
11471
21519
30891
35823
42696
47279
48832
43504
33103
25635
12992
4132
-9200
-14981
-23257
-23493
-28392
-28681
-26092
-30100
-20216
-11665
4148
23883
39859
47500
50636
56295
57523
56928
52376
47199
39155
34487
23264
7924
-10448
-21505
-24001
-22640
-29036
-31577
-32985
-22524
-11589
-6441
5835
18648
30655
32160
39648
44303
50208
56671
55604
52423
44068
32631
16619
9008
2560
-13944
-30053
-35817
-24905
-18052
-17544
-16948
-4772
6160
9268
14863
20435
30852
38008
40580
44391
45712
32748
11615
639
-3620
-14744
-33248
-47260
-56233
-60036
-64345
-66945
-58509
-49500
-40872
-36725
-31076
-16865
-1936
12004
20891
25291
27720
29900
33008
32311
23116
4755
-10760
-13061
-19213
-34096
-47269
-54224
-56380
-60016
-63260
-66609
-68737
-65296
-51665
-30885
-14141
-7644
-5897
-4509
3744
14276
13408
4403
-9088
-20944
-33596
-38724
-41548
-49649
-64756
-78477
-85849
-84337
-79180
-69621
-60332
-55197
-47869
-35476
-24729
-8468
1824
639
596
14115
27420
32147
23240
2300
-16129
-27532
-39045
-49437
-64820
-77561
-80993
-75669
-65932
-60448
-59793
-53709
-44328
-29681
-15044
-4213
424
-1
5091
29118
22988
21968
10652
-8617
-23425
-35761
-47293
-65865
-1430897
-89212
-91769
-92293
-85861
-69973
-51485
-36177
-23145
-13840
-10245
-2088
6284
13363
10439
3323
-1728
-10481
-20677
-30961
-34376
-44185
-52816
-60897
-73921
-77389
-75696
-77848
-81829
-73065
-58408
-49869
-33697
-14432
-4592
3903
13647
16240
15656
15763
14252
5468
-2489
-10288
-25077
-34385
-41865
-50716
-57416
-60972
-56781
-47068
-33256
-20464
-14709
-10585
-3525
8607
25055
33564
35892
35939
37352
35176
26384
15188
1008
-19853
-35924
-44992
-55653
-62917
-63337
-65365
-71417
-67357
-57824
-46748
-39920
-31609
-18597
-5876
10152
24620
30063
31519
32615
33895
24872
13719
4780
-9661
-27180
-44192
-55441
-60965
-66984
-71160
-74088
-71389
-65912
-58913
-50009
-41377
-33989
-17469
-2612
2579
1279
5667
7951
10839
12972
7511
-4065
-13445
-23261
-35737
-47928
-57544
-60581
-65441
-68729
-67756
-62829
-51816
-36680
-23149
-13360
-3225
11867
22447
27636
29464
22768
12644
4612
-841
-12732
-26728
-37700
-48297
-58333
-65376
-64548
-61521
-59597
-59836
-60885
-55625
-43257
-33909
-25216
-10869
251
5691
7527
10188
11692
9067
5451
-4428
-21484
-32648
-46469
-63632
-70064
-74537
-78285
-80821
-76817
-73649
-67425
-55485
-47476
-40028
-30985
-17424
-3045
4464
7011
10923
16192
17760
13740
3260
-8160
-13096
-22532
-33560
-39877
-45965
-54264
-55504
-48800
-42252
-40116
-32444
-20112
-6173
6752
20912
30236
32304
36452
40763
42687
40723
30880
14880
5500
1967
-6573
-19677
-31921
-44157
-51933
-55780
-54932
-51837
-48224
-39221
-27673
-16696
-1928
13664
23384
34228
39463
41288
42459
41795
35820
24668
14135
5904
-7593
-16592
-26993
-37292
-44180
-50877
-53344
-53764
-48705
-36997
-27644
-14892
1215
16384
25412
33019
40144
46140
49100
40787
24199
10455
3980
-3905
-17541
-32640
-45604
-53688
-59997
-65580
-75197
-78097
-69509
-59620
-47656
-32492
-15764
-869
11804
19963
28480
36056
35516
30120
20904
17479
12344
3388
-7253
-18049
-22581
-25844
-33400
-41184
-44041
-39912
-30780
-25629
-17385
-5245
7771
21280
34791
46647
51015
51667
52143
51676
46999
34155
14975
-217
-11292
-23693
-37873
-48145
-55469
-59856
-57381
-49029
-41820
-39348
-34036
-21604
-848
13440
15880
13475
10843
16755
18907
19347
17344
8376
-4124
-16144
-28241
-43752
-57097
-79417
-91276
-94136
-90809
-90529
-89005
-75328
-59296
-42496
-29692
-20368
-11296
-7008
36
3888
3016
3528
2252
1707
-4944
-13849
-23512
-35700
-45277
-49649
-55389
-60156
-60644
-60109
-51297
-35689
-16792
-800
8740
18291
24619
32424
40572
41235
34496
29440
24423
16363
6844
-4121
-17924
-31796
-41728
-56389
-71176
-71084
-66120
-61616
-57725
-51548
-40249
-25100
-9124
7164
15236
16760
18356
19284
22411
28387
28851
20891
10332
-6185
-17360
-24208
-31789
-38204
-49776
-57189
-54029
-44840
-37532
-28920
-15812
1004
19475
32683
42823
47407
49427
49452
47783
45964
40632
34607
21547
5071
-5812
-12952
-27044
-41925
-48776
-51957
-54132
-51105
-45832
-42505
-32800
-14053
2927
15283
23571
28835
30392
31744
38079
38760
30659
21464
14995
2571
-13293
-24580
-38345
-45661
-42532
-42093
-42833
-39884
-36824
-30360
-16528
-3201
6843
17039
27907
37423
47340
51964
47448
44067
43012
33972
17120
-661
-14925
-27885
-44453
-1499233
-47920
-48708
-51005
-45437
-31572
-20705
-21185
-15828
555
18320
26987
32475
36179
35719
35212
35172
29420
15703
1763
-15012
-32673
-41664
-48117
-50413
-50913
-42388
-37980
-36525
-26404
-10348
-836
8772
12120
12031
18359
31139
38888
35711
30408
29507
29475
23768
11848
-6624
-24037
-38029
-48709
-57548
-60945
-60908
-61513
-51352
-33501
-17033
-5181
3704
11480
22327
35384
39939
36747
29763
21684
17140
13683
2743
-14660
-34345
-46113
-56420
-69669
-76160
-76137
-77956
-82125
-78288
-69212
-58449
-39789
-26461
-15021
-5132
6283
10211
8512
7556
1988
-8145
-22641
-34893
-46049
-54776
-66121
-82305
-95792
-104152
-109236
-110773
-110144
-109888
-101060
-85056
-67028
-50777
-37812
-23100
-6817
9803
12360
7676
4500
5415
1423
-3964
-13392
-27521
-37688
-47796
-53552
-54021
-56185
-56308
-52981
-47837
-34509
-18825
-7316
4931
22228
36027
41443
43896
42208
41972
37284
31332
21068
6536
-3793
-10049
-18433
-31037
-40392
-49524
-50812
-49508
-45796
-44124
-39893
-28597
-20580
-3008
18148
32884
43100
47076
50827
52448
51728
47199
34296
20956
8187
-5408
-16808
-24365
-29669
-32444
-31553
-28832
-28853
-22744
-11344
2375
14199
25224
35627
47112
56548
65255
61704
57323
54531
49304
43344
31144
14707
-2969
-16237
-25777
-33969
-43549
-47377
-47017
-45132
-37788
-28385
-16980
-2305
14147
29368
40144
48135
48859
47599
49527
49080
37300
20816
5655
-6684
-12036
-17757
-31112
-44056
-51760
-50200
-46273
-38765
-35397
-27349
-15416
188
18955
30371
39488
46128
49972
53079
54600
52768
46131
37572
32067
23092
11336
-681
-10161
-18361
-19613
-18288
-20376
-18624
-12944
-724
20471
39016
49731
56160
63184
65791
72899
77472
71699
62404
54832
45360
30543
14808
-1425
-15224
-24812
-32769
-40057
-46973
-51580
-48461
-39504
-29033
-19264
-8505
4227
13875
24431
32324
39071
42315
40703
37828
33860
24596
14115
4659
-5216
-14492
-23368
-29797
-31657
-34517
-34849
-33553
-22985
-6428
6611
17024
25888
35308
46148
53343
55579
55192
52731
45064
37500
30144
19159
6384
-3905
-15768
-26881
-37576
-46484
-49128
-46253
-39620
-34744
-26308
-12857
4320
18191
30628
38088
43407
47400
53439
57959
59151
54556
39587
21583
14847
10456
2411
-12109
-27948
-36509
-35557
-28197
-21528
-15736
-8333
3007
18379
33799
47452
58280
65336
72235
79359
84340
80808
68548
53515
44263
36171
23140
11467
1527
-4661
-10841
-16085
-15773
-12020
-6420
-2057
2375
12704
27083
40376
48100
55252
61187
62208
63583
61568
57639
43800
29251
17436
8312
1052
-10748
-21473
-27273
-28720
-29004
-24596
-17904
-9080
1839
13843
26512
38740
49867
57731
64251
65831
61484
54228
46844
36767
23863
7096
-9608
-25041
-33017
-40468
-46596
-47957
-42609
-36365
-31889
-26133
-11077
6152
21343
32816
41212
49263
55212
57143
55327
51891
47336
39019
24595
10379
-1909
-14877
-28845
-36265
-39897
-43681
-42025
-36065
-34137
-29129
-18724
-6192
8364
24744
34716
42571
48111
50567
52027
49015
42411
33275
21280
7460
-4052
-10600
-15713
-22697
-23600
-20820
-16541
-12185
-6104
5587
16512
28728
40636
50688
61540
73240
79535
80587
79727
77232
69123
58928
45795
29400
8887
-7585
-15532
-23668
-27648
-27617
-28308
-28513
-23357
-13964
-4185
6303
14504
19039
20872
28435
38435
39080
36759
36208
28612
17184
5971
-8820
-28108
-44781
-56300
-63945
-67433
-67277
-67376
-65180
-58825
-48736
-34641
-21660
-10344
-693
7028
12184
19100
24784
24807
20575
15232
10759
-2813
-21312
-39057
-50013
-56157
-62204
-68777
-74749
-75440
-72564
-62985
-46312
-33036
-26937
-20540
-11260
3143
14732
20244
18856
16548
14847
8668
748
-11376
-30836
-46525
-56881
-63136
-67684
-72909
-74993
-72892
-67728
-60521
-51457
-39837
-25553
-9376
1879
11684
19488
23103
24819
22683
19864
12271
-820
-13205
-24513
-35941
-45956
-56297
-64588
-66585
-64052
-60749
-57840
-50817
-40704
-25736
-7877
6108
11392
18196
27035
30967
33351
33067
32615
28180
17979
4459
-8992
-24213
-42341
-56613
-68828
-76617
-77908
-76065
-72476
-63528
-52509
-40793
-26721
-13108
-2065
4580
8015
10051
12979
17552
20728
13984
2212
-9309
-19977
-29224
-38000
-48281
-59209
-64773
-66273
-61733
-54053
-44356
-34101
-24877
-12740
-84
11376
19236
24992
29224
29607
25011
19267
16971
14708
5555
-7029
-20945
-29209
-34697
-41076
-43372
-42673
-40673
-37712
-30081
-19277
-7072
6472
19256
33879
44171
51892
58059
60971
60008
57087
51360
41176
29163
19708
10900
-960
-13068
-17712
-19396
-21577
-19968
-16681
-12581
-4144
9536
22171
36003
49176
57988
65259
69480
68603
66203
61267
55799
44667
29499
14783
436
-10061
-20981
-29416
-35781
-39249
-37765
-29601
-22629
-14241
-2624
11240
21927
34663
43827
47596
49963
48928
43488
38531
32796
26175
17276
5376
-8088
-22884
-30368
-35369
-42200
-48877
-48477
-41912
-32596
-20620
-4204
11156
25095
38871
50143
58991
64839
66859
68147
65548
59888
49767
37952
28095
15235
2155
-5317
-10368
-13296
-14456
-14725
-12597
-7636
-21
8236
18415
29347
37296
43111
49560
55227
53019
47908
40724
31664
18163
567
-15173
-28333
-39768
-48897
-57600
-65873
-68989
-70616
-67832
-59488
-50548
-42632
-29261
-13392
-3609
5419
15395
21511
22296
19591
15788
6888
-3340
-10172
-19788
-31333
-42989
-55173
-61204
-63737
-67332
-68121
-65056
-57624
-49212
-39361
-26141
-9072
5052
15127
23495
29827
33324
34152
29740
23191
13768
2468
-10909
-22841
-30773
-41156
-49281
-54909
-55148
-50653
-43092
-33961
-25428
-11548
1948
11247
18675
28967
37899
40036
39912
38007
32543
24184
13708
615
-12048
-21101
-35213
-50381
-57348
-60633
-63328
-61833
-57329
-52344
-44025
-31057
-16076
891
14724
25439
34391
41131
41595
37268
31964
23483
12604
2747
-9501
-22392
-34061
-44333
-53873
-54864
-52657
-48901
-42465
-37169
-30321
-15809
1940
18476
29471
36152
40148
45691
49479
48091
44172
35348
24668
12471
1160
-9509
-16997
-26008
-37004
-43373
-45773
-44972
-38344
-29557
-18448
-6044
7467
22460
35771
44560
48368
50844
49363
48412
45684
42908
33791
22788
10972
-3720
-15529
-24504
-35397
-41781
-47209
-45188
-38408
-32728
-25956
-13689
-1441
9199
17143
22148
27243
31483
35048
32808
24511
16500
5612
-4136
-17788
-33028
-46188
-57965
-67761
-74117
-74001
-73116
-71040
-68205
-55432
-41548
-25840
-12897
-5968
240
8400
15887
18435
19352
15167
9643
2559
-6776
-15836
-25516
-34197
-41413
-49000
-50320
-48080
-42552
-35113
-27880
-17369
-5613
10187
26900
41228
49644
57119
61272
63828
67908
66703
56588
37040
18263
1367
-12048
-19996
-28877
-37676
-45741
-49045
-46009
-41893
-32380
-17484
-5896
3359
10319
17435
25471
36743
43979
44140
41079
36680
26439
13687
-2940
-20601
-35873
-46920
-56753
-67397
-72588
-69340
-63261
-56661
-47712
-36933
-27068
-15976
-3936
4707
9747
18252
25456
30547
32660
26904
17287
4832
-11592
-24573
-34420
-44793
-55725
-67801
-73708
-72916
-69613
-66824
-61512
-52352
-39105
-25992
-16264
-3869
9060
21447
26803
26259
24732
19047
12060
2724
-11008
-26296
-38729
-48597
-59392
-67424
-69696
-70865
-69761
-63920
-56356
-42321
-25953
-12168
-1965
8155
17016
23975
30432
33596
33515
28104
18511
10144
2552
-7732
-21176
-34536
-44144
-54308
-58804
-59489
-54596
-51604
-47424
-35917
-18116
-992
12995
21031
28279
36323
42932
46052
43415
37992
28648
17679
9575
1383
-9021
-23369
-34952
-44364
-50108
-51640
-53772
-54621
-48076
-35136
-23700
-11181
3591
16127
27151
37128
41247
37480
33107
28156
21875
11400
-5512
-21725
-30857
-39613
-48752
-57761
-64953
-66364
-63437
-59616
-53500
-43080
-30185
-16553
-4872
8675
21280
30644
36103
35672
33328
30807
23980
10363
-7349
-24524
-37509
-48528
-60309
-69732
-73501
-74508
-73236
-68484
-59668
-46429
-33452
-20644
-8249
6636
19988
26812
31032
33784
34856
32568
25056
15331
-17
-15488
-27852
-40276
-51085
-59273
-64180
-67820
-67117
-64757
-58841
-46685
-33097
-21696
-9948
1552
12264
20136
26919
28572
25360
19755
12951
4511
-4429
-15513
-27476
-37800
-48004
-55260
-59296
-58613
-56960
-53316
-48145
-37812
-23248
-7501
7391
18867
28827
37367
41848
38760
34423
28480
19067
7763
-5005
-19996
-33080
-45081
-56781
-64853
-71653
-74489
-76848
-75441
-71441
-61561
-45348
-25696
-9276
-1065
9688
22904
29652
34528
32292
27572
18235
8384
-4449
-18901
-32153
-42164
-54624
-62305
-66268
-65781
-61133
-53337
-46765
-39784
-27589
-13496
-860
10604
21663
30399
35979
38231
37748
36519
33079
25700
12267
-2597
-14441
-26528
-35801
-43585
-51809
-56361
-53573
-45280
-35448
-22108
-8745
4323
18075
33359
45376
52816
57107
56144
51008
45935
39284
29952
18707
8655
-4308
-13440
-21901
-29045
-34697
-37876
-35345
-31829
-24188
-14357
-1260
14140
28876
41947
48528
55452
59700
59615
56539
50835
43456
36071
27860
18911
7939
-3828
-17848
-30041
-36901
-39564
-38452
-36033
-28993
-16481
-913
14480
27056
35875
42883
46988
47402
49283
46099
38111
27740
15060
2079
-11237
-23577
-37125
-50373
-62009
-66704
-69416
-69981
-66224
-57296
-46664
-32745
-18173
-6896
1100
10656
19456
25972
29363
26003
17511
8036
-176
-9812
-20008
-33976
-48904
-60348
-66400
-69616
-69949
-64484
-54540
-44853
-34841
-20396
-4452
10747
21832
28192
35675
44620
48736
44980
39708
32519
23443
11788
-2776
-15492
-24912
-35001
-43640
-46033
-47168
-44485
-39297
-30188
-18757
-7945
4472
16183
25907
35992
43788
50995
52775
51171
46976
39916
31316
20172
5439
-10616
-23808
-33613
-41388
-46953
-51820
-51345
-45201
-34249
-23177
-14456
-1969
13112
27864
39663
45447
49315
49600
47660
43539
36992
24312
9467
-6193
-17717
-29268
-40797
-827073
-58268
-59013
-54285
-50096
-42073
-33472
-21341
-8653
2880
11004
18767
25215
28080
30735
28343
20952
13739
2675
-7944
-19612
-33221
-45629
-54716
-62697
-69540
-70541
-64144
-52088
-42325
-30736
-17837
-2776
12795
25524
35516
42035
45464
48919
50196
47568
38103
28676
19212
8611
-1561
-11961
-21576
-27485
-30153
-30176
-28584
-23096
-16157
-3612
8255
20976
33359
47407
57259
67168
77215
79715
76760
67464
56539
45335
36575
25739
13379
1031
-7261
-13924
-18168
-19001
-15517
-11881
-6332
3216
14884
27923
42176
54176
64875
76100
83479
82211
79584
71868
61043
51272
38664
24188
11343
-676
-8000
-13889
-17544
-19140
-17308
-11037
-3157
8427
20296
34572
49052
61264
71300
81843
86171
87131
87188
82364
74344
64060
51720
37579
24315
15680
6544
-649
-90161
-8032
-8292
-3113
3151
10360
18808
30924
43112
52343
62691
70008
72955
71447
69211
63667
54603
42659
26919
13188
2135
-5764
-15201
-21833
-27577
-30565
-26673
-24300
-17756
-9001
1515
14952
29691
42971
53851
61876
66008
69560
68212
63171
55880
44027
30168
18283
5860
-4381
-14761
-17765
-18676
-17917
-13732
-7061
1431
12075
23051
34231
45795
57931
67932
73315
79376
83831
82007
75943
65539
53827
37867
20875
8287
-2677
-12268
-19340
-21924
-23669
-18816
-11237
-3004
7067
20800
33675
45120
55872
66580
76532
82391
85847
84579
81343
74379
62220
45595
33148
19904
7088
-4520
-10917
-13772
-12525
-7732
-3632
3516
15680
29391
42835
54507
66868
76563
84032
87899
84843
80236
70676
60771
47959
33632
20119
8252
-2617
-10885
-18232
-22644
-23049
-18977
-14661
-8008
3200
18043
35263
51643
63827
74500
81703
83859
84499
82399
77272
70203
58159
42647
28564
16484
3291
-4452
-12768
-19641
-24232
-25633
-17461
-7220
4783
20600
35235
49540
63480
74836
83960
87892
88564
87611
83855
77603
67220
55619
44771
34240
23308
15932
7648
5459
5448
6407
7904
12167
23575
34416
47931
60303
74748
83364
87680
89715
92084
89972
83779
73904
58991
45548
33836
22487
12939
3715
-2148
-5472
-6724
-5612
-325
10692
23607
37751
55083
68279
80824
89652
97539
102255
103104
98003
89003
77255
66811
53760
38780
24428
11724
-1384
-11021
-17805
-20917
-20161
-16625
-10189
-112
13536
27455
40151
52087
65124
71876
73043
72899
69256
65096
58487
47443
37740
26407
13916
2563
-6436
-13260
-19765
-21404
-20384
-14789
-5341
6819
23404
38224
51879
64479
75552
80939
82223
78699
75584
70104
62367
50440
39087
27652
17580
6756
-2657
-11005
-12781
-12317
-10641
-3401
6579
20115
36120
50852
67623
80852
90927
101040
105439
106867
105320
101344
94364
82499
72183
57107
42323
30460
21024
12836
6944
6568
8207
10632
18083
27476
37012
48935
61551
71835
81324
85836
86395
85676
80036
74556
64780
52232
37743
24587
13192
3043
-8492
-17509
-23185
-24637
-25121
-20281
-11069
195
10059
21255
32704
44200
55876
63443
66872
68600
66124
60352
53280
42315
29175
14299
1455
-12301
-23041
-29221
-30752
-29912
-25149
-19328
-10541
1080
14408
26899
39987
52899
64403
73588
78967
77179
73355
69603
62336
51607
38219
26544
13235
783
-33289
-152001
-16720
-12269
-8309
-29
10499
27399
43363
56116
67580
76567
83592
86044
84504
80800
73712
64423
49407
35800
25115
12787
164
-9484
-17801
-22289
-24141
-20568
-14797
-5545
4092
17811
28648
38907
50359
58895
64360
68459
71499
70587
64328
55883
44411
33588
21183
5752
-9780
-22921
-30229
-33640
-31892
-25745
-20964
-15024
-4357
6659
20759
33980
46383
54628
57144
58071
58736
58564
57263
48711
36084
23884
9587
-3185
-13865
-20900
-28212
-33788
-36920
-35412
-32381
-24508
-13185
-956
10967
21100
28348
34548
41031
44572
44347
43708
38760
30868
19080
7219
-4284
-16985
-30025
-41417
-47020
-49157
-52472
-51488
-47056
-38572
-28661
-17200
-4568
5727
15635
26128
32552
35184
34012
33704
29860
20239
6307
-9645
-21416
-31677
-40609
-50525
-58677
-62684
-61556
-59536
-53620
-44153
-30964
-18141
-7705
3355
13439
26839
34324
38116
40176
36512
31604
24516
10700
-6257
-24080
-37277
-47761
-56760
-63940
-71136
-74324
-72145
-66869
-57196
-44565
-30601
-17552
-6493
1819
10307
16260
20291
23067
20828
12416
2156
-4948
-17124
-29213
-41609
-53205
-62341
-71252
-78440
-80020
-76600
-70588
-63969
-53569
-42949
-30704
-17657
-6553
1283
8303
13219
18824
17655
12867
3116
-9009
-21485
-32920
-43089
-54065
-66889
-77829
-82233
-80037
-74008
-67433
-58272
-45541
-29473
-13104
-156
10439
18499
27740
33671
32343
28635
22192
13058
852
-12685
-26676
-40601
-51612
-61756
-69473
-72837
-71044
-68972
-63357
-54069
-38968
-24585
-12212
-1516
8952
20164
28724
33455
33200
29711
23892
14251
2979
-9556
-21576
-31340
-42392
-51021
-56233
-58776
-59041
-56025
-48920
-39865
-28769
-15740
-2269
10843
23928
35476
44599
47240
48075
46859
41840
33672
24079
11655
1515
-7084
-17916
-27028
-36725
-41661
-40357
-34748
-30337
-21197
-10136
4527
19728
33263
45284
53707
59700
59831
58695
55023
47171
36827
21960
7060
-4209
-14712
-26520
-38116
-46984
-52308
-55365
-53420
-49288
-43961
-32812
-20892
-9120
2131
15459
26767
33764
37323
37620
30711
22847
14568
2292
-11777
-25037
-37801
-48724
-58337
-67065
-71644
-68792
-66664
-63404
-57296
-47121
-32949
-20216
-6821
6376
19159
28251
33211
32780
30232
23907
16779
5632
-9132
-23364
-32713
-41597
-48964
-53069
-56732
-57417
-53488
-44604
-35501
-22437
-9380
5527
19616
32912
44816
55311
60604
59431
57096
50264
43104
31307
17408
3811
-9984
-22644
-30524
-37817
-41276
-44065
-43601
-36129
-25068
-8756
6188
20343
33164
45048
56648
63575
65420
64231
59228
54016
48223
39543
28564
16699
3144
-6588
-17345
-26673
-33544
-38269
-39724
-34000
-28324
-18213
-4857
7815
18940
29355
37564
44491
46631
45535
42371
36255
25851
12847
499
-11941
-20456
-28837
-37836
-44756
-48312
-49637
-46724
-38236
-27969
-14561
-1496
12128
25131
39503
50291
56771
59460
57396
54096
47976
37839
26799
13935
-285
-10832
-19557
-28689
-36577
-41292
-42145
-38313
-35001
-27133
-13436
4087
19139
31940
44023
52431
58304
62311
62160
59723
53555
43935
29527
16091
5692
-3989
-15696
-28801
-38488
-43940
-45337
-44333
-38916
-31804
-20644
-6869
6536
20284
32772
40899
48763
51212
50571
46655
39611
28243
12879
-3556
-14752
-23236
-31768
-40460
-524225
-48504
-46653
-40736
-34780
-26797
-15464
-3889
8271
17859
26112
36195
43048
47655
48708
45340
40336
28576
16139
2428
-13176
-29272
-43209
-54649
-61432
-64620
-64697
-60445
-53457
-42136
-28752
-14793
-2157
10216
22572
33752
39971
42952
42436
38607
32824
24564
13103
-2620
-16593
-30436
-45581
-58396
-67376
-71165
-70780
-68156
-61444
-52257
-38280
-25341
-14680
-5573
6004
15992
24435
27320
27539
25988
23823
14544
2787
-12197
-25892
-39260
-52236
-63225
-68572
-72544
-74512
-69652
-61068
-50292
-39381
-27036
-15305
-3109
7776
16163
22440
24999
23904
18992
10584
-308
-12853
-27581
-41989
-54577
-67784
-77289
-83581
-85076
-84761
-80705
-73837
-62937
-51828
-36604
-21656
-10332
1291
12923
23263
28584
28927
25816
19923
13372
3528
-10748
-24512
-38464
-51565
-60757
-65453
-67593
-65360
-62784
-54745
-42260
-28653
-14369
-289
13627
22652
32071
41388
46483
47396
44160
36984
27307
16448
4275
-10197
-23973
-34808
-41068
-49924
-53593
-51653
-49041
-43148
-33148
-22465
-9388
2784
15255
25016
36864
44183
48155
48320
43280
37843
29795
17736
5964
-4828
-15749
-24321
-31080
-38156
-39892
-38052
-34252
-28700
-19961
-10101
2912
15060
26280
33684
40344
44524
45788
44379
41680
33308
21644
5587
-10096
-22381
-33772
-42396
-51169
-58120
-60161
-58124
-53617
-48897
-40668
-28376
-14141
276
13752
28088
38200
45839
48704
47828
45455
