62772
59159
-1507331
-26141
-64704
-86160
-74197
-32881
-9685
-21120
-41289
-63620
-83040
-89692
-68205
-40829
-31021
-30229
204
39219
52464
38040
25771
14183
-27761
-56769
-58077
-51996
-15345
1311
368
-38317
-77844
-80361
-74532
-76649
-70936
-61713
-48780
-31965
-43057
-62204
-56484
-48652
-43105
-38476
-60653
-54476
-26857
-22956
-36761
-71605
-111777
-86020
-36232
-19020
4432
15252
40476
89480
118043
91951
37759
-1857
-24644
-60392
-78876
-53972
-23980
-17777
-32001
-40821
-42313
-62612
-89596
-113129
-111956
-50180
12279
35015
42659
51044
67687
59920
19847
-20969
-44145
-45484
-38228
-20768
-7477
-2165
5312
8295
3924
-9492
-28321
-60504
-85752
-76625
-32053
6939
14380
25356
37799
38103
29719
3736
-19264
-20037
-18836
-21821
-15232
7
536
-15032
-25340
-25288
-22385
-47549
-81949
-89800
-78128
-64245
-51285
-39604
-32664
-14208
14439
38932
52588
45955
26763
5500
-2885
288
-3368
-17645
-31645
-42881
-48281
-55013
-61909
-68325
-64533
-43893
-29564
-31893
-34556
-28133
-19397
-10565
-3661
2684
13640
18579
13127
2071
-8004
-22404
-34013
-38792
-31520
-21937
-30153
-43504
-45640
-43233
-51373
-72961
-89565
-77900
-54196
-36020
-12472
9851
19935
27723
35479
34731
19424
-1565
-18500
-22093
-18712
-14913
-16160
-22609
-30641
-39848
-56137
-73724
-85288
-86597
-79309
-62209
-39589
-17781
-3069
4599
11248
17648
15820
16
-9577
-5317
5143
13996
13947
6684
-2136
-16604
-30924
-43829
-50096
-50201
-51529
-50669
-40057
-26760
-18817
-14169
-6665
6267
16500
27816
36164
36407
31699
27683
22827
10467
-6984
-27477
-42820
-48145
-40617
-30868
-31925
-35777
-34085
-30912
-29789
-33437
-35769
-31544
-19468
-1912
12623
18619
21044
24147
26204
25388
16319
4452
-7016
-28121
-33688
-40212
-51376
-51704
-52445
-58385
-59713
-43713
-42713
-45012
-26009
-25685
-29392
-15924
6144
9584
9108
25924
18456
7935
9507
-6044
-17189
-18057
-13720
-31016
-48500
-42652
-57004
-60764
-45233
-45737
-52380
-53409
-42065
-29901
-16629
2111
403
-2908
11043
14847
6500
3863
-317
-11716
-22508
-20052
-29601
-38721
-41197
-50800
-59485
-59840
-61545
-65029
-59108
-50036
-42648
-33189
-17173
-1372
4127
9591
13240
7971
4195
-965
-14233
-21432
-27077
-29917
-34088
-42820
-45592
-57468
-65412
-66448
-70865
-69820
-64837
-50373
-40937
-26937
-12712
-7408
-1209
2323
132
151
-416
-3517
-8501
-8001
-10041
-24517
-35773
-45008
-61233
-75692
-79500
-77020
-77757
-73577
-62961
-57537
-48541
-34332
-26365
-25085
-17204
-7472
-2905
211
5528
5672
5664
2819
-9088
-26589
-43609
-60348
-72864
-82957
-89348
-88072
-81245
-70941
-64332
-61573
-55304
-46405
-40028
-36204
-27732
-18744
-4328
4339
5144
-1352
-5820
-11885
-21712
-31193
-42097
-54265
-59128
-59401
-58968
-61264
-62536
-63413
-60528
-54153
-43052
-34373
-25384
-13496
-6080
-384
3879
3551
1803
1463
-1737
-10537
-20485
-29805
-39581
-47164
-55977
-61676
-66393
-66917
-66636
-63801
-55216
-46589
-41581
-30444
-20849
-17373
-13688
-10064
-7568
-5781
-3081
4443
4240
760
-4464
-13980
-25457
-37280
-43573
-49329
-51917
-51197
-47904
-41948
-31804
-22029
-14157
-4517
9796
20003
30503
37504
45892
51283
52307
51183
47436
36936
21184
7139
-5425
-16092
-25768
-28436
-27004
-22588
-18189
-14293
-5869
1396
3235
7327
10927
18563
29511
38887
45783
52827
54495
51495
44636
34723
20992
4663
-8412
-16504
-20408
-25104
-25808
-25392
-21769
-15136
-9441
-5252
-1628
5311
10936
35291
30143
23767
13740
4948
-18461
-23176
-25277
-21548
-17213
-15408
-11884
-6432
-1372
7211
14055
21683
29484
37611
45992
46172
42228
32428
22067
13531
6967
-333
-10933
-21573
-26140
-28468
-28332
-29468
-31420
-31205
-24837
-15124
-6913
1684
10784
20415
30892
42887
48143
48876
43752
34136
21924
9848
531
-8481
-15257
-18960
-22188
-24860
-26000
-26716
-25441
-23568
-20053
-11305
-121
8951
18312
29108
39308
47735
50508
48816
45791
38311
26368
16192
7795
3440
-1908
-7873
-11852
-13540
-16112
-17260
-13772
-8933
-4236
5551
16700
24104
29656
37311
45312
53452
60763
61727
56619
46379
35759
25524
15988
8120
628
-10233
-16004
-21088
-24925
-25564
-24637
-21149
-11565
591
13391
23096
33307
40504
46244
49799
52788
49747
46387
41600
32892
23871
18724
10664
2840
-2436
-11192
-21453
-27813
-27805
-27077
-20317
-10396
-1832
7020
15491
22175
33368
40419
44407
43387
40072
40067
38635
29448
17591
2939
-7925
-10648
-10817
-12841
-19457
-27897
-32005
-27628
-21861
-19113
-14352
-4033
8180
21347
31316
37972
42115
39252
35596
33020
27448
18651
11379
67
-13816
-24756
-28408
-22632
-17120
-20152
-25532
-30996
-27124
-18936
-9164
3111
12896
23203
29588
34732
44544
51896
55275
52348
45391
36203
26256
13680
1956
-9196
-18944
-21809
-20940
-19577
-18761
-19792
-11381
-1560
10143
20392
24247
32348
40352
46816
57467
64976
66736
64531
54887
47368
43276
37432
29631
16276
3324
451
4560
12124
14036
12328
15519
23371
33931
42228
48611
55115
60683
67444
72616
76231
73667
70927
70400
66804
57811
44903
32083
19584
8356
1140
-3621
-7777
-10697
-9920
-3121
6396
16084
22647
28279
39191
51724
60395
62340
58867
51743
44811
42916
39799
33731
25500
19080
12668
6687
-1557
-10329
-16669
-16568
-17640
-13316
-4605
8267
22852
31924
41616
48115
50532
53103
52959
51820
45923
41228
35847
29308
26628
22263
14112
3444
-7793
-18660
-23113
-22917
-17049
-11269
-6701
3360
13215
24943
35432
39120
45691
48779
48660
44903
39724
33832
28795
24200
13547
1335
-6945
-13680
-19057
-24465
-24841
-22829
-17736
-13561
-10357
-2444
8488
21779
34727
42180
47916
54060
58979
61455
58860
51456
42423
33247
24895
15052
6635
-3032
-8909
-12520
-13712
-10244
-5212
-964
4327
9384
18903
29131
36199
41452
47835
53148
56940
56487
52064
45292
35351
25671
15852
6888
-3428
-12541
-19444
-23688
-19920
-21033
-21189
-15309
-6257
3348
14588
27831
39868
47243
52847
59308
63928
61960
55163
50119
42192
31111
20732
10884
-480
-10608
-15700
-21281
-26117
-27561
-26556
-21289
-14501
-6652
904
8687
16556
25992
31128
34067
39355
37867
23536
18620
12879
6095
-2764
-8220
-15316
-21052
-25357
-25853
-21612
-13789
-6553
3720
12652
20451
30539
38000
40507
45031
45147
41572
37800
30191
23580
15771
6963
-4225
-18944
-27441
-38048
-46332
-50396
-53069
-51585
-44145
-33041
-20573
-11976
-7336
-3385
3619
13644
21315
20072
19428
18691
15484
11092
2479
-6868
-16021
-25381
-32512
-41724
-47268
-49780
-48448
-40624
-32076
-23809
-14393
-3021
6940
58128
36027
41619
46403
47588
47600
43247
34963
21076
9023
927
-6864
-13457
-19589
-24432
-28628
-29849
-28289
-22680
-17017
-9925
983
98272
22184
26988
32672
39484
42879
40443
36040
28404
20920
10587
259
-9724
-19501
-27428
-36177
-39957
-42724
-44265
-42592
-38201
-30532
-21453
-11112
-1724
5388
12855
17179
26036
30195
30076
27800
22203
15059
5703
-1808
-11629
-23792
-34545
-39969
-40920
-41585
-42801
-42236
-36652
-29113
-21828
-12272
-4936
2639
9019
13583
20515
24292
23335
19356
14572
9596
1587
-8456
-17784
-25169
-30708
-36089
-42573
-43272
-41228
-38088
-31685
-22916
-12493
-4368
2983
11791
22031
28008
30019
32007
31639
26912
20279
10943
-373
-10008
-22036
-33473
-40396
-44725
-48884
-52228
-51709
-47089
-38704
-30125
-23421
-14865
-5132
2775
9443
14139
19564
22032
22471
18704
13751
5179
-5453
-13545
-23189
-30812
-42245
-51293
-56812
-55372
-56016
-56976
-52756
-45796
-35920
-28453
-24629
-17588
-10432
-5117
-396
1640
528
-4513
-11604
-18472
-27776
-36877
-46589
-55656
-61257
-65937
-68237
-69313
-70537
-68441
-61660
-51264
-39156
-34309
-26633
-17056
-7845
595
6532
9112
6896
1247
-5780
-11740
-19089
-28433
-40057
-50196
-54785
-57368
-61056
-63597
-64109
-60709
-49829
-42241
-34869
-24004
-11384
-893
8131
13072
16199
18104
17740
16615
9691
3400
-3264
-11005
-19133
-25293
-28932
-35493
-39885
-42360
-40384
-35008
-29405
-22637
-13000
-3152
4348
11871
20896
28120
33292
36408
35932
34911
28716
16903
6667
1576
-4621
-10656
-17132
-24144
-29976
-30612
-29181
-23377
-17033
-11560
-3008
8427
21347
31360
41304
47015
45876
44695
45432
42156
34792
25092
15732
9136
4012
-5236
-16869
-28148
-34713
-35440
-35173
-33488
-26924
-19753
-12968
-3624
7123
20587
27364
28576
26712
30212
30183
28199
21951
15443
4399
-4636
-9092
-15300
-23821
-34353
-41196
-37997
-33841
-32677
-33568
-29420
-19081
-6045
2899
8687
18623
26911
31616
31960
32196
31908
26099
15191
5507
-2977
-8045
-13788
-22957
-30204
-33440
-36524
-36508
-30665
-24672
-18788
-8453
4699
19963
31259
39607
44215
47620
53012
53355
45752
39440
32684
26876
19759
7379
-5177
-12192
-15868
-17148
-18033
-18801
-17672
-11904
-764
9851
20124
28448
36915
44371
54232
61376
67836
63440
54307
43508
34272
24827
14468
4056
-8508
-15524
-17888
-20488
-23497
-27981
-24660
-16672
-7572
3096
13584
26704
34188
41796
49936
54735
51187
46412
41771
35052
28564
16236
4827
115
-4080
-10980
-21728
-27476
-28012
-32641
-9396
-4064
84
5395
16144
29572
37664
38008
34988
33188
32571
30336
24856
14699
4400
-4892
-11989
-18664
-26652
-33317
-38820
-45088
-47877
-46044
-36765
-28028
-17685
-5365
4367
14036
23724
28399
27555
26451
22507
18432
14468
7099
-4057
-13613
-19720
-26005
-34157
-40784
-45037
-50977
-52164
-51361
-45080
-33732
-24564
-15093
-5292
7655
15447
18303
18296
17515
23932
28171
21628
9432
-1101
-7049
-10944
-17141
-25896
-36244
-44056
-46764
-45404
-40045
-35585
-26656
-19536
-11529
1391
12019
15723
16196
19263
19475
19636
18519
17040
11207
2108
-7257
-11520
-16376
-22076
-32401
-39761
-40217
-38616
-36153
-32893
-23353
-11201
-3717
5684
21235
25587
29379
27899
23860
18940
10803
2511
-8489
-16509
-26164
-35445
-40420
-42904
-41548
-40553
-37925
-34717
-30337
-21228
-10749
-712
8628
14928
17923
22195
27288
28032
22991
16755
8267
-2124
-12516
-19660
-24496
-30173
-36653
-42924
-42948
-38080
-32832
-25252
-16161
-9192
-3368
6364
17331
29420
35411
36752
37972
37764
33816
29092
23496
14263
4580
-5617
-14377
-17501
-21025
-26165
-27909
-27532
-19932
-10317
-2940
9491
19476
27879
36267
44291
51760
55908
55260
50435
45511
38224
29540
23612
16547
5071
-5448
-11060
-14677
-15469
-15924
-12581
-3420
7432
16475
23499
29787
38803
48092
55287
60976
62152
62436
62356
60131
54203
49823
40539
27067
15472
6563
2703
-3445
-4736
-4620
-1964
7483
17187
24731
32124
43055
50568
56180
60179
61436
60783
60451
57716
49107
40439
31932
21579
12971
4116
-5220
-13244
-18833
-20140
-16673
-13485
-11168
-6372
6584
16727
25823
36124
45871
51528
52207
50936
49591
47624
41191
32271
23515
13960
4804
-6148
-17297
-22133
-24728
-28425
-32188
-29560
-23389
-17181
-8228
4920
15711
24216
31928
40699
45348
46992
46024
43407
37955
29139
18584
9727
451
-7620
-15612
-23172
-26677
-27812
-29244
-28989
-22648
-10949
-460
9200
14803
20987
29487
36783
42827
44384
41647
39395
36408
32719
23328
15119
4824
-4904
-10696
-18573
-20825
-21997
-20560
-17556
-10505
-1624
8616
18327
27435
34451
41999
49388
55156
58523
53040
48204
41548
31859
23000
13647
4368
-273
-6528
-12884
-18469
-17913
-15329
-8733
-4105
2104
9451
19291
25643
32355
38819
44596
48591
52711
52656
47711
41316
33727
24527
13935
2960
-3240
-11617
-21256
-27889
-28441
-24616
-20312
-15972
-9329
-324
6536
14508
23367
31047
36276
40595
41764
39604
34711
24143
11531
-481
-9204
-16512
-26601
-34868
-39273
-38553
-38532
-40712
-39180
-32109
-28536
-25368
-18601
-11141
-2673
6708
15652
21883
26963
25855
22252
15352
8999
632
-7657
-15961
-24676
-34088
-42541
-45661
-42792
-40828
-37628
-32785
-28805
-21404
-10164
-824
6600
15912
24611
28936
32595
35079
31156
27072
20264
11592
1327
-9740
-18760
-29848
-36092
-43101
-46169
-45152
-43569
-36857
-28140
-18685
-10621
-2129
9575
23464
30496
34684
35003
32792
29840
24727
17364
7904
-2660
-14833
-24668
-29509
-31797
-36300
-41552
-39625
-35949
-28257
-17933
-9137
-1516
6403
15227
23240
30292
33923
30528
25939
22912
18143
12407
3192
-3709
-9940
-17441
-25105
-32672
-39020
-40652
-38285
-34660
-27161
-18777
-10093
-1888
8835
18484
27107
33372
36607
41095
43288
41188
36699
28380
18376
11936
5531
-3612
-14652
-21049
-27253
-27881
-24900
-19993
-13460
-9128
-481
7479
17920
27648
34767
40511
44504
45556
43707
39807
30312
19696
8616
-952
-9397
-16741
-25573
-31381
-34049
-34796
-33384
-31460
-26533
-20168
-12092
-2212
7619
17380
26171
32459
36516
41984
42072
32915
23040
12223
4044
-3860
-13004
-24237
-33429
-38976
-43101
-46045
-47061
-43532
-39096
-32144
-25552
-17185
-4821
6963
16063
23280
30576
32931
30983
22991
14655
5660
-5292
-14945
-25589
-34128
-41784
-48532
-53980
-56164
-55856
-55652
-51636
-45564
-37776
-28393
-19577
531
17752
13440
12515
10491
4131
-4105
-13361
-23109
-33373
-39228
-46041
-51809
-57260
-58221
-57540
-53916
-50021
-44308
-37161
-29544
-19745
-9280
3807
13867
18995
22551
26591
25612
18912
11659
723
-11688
-23056
-34897
-43049
-49145
-54677
-55029
-54980
-52828
-47301
-38221
-28109
-18336
-9664
-120
8632
16999
23923
28511
29276
29092
25256
18255
13191
5243
-4437
-13912
-21296
-26041
-26973
-28701
-30517
-29133
-27064
-24757
-16917
-5268
3379
11383
20983
26556
36611
42860
45880
46008
41400
32715
24215
16939
7824
2248
-5453
-12476
-19104
-21068
-20065
-16989
-11260
-1885
7580
17471
28407
35856
43807
54044
63012
67500
68244
68656
68599
65460
58259
49195
39399
31915
23588
15484
9432
3968
135
-1908
-876
2139
12604
22716
31411
36772
45303
52544
59111
61739
61895
60291
57511
49891
39735
29152
20356
12936
4324
-6760
-15513
-19304
-20884
-20524
-17124
-9709
7
8996
16584
24447
30211
37683
44592
48120
49120
47460
43599
37412
28447
17536
4659
-8832
-20020
-26244
-31772
-36745
-38885
-38493
-35204
-30961
-26176
-16040
-5681
3512
8103
14799
22079
28091
33064
33740
25520
16208
6431
-3068
-14204
-25925
-37724
-46501
-50021
-51745
-48736
-45232
-38837
-31769
-21141
-11268
-2040
7491
14019
17092
21119
24672
25748
26100
19816
11883
2236
-7324
-16737
-27504
-34268
-41805
-49228
-51624
-53069
-55908
-56096
-49201
-39313
-30056
-25436
-18277
-7265
2027
9651
14399
13511
12415
9107
4072
-1237
-9348
-18448
-28088
-36853
-45360
-51385
-52721
-55453
-54940
-49473
-39736
-31060
-21481
-10960
-1300
7331
15723
23360
27516
27823
24828
19964
14080
5847
-2244
-14041
-22253
-28312
-35121
-40960
-42356
-43492
-43248
-40273
-34188
-23620
-11064
-560
9040
19487
30756
35663
37876
39084
37116
32923
24291
13684
2736
-6628
-15617
-23569
-30853
-34384
-41008
-42036
-40077
-36621
-30565
-21280
-10508
-1432
7072
15084
23776
30671
35539
36036
33368
29467
24479
15167
6887
-668
-9272
-18289
-25085
-30801
-35537
-34689
-32044
-28077
-22084
-13885
-4225
4763
13123
22179
31155
36860
38712
40324
40447
36483
29767
18564
8071
-2820
-12497
-21424
-28532
-33637
-36453
-37593
-34929
-30473
-24801
-19025
-10424
-2481
5240
11472
19612
27452
29667
28984
26423
20840
14543
6307
-5952
-15576
-25204
-33452
-39525
-44908
-49180
-49260
-49229
-47512
-39553
-32056
-23145
-14469
-6713
1528
10139
16283
17640
18192
16032
11112
3800
-5644
-14865
-24668
-35053
-43529
-48416
-53821
-57152
-58112
-55289
-50993
-42248
-35456
-25492
-13157
-1893
7391
14723
20332
23392
23707
21060
16892
7928
-320
-9576
-19921
-29212
-37300
-47168
-52929
-54277
-55460
-54061
-49728
-42041
-35364
-26232
-16481
-8881
-1196
3783
9127
13759
14388
11991
7952
888
-9588
-18669
-27300
-36809
-45060
-51369
-55872
-59285
-60688
-59164
-56237
-50653
-42608
-31744
-20704
-12644
-7372
-1749
6055
10760
11147
7371
4624
-329
-7289
-16220
-24936
-33985
-42185
-47821
-51873
-54208
-55488
-52536
-45573
-36144
-24889
-16089
-5052
4627
15444
23576
27856
31095
30239
27080
21172
13827
3176
-7352
-19289
-30045
-38701
-46648
-51445
-56685
-58177
-55232
-51716
-46193
-38001
-29396
-19196
-10517
6783
53952
17484
19075
19143
15292
9328
3484
-2805
-10233
-20101
-28245
-34885
-41377
-41469
-41280
-36996
-35029
-29329
-18137
-6977
4435
13236
23043
30047
35796
40132
39612
36992
28840
18951
9975
-433
-8133
-15100
-25037
-32393
-39080
-42816
-45208
-47601
-45780
-40972
-33948
-25904
-17313
-8432
-12
8611
12724
15363
16040
16932
14380
7448
-1149
-9717
-15909
-21296
-27312
-35512
-41881
-44357
-41668
-36769
-30600
-21484
-11925
-3760
3720
15447
25175
32368
37367
38628
38056
36579
29608
21435
12087
-1808
-13676
-25196
-33293
-43288
-47961
-50809
-51117
-47744
-42624
-34028
-26569
-17252
-8340
575
6099
11503
17232
24040
27775
24692
18188
11179
1956
-7121
-17924
-27332
-36120
-42289
-46569
-48060
-46724
-44016
-38077
-33048
-27725
-18573
-8121
-649
5216
9163
12779
17895
18847
15815
9591
3391
-5152
-13049
-20509
-29641
-38701
-43729
-47245
-49721
-48812
-46116
-41344
-30545
-20760
-8964
-1773
8128
19556
29143
36048
39807
42107
42743
39336
34427
27063
20123
11708
4215
-4520
-11029
-15348
-19345
-19588
-18108
-12752
-4584
3900
12676
21916
30008
37896
43144
48492
52155
53435
50283
45800
37908
29511
18103
9892
-365
-11168
-20836
-25232
-28121
-27272
-24080
-20036
-13005
-5521
3164
12507
21616
30380
37432
44240
47540
50668
50723
47288
39359
33556
27380
19028
12548
4755
-2980
-10585
-14580
-16696
-14008
-7741
792
9752
20471
30000
40155
49723
58567
64663
67928
66899
66035
67340
62684
54999
44032
33743
23595
14316
4348
-2632
-7437
-8233
-7460
-2164
5620
15384
23611
30611
39156
48075
55496
62139
63724
65099
64424
60712
53347
45319
35531
26728
16424
9064
2580
-505
-1717
-681
2328
8167
14368
23783
34347
42944
51343
59472
65723
71364
73263
72679
70311
62924
53488
45515
34315
23236
11147
1696
-5752
-11916
-14820
-14469
-13100
-10941
-4033
5652
13251
23240
30324
37460
46356
52519
58116
61883
58803
53448
46768
38183
29008
18443
5724
-5328
-10528
-14748
-18372
-20356
-18745
-15581
-10521
-885
7492
17903
27175
33835
41196
45896
50135
49987
46295
39443
30975
24035
15784
8540
-1653
-12261
-16020
-19957
-20288
-20904
-19424
-15908
-5460
4252
11859
20787
36983
44988
53083
55823
55060
56931
53612
45963
37527
28180
17752
6900
-4268
-15073
-21173
-24356
-27552
-27716
-22972
-16205
-9681
-820
9075
17264
22583
27183
34731
37584
37363
35035
31756
27064
21611
14127
5367
-5284
-11528
-19020
-24548
-27389
-28964
-27017
-21088
-12448
-4089
5620
14895
24528
32171
37828
41055
41492
41208
40447
36536
27963
19023
8307
-2632
-13313
-22272
-29696
-37101
-40897
-40957
-38756
-33560
-26809
-18545
-10613
-1520
8199
17523
24683
28419
29627
32019
33823
31091
25284
18539
10220
3040
-3292
-8524
-17201
-23388
-28173
-27713
-23268
-18392
-13749
-5352
4111
15535
25531
35283
42963
49579
54444
54719
52499
47216
38648
28807
19192
8280
-1153
-10213
-17457
-19900
-22733
-25100
-23880
-19888
-12840
-5925
3587
12800
20659
29004
35135
40143
43603
43900
40279
32831
24899
14428
3980
-3769
-12132
-22416
-30481
-35500
-38301
-37980
-38141
-33412
-26220
-16800
-2761
7659
15047
221592
31596
34519
33379
27747
22340
15224
4719
-5205
-15576
-25133
-32805
-39377
-44313
-48933
-51245
-50992
-46749
-42348
-35176
-27668
-19329
-11536
-2513
5015
8459
12628
14260
12520
6367
28
-6200
-10897
-18588
-29493
-36864
-43305
-49621
-51209
-51632
-51828
-47705
-41716
-30992
-22621
-14448
-5720
5155
11072
14660
17100
21139
20680
15351
7992
363
-7692
-15505
-23612
-31709
-38284
-42017
-42485
-40917
-39436
-35913
-28629
-19593
-11344
-4453
3556
10783
16836
20803
26707
29503
29844
25275
18300
9316
-617
-10504
-19776
-29173
-38628
-45804
-50000
-50601
-46909
-41056
-33380
-23908
-15253
-6192
2100
10719
18583
22288
24951
25436
20904
17147
9079
-1517
-13077
-24165
-32600
-40377
-45845
-50441
-50308
-49468
-45593
-38496
-31672
-23880
-14049
-6217
3251
11339
16876
19840
17344
14100
6595
-1289
-9561
-20636
-31044
-38800
-45849
-52089
-58544
-62632
-64537
-63817
-60877
-53332
-45197
-34692
-22484
-13220
-2313
6459
14760
19555
19336
16948
11647
3359
-5804
-15348
-25413
-37312
-44716
-51597
-57769
-59380
-60572
-58288
-55252
-49440
-41325
-31352
-21224
-12332
-1312
6559
10799
14395
14579
11016
5807
1256
-6061
-12797
-20337
-26609
-34217
-41397
-46241
-50145
-52056
-52604
-47696
-41048
-32724
-19861
-9633
-1920
6488
13484
17151
19240
16191
11760
3367
-5700
-13216
-21077
-30036
-36396
-41697
-47453
-52037
-54052
-52773
-47245
-40100
-33557
-24392
-14260
-4189
6412
14571
22316
27720
27528
26603
24639
20159
11691
1776
-6944
-17869
-25920
-32969
-37997
-39860
-42325
-41729
-38692
-30096
-21481
-10636
-4332
6812
18583
26164
34036
37251
38491
39827
37068
30644
20468
10471
1672
-5469
-13621
-22700
-29057
-33872
-34560
-32509
-28665
-23080
-13680
-4489
7404
16804
24887
33959
42644
48703
48331
49951
46447
40748
33627
23916
16679
6484
-3740
-12788
-19232
-25028
-27509
-26145
-24396
-21136
-12673
-3921
5820
15755
23896
31936
38388
41436
43132
42383
37795
32151
24228
17643
8432
304
-7512
-14624
-20885
-24484
-26521
-26317
-25445
-19400
-13004
-5144
4239
15571
25131
34055
41632
49468
52200
51991
48900
43811
37548
28000
17588
7256
-808
-8452
-15392
-19984
-22565
-27121
-23060
-17441
-10536
-4208
2148
11719
21247
26955
33371
38456
39276
37720
32431
27036
18831
8860
-1949
-11544
-19692
-28801
-38225
-41193
-40697
-39540
-35889
-28056
-19224
-8533
1811
11207
20408
29828
37547
44235
45587
42208
38608
34567
26772
19072
11011
2395
-6156
-13524
-21620
-25580
-27468
-27501
-25393
-19113
-12241
-3633
6291
17115
27980
37048
44232
49819
51372
49872
46479
41339
34659
25240
14807
8039
8
-9580
-15980
-19177
-23984
-25656
-23600
-16817
-9024
-1757
6747
15104
22927
29607
34527
38664
39360
38163
34335
28256
21156
11824
1600
-6660
-15848
-22861
-29741
-32864
-36560
-37401
-34388
-28956
-21820
-11444
-1025
8495
19687
30524
37680
42755
47227
49507
48068
42715
33811
25239
18460
11155
1475
-7365
-15392
-20912
-23697
-24040
-22864
-17868
-11428
-2773
5987
14771
22175
30296
36719
42464
44492
42900
35299
26768
17439
5215
-4320
-15836
-23929
-34029
-43101
-47485
-50321
-51409
-50825
-48268
-40744
-33797
-26481
-19676
-10460
6403
10707
12584
12064
11252
4560
-3596
-11624
-19965
-27633
-35017
-41845
-47924
-51256
-52601
-52252
-48232
-42169
-33493
-23805
-15856
-4192
4808
14111
23864
30611
35155
36055
36443
31896
26075
20376
8039
-1477
-8936
-16416
-22148
-25800
-27537
-28017
-25245
-20045
-13856
-4468
5879
14348
22604
29335
35076
40784
46047
46591
43043
35791
28660
19192
8483
-868
-9924
-17684
-25137
-29433
-31109
-30885
-29748
-24468
-17112
-9693
491
7855
14932
19716
24712
27511
29184
29712
24920
17603
12560
2715
-6568
-15737
-26861
-35604
-42569
-46377
-48160
-49013
-45853
-39932
-30865
-22716
-15241
-7820
-717
6652
12915
17431
19920
20043
18544
11995
4172
-3956
-13932
-26073
-36040
-44625
-50161
-53029
-53556
-53697
-50957
-46017
-39765
-29480
-20356
-12345
-2564
5040
12487
17072
20332
17999
15671
12544
7563
-473
-8492
-15888
-25137
-32004
-38557
-43804
-45076
-44772
-40397
-32961
-26081
-15864
-6057
4236
13263
23792
30640
37307
39816
40179
40820
38228
32047
23936
16019
7083
-1108
-9153
-14749
-17736
-19888
-19289
-15741
-10424
-1484
8752
18208
28867
38136
45471
53831
57264
57847
56907
53420
46096
36135
26535
15956
7263
-3372
-11973
-19044
-25760
-28869
-30788
-27561
-21648
-15340
-8829
-1889
7087
16004
25800
33571
37656
39227
38932
36020
30880
23376
14387
4283
-6057
-16876
-25232
-31252
-36281
-37377
-36573
-32996
-25684
-18552
-8416
34
9995
18963
27636
34896
40388
43863
44755
40491
34515
25875
14456
4424
-6412
-15948
-25837
-33217
-38469
-41157
-38965
-35793
-29777
-23969
-15709
-7960
615
11372
18259
22476
27487
32943
33687
29988
24776
17815
5872
-5669
-17708
-28289
-38169
-46008
-50308
-51952
-52917
-49557
-44361
-37265
-26769
-19713
-11893
-3569
5903
13724
19899
24860
24472
22616
19000
12864
7776
-1704
-10561
-19528
-27796
-32057
-35384
-37197
-36696
-32752
-26209
-20061
-11577
-3237
5428
14772
23531
30712
35827
38011
39075
37255
32816
26008
16507
6972
-2129
-9833
-18956
-27388
-32657
-35360
-35580
-33744
-32109
-24764
-16713
-6236
3032
13548
22647
30896
35216
37448
38292
34191
28715
21203
10928
2071
-7132
-15357
-24140
-30513
-36913
-38940
-38485
-36268
-30833
-25456
-17408
-5893
4231
14200
23360
29476
34499
37220
36344
31443
27608
21744
14872
5431
-5381
-14016
-19657
-27948
-31557
-33784
-34977
-32792
-26472
-15488
-6588
3576
11584
20788
28720
35124
38232
40303
42011
40244
35335
29960
23100
13771
4648
-4893
-12877
-19240
-24001
-26817
-24849
-19057
-11644
-4120
7592
19052
29815
39939
48132
53287
55583
55828
54944
50516
46320
37111
27323
20752
12987
3880
-3721
-7668
-11284
-13628
-12113
-9456
-3377
2780
10616
17520
27524
36560
44427
50619
53671
54216
56259
53983
49275
42592
33979
26008
16788
9548
3284
-4208
-9616
-12192
-11860
-11141
-7501
436
8319
16704
24464
31511
39295
47156
50572
52151
50939
47883
40775
34300
26916
19487
11803
2839
-2576
-8225
-13372
-16981
-18157
-16937
-11672
-4636
4327
13084
22307
32051
39883
47363
52659
55036
54903
52419
47028
38027
30936
19944
12063
4015
-3940
-11105
-18421
-20125
-21724
-19704
-17828
-11785
-1804
9703
20059
30008
44399
50760
54384
53472
50799
43728
35627
26596
17520
8344
20
-7328
-14093
-18849
-22321
-21020
-17060
-11717
-3420
4599
15207
25635
35031
42752
48739
54416
56807
55791
51636
46515
36164
28199
17695
7656
-1073
-8565
-14172
-16560
-17805
-17089
-14733
-8772
-608
9507
18523
27671
38016
44100
50568
54875
57463
55212
51127
44408
36903
26204
15615
6735
-4312
-14701
-20688
-27169
-29505
-30576
-28765
-22656
-14536
-7025
-105
9292
19196
29660
38019
42836
46755
46887
43267
39020
31488
22847
14776
4371
-5177
-12756
-19481
-23700
-25105
-23732
-19032
-12517
-2537
7919
17676
26900
37148
45920
52615
56448
57300
56240
54840
49395
43304
37052
29387
20228
10428
4304
-497
-4173
-7072
-6253
-317
6007
14007
23844
37848
48027
57355
65479
70935
76591
79720
79691
76743
71740
65655
57404
45956
35523
27455
17500
9283
3172
1876
1235
5107
10155
17071
26852
35423
43235
51467
56659
60668
63831
64855
62635
55956
51196
43631
33975
23356
12119
3355
-3900
-10984
-14521
-17161
-18064
-16436
-11480
-4500
2171
9447
16876
25151
34408
39796
44383
44303
41868
36183
30248
22700
12464
2959
-6356
-15112
-23593
-29097
-32924
-35857
-35181
-32905
-26437
-17609
-12268
-3777
3000
10108
17167
21880
24372
26891
23772
22072
17727
12000
3280
-4416
-13473
-21285
-30181
-34441
-37441
-38892
-35881
-31176
-24201
-15056
-7649
-420
8435
16411
22831
29075
32148
33460
34407
30124
24760
19004
11376
6407
-6200
-13896
-21504
-27452
-29184
-32664
-33244
-31164
-26585
-21284
-14404
-4700
4007
12344
21492
27747
30007
30260
29203
23520
14388
5216
