21787
19365
-12342
-26481
-34331
-39644
-36182
-33406
-32203
-30091
-29937
-22313
-14889
-13352
-11518
-9846
-10782
-12758
-6272
8281
14577
13648
10513
2584
-9310
-17054
-21415
-25553
-31337
-34521
-33739
-23579
-16826
-19314
-25761
-26941
-17158
-17727
-16637
-7780
-3563
-22441
-28815
-36819
-45671
-45414
-32512
-22741
-13802
-5780
122
5387
6687
3229
-5926
-11016
-2559
5559
5000
-1224
1921
15871
20051
10457
-1201
-13337
-26136
-37189
-41880
-39055
-32867
-20751
-5528
6773
10986
8982
2392
2005
3506
1440
-2150
76
7364
11177
5965
-1616
-6474
-9022
-6957
-8770
-9575
-7418
-8698
-8473
-14012
-21055
-18822
-13727
-14343
-16242
-12196
-6300
-610
3901
11559
19837
19974
16334
15607
17433
11007
-46
-8537
-10971
-18730
-34416
-42981
-44383
-42961
-37159
-23049
-9478
-3253
-544
1804
651
-1365
-3818
-4929
-364
6275
12136
11966
1801
-7333
-14761
-24004
-29212
-31465
-31106
-27886
-23895
-18763
-20001
-22713
-22255
-18689
-14498
-6339
-1599
424
-591
205
3668
4490
6000
6629
4081
2618
-997
-7331
-12512
-16142
-23943
-32457
-35676
-32702
-28141
-26506
-25097
-21785
-16253
-10359
-6067
-2636
3207
9782
12717
9981
7709
5847
2791
-4310
-11219
-17867
-22250
-25828
-28466
-30058
-30020
-30115
-31066
-25903
-18915
-12166
-6994
-2581
-159
4514
8116
9198
7907
9821
9438
7341
6241
4426
23
-5529
-11742
-16531
-16298
-14364
-15473
-15662
-13551
-12445
-13046
-12884
-11072
-8511
-3792
2674
10175
16896
22027
23002
21635
20102
16681
10916
883
-6875
-10368
-14028
-19102
-20060
-18242
-15776
-15613
-15359
-10370
-7297
-5957
-4556
-3108
3624
8216
8988
10227
11675
10945
9018
6889
1755
-7386
-14773
-18802
-20858
-24835
-27989
-28583
-27569
-25366
-21510
-17750
-16766
-12805
-8123
-1321
2554
9908
13926
11532
11917
11767
9991
4832
2327
-4561
-13869
-16989
-23159
-30316
-31603
-27918
-26801
-26746
-16615
-14612
-16915
-11448
-8142
-5001
-831
8034
9087
7616
16477
15098
10763
13357
6470
-2809
-6744
-10878
-20934
-29965
-29090
-30532
-31974
-25785
-23209
-21939
-15313
-8403
-3388
-271
4290
2732
969
2982
1972
-743
-25
-1634
-5526
-9774
-10743
-15018
-21360
-23330
-27608
-30822
-33782
-33064
-32200
-28250
-23618
-19420
-14055
-7130
-2200
1714
5796
11534
11470
9488
5766
343
-4594
-8330
-12638
-17204
-21808
-22972
-24352
-24651
-22851
-25154
-24100
-18911
-15898
-13142
-10247
-6615
-1719
2893
8070
5802
3452
2184
-914
-4962
-8866
-14046
-20577
-27253
-29621
-31206
-32078
-33199
-32305
-31803
-29890
-24274
-19949
-14543
-8724
-6434
-2183
-305
3181
4234
3400
1916
-621
-3345
-6003
-10282
-16782
-21298
-27099
-30993
-32755
-33558
-35200
-34829
-30523
-26978
-23100
-16855
-12669
-8874
-4070
-34
102
-1424
-1184
-2315
-4221
-6267
-9572
-13453
-18223
-23589
-29126
-32764
-36324
-36669
-34072
-32715
-31610
-28341
-23324
-17060
-11317
-5134
178
2806
7759
8609
8808
7336
6199
2004
-2680
-7619
-11428
-15971
-17941
-21719
-24193
-26481
-25984
-23185
-19365
-13601
-7754
-1712
4981
10692
14506
17159
20609
20897
20367
18643
14934
11325
6978
3435
-946
-5016
-8499
-10694
-11978
-12262
-11004
-9623
-7873
-3893
1077
6365
11419
16767
19326
21679
24626
25075
24716
21722
18349
13514
9263
4671
698
-3873
-7545
-10862
-14014
-15094
-15144
-15410
-14355
-11386
-4817
521
6540
10590
15277
10448
5765
2834
-575
-4073
-13091
-14371
-14025
-13196
-8482
-4324
-2
5133
10569
14109
18866
20361
20238
19031
17905
16866
15376
10764
3651
-4422
-9452
-13470
-15630
-20225
-23943
-25388
-23647
-19145
-14895
-10782
-6703
-1432
4076
9561
13682
14470
13971
14291
14518
15323
12623
8999
3815
-1242
-6374
-11221
-13015
-15670
-16520
-15196
-14396
-10901
-5980
-761
4371
9387
15022
20729
21832
22586
22652
23534
22063
19741
16292
12538
8119
2202
-2736
-5265
-9497
-11240
-13376
-14506
-12267
-9494
-6044
-1679
3400
9386
14260
18471
22307
24678
25623
23312
21030
20820
21062
17425
12947
5246
23
-3882
-7720
-11135
-13009
-12350
-10013
-6620
-2100
1199
5369
10614
16288
21497
23299
24323
23786
22825
21056
19051
15607
12315
7049
1091
-3519
-7044
-9971
-10493
-10265
-10697
-9063
-8664
-6341
-1507
4822
9428
13038
18065
21231
21745
25544
26753
26016
24281
19477
14684
9309
4645
-1049
-8586
-13448
-13140
-12208
-9447
-9168
-9435
-8434
-5006
-435
4220
6479
10066
13261
17949
20034
19481
16235
14736
11823
8810
4450
-1850
-8134
-14797
-19939
-21803
-20591
-16546
-11969
-9927
-6924
-5491
-2324
2440
9237
13938
17111
19343
20208
20550
19556
19019
17619
15044
11599
5991
-138
-4465
-8849
-11017
-10507
-9714
-5073
-1122
4303
7902
10829
16601
22342
28971
31147
32283
33695
33120
32305
29139
25948
21736
16862
11137
6911
4229
2544
-1200
-5923
-5247
-1629
3719
9046
11476
14247
17722
24186
29688
33729
35167
35040
33773
33410
29878
25685
22008
18119
13522
10115
6175
2323
-572
-3766
-2717
-2048
387
3773
6736
12703
18186
24686
27991
30522
32289
30738
28621
26944
22352
15751
10089
5939
4140
396
-5008
-8144
-9461
-10223
-11024
-11519
-8895
-4107
-111
2929
8629
14847
20907
24971
27259
26998
25378
24244
22019
18089
13531
7588
1120
-2792
-4761
-7469
-9950
-12567
-14650
-14334
-12243
-8110
-3456
2800
7005
11129
16683
20573
23231
23003
20478
19078
16516
11770
6275
761
-3644
-6334
-10041
-14104
-16512
-15983
-15204
-12985
-9277
-4990
511
5502
8040
11565
16354
19776
22153
24202
24999
23820
21414
19511
16667
11228
4804
-2604
-6390
-9783
-12486
-13949
-12464
-8567
-4150
200
5257
9187
12594
15122
19928
25139
26213
26484
24767
23675
21083
17628
13843
8761
3385
-1177
-4645
-6816
-8502
-9559
-10221
-9656
-5520
-2402
1480
5417
10850
16443
20059
22803
24868
26310
25878
24079
20441
16501
9839
4851
210
-2768
-6668
-9928
-13129
-14546
-13102
-10315
-6845
-2833
2799
6016
10647
15502
18707
21873
22215
22071
23315
21816
20259
5393
1234
-2594
-6344
-9795
-12761
-14262
-14506
-12603
-9714
-7104
-3092
2827
7575
10759
14260
19180
21613
24211
22143
22069
17777
12390
8963
2550
-2775
-6736
-10748
-14040
-17804
-19037
-18970
-17687
-15546
-14524
-11139
-5061
1839
7592
12503
14457
15459
15792
16210
14954
11089
5884
659
-5640
-9171
-12829
-16063
-18466
-20337
-19354
-20141
-18641
-16537
-13065
-5488
1109
6983
10880
14392
41916
22863
23662
21756
19637
16246
12596
6850
1722
-4996
-10585
-13869
-14068
-13684
-14440
-14294
-11804
-5682
-1391
3005
7164
11307
28204
19017
22751
22329
19820
18475
16185
12804
7477
1202
-6241
-11853
-15660
-17818
-20846
-22812
-24233
-22837
-19789
-15887
-10949
-6874
-1991
3914
10203
14648
16872
15899
13711
13889
12829
9893
4152
-2011
-5395
-8979
-13319
-17124
-21174
-23601
-23920
-21666
-18539
-16627
-12145
-6608
311
7054
11741
15266
15683
15971
14856
15390
13253
8850
4039
-221
-4679
-8172
-11845
-16014
-17292
-17853
-17560
-15993
-14013
-11425
-6743
-1118
4920
9976
14381
18331
20862
21646
20760
17576
13211
10261
4059
-1256
-6444
-13347
-17574
-20625
-23120
-24374
-22399
-22939
-22477
-18635
-12158
-7183
-2379
1434
5262
8529
9465
11844
12255
10652
8341
2971
-2261
-6794
-13262
-19073
-23426
-26215
-27973
-29238
-30209
-28851
-26620
-23472
-18756
-12480
-6361
-1134
1759
4269
5348
5922
6051
3214
646
-4523
-9824
-15276
-20216
-23894
-27457
-31055
-33107
-34165
-32159
-29250
-26522
-23301
-17849
-13146
-7168
-3251
-176
3528
6659
6611
5664
5751
3437
-430
-7135
-12324
-17556
-23253
-27349
-29732
-31023
-31203
-31196
-29429
-26918
-21052
-15972
-10396
-5254
-852
2638
6116
7996
9959
9327
7591
6125
2917
-1568
-6006
-11199
-15303
-18700
-20595
-22961
-23978
-23258
-21374
-18149
-13728
-8287
-2867
3307
8146
15391
19346
21672
20643
19522
20089
18871
15830
11012
6046
1183
-3355
-5781
-9876
-11004
-11538
-11978
-11002
-6727
-2698
602
5897
10641
15884
19995
23000
22950
24037
22612
19411
14692
8811
4721
361
-4358
-8562
-12328
-15226
-17622
-18091
-18068
-17068
-15459
-12489
-9590
-4344
1999
8438
12054
15827
19684
19726
17956
16452
14339
8596
2400
-2237
-6874
-11513
-15834
-19696
-22252
-22448
-23183
-21305
-16319
-10989
-6312
-2887
1221
6092
13829
20416
24785
24855
23715
20218
17598
14925
10291
3331
-2152
-6285
-10359
-14820
-17771
-17722
-16021
-12768
-10927
-8554
-2283
2024
7928
12448
15874
19333
21650
21158
19182
17967
16116
11304
4587
-773
-5286
-6906
-10225
-14567
-16212
-16234
-16007
-12501
-8486
-3948
-832
4260
9188
15490
18399
20336
22068
24480
26127
24153
20325
15326
11838
7588
840
-3826
-6502
-10637
-12294
-12979
-11136
-8684
-6544
-3866
616
7874
13812
17472
21612
25042
28070
28122
26561
25725
23919
19175
15274
8829
3133
650
-2517
-4666
-7919
-10101
-12247
-11743
-10348
-893
3369
8893
14507
19076
21454
22059
22135
20326
17867
13397
8394
4744
-563
-6113
-10918
-14738
-17319
-19009
-18535
-17558
-16980
-17568
-15716
-10073
-3196
3000
8109
12378
14292
17036
16862
16441
13674
8683
3442
-966
-5161
-10139
-14478
-19126
-22235
-22511
-24425
-25528
-25190
-23920
-18387
-13364
-7873
-2409
3368
9011
12432
14563
14350
10665
6762
5392
5414
2341
-2650
-9432
-14632
-18893
-18708
-19294
-21037
-22949
-21984
-19878
-14879
-9783
-3949
2737
6880
10918
15049
17076
15457
12403
10012
7321
3943
677
-5040
-8148
-12824
-16198
-20258
-22846
-23858
-24773
-24949
-20963
-15514
-8217
-4248
963
6399
11973
15355
14885
12618
10040
7910
3545
-693
-7641
-12478
-17115
-21897
-24345
-25527
-24596
-22769
-20234
-16657
-12649
-7298
-1650
2592
6470
9915
10040
11328
10491
9313
5547
2651
-360
-4919
-10837
-15953
-18077
-20443
-22091
-23349
-22101
-19767
-16275
-12013
-7654
-3092
1372
6362
11968
14250
16914
20369
19066
17260
13455
8676
6011
-68
-6119
-12963
-16896
-18726
-18248
-16994
-11558
-8112
-3868
686
5395
10275
15429
19606
22571
23931
25336
25870
24938
21729
16415
12278
7971
3542
177
-4580
-8029
-9341
-10142
-8434
-6598
-3588
891
6098
13122
19986
24988
28463
31864
34551
33279
31905
30410
27239
22899
17544
12482
9851
6395
2219
-2542
-5846
-6550
-5637
-3641
-2165
1721
7907
11740
16111
20466
25303
27627
30990
30488
30033
28395
24663
20792
15043
8809
4203
962
-3236
-7553
-10081
-10646
-10300
-9070
-5278
-2426
2783
8111
11697
14849
20046
22096
23731
23764
23050
19940
17126
12333
6506
1129
-5042
-8360
-13283
-16199
-18693
-18138
-16121
-12184
-10300
-5661
-728
6050
13566
17022
20810
22992
25222
27066
24813
23154
18952
13243
7205
1844
-3787
-8879
-12079
-14054
-15846
-15321
-13117
-11598
-8173
-4673
378
4774
10595
15412
19772
22045
24829
25417
24341
22970
20194
15395
10005
4817
-1335
-6272
-10389
-14139
-15694
-16661
-16199
-14335
-10901
-6133
-1569
3423
7007
11783
15281
19390
21089
21831
21819
20550
17761
14319
8836
2992
-1229
-6494
-10184
-11936
-13569
-12534
-11457
-9197
-5720
-765
5235
10638
16088
20391
24051
26905
28619
29613
29606
27612
23779
18018
12443
6630
2073
-3386
-8681
-12016
-13543
-14585
-14388
-12137
-9255
-6058
-2775
416
4763
8283
11898
14885
16573
16213
15207
12825
11136
7880
2330
-3826
-10941
-16429
-21371
-24639
-27090
-26953
-25801
-23538
-21112
-17294
-12449
-5694
-176
5029
8554
12212
12911
13013
11878
10768
8489
4491
-1954
-7887
-12414
-16969
-20292
-25421
-26935
-27923
-26503
-23721
-20237
-15551
-8837
-1465
3487
7121
11776
14945
17233
17363
15832
13056
10637
7026
3286
-65
-5514
-10988
-15515
-18915
-19142
-19353
-18856
-14797
-12779
-9334
-6368
-1245
3874
7962
11989
15222
16839
17394
15503
13499
10269
4410
-1620
-6447
-11848
-15949
-19766
-23634
-24957
-24559
-23327
-19966
-15868
-12343
-8183
-3928
2236
7883
12217
14759
16134
17718
16219
13567
10540
5177
577
-4920
-9415
-12798
-15323
-18548
-20982
-21753
-19867
-17377
-13434
-9977
-5531
-413
7018
13301
18663
21040
23726
24417
23677
21204
17808
13148
8803
3566
-2779
-7338
-11774
-14076
-15992
-15097
-15631
-13120
-8898
-4063
860
5798
9846
12793
15702
17238
19213
20767
20106
18900
16180
11280
6540
2136
-2817
-7989
-12315
-16032
-18016
-17819
-16454
-14424
-12953
-7818
-1958
3554
8798
12364
15310
17575
18094
18652
18372
16307
14127
8278
2943
-1926
-6326
-11196
-16737
-21292
-23602
-22660
-21290
-18753
-14991
-10037
-4829
-417
4088
8171
10801
12337
12862
13046
10438
8332
3879
-1007
-6570
-11112
-16784
-21336
-25071
-28217
-30812
-30464
-30375
-29115
-26728
-22749
-17871
-11099
-4600
-252
2749
6471
11852
5655
4517
2068
-2388
-7650
-12833
-17284
-22434
-26725
-30788
-32537
-32598
-31596
-30345
-26056
-22047
-17835
-11738
-5596
-1391
2621
6938
7979
7311
7728
5945
2610
1575
-2986
-7203
-11683
-15005
-18150
-19918
-21906
-22855
-22687
-20271
-18050
-12814
-7759
-3033
2065
7210
11609
15808
16618
15707
14218
11992
9647
6842
2856
-1322
-6842
-10503
-14184
-17241
-19608
-19812
-19921
-18727
-15682
-11053
-4705
2394
9597
15460
20535
24309
27239
27510
27749
25219
21023
17166
12719
7614
3636
-2412
-6515
-8520
-10238
-10145
-9135
-6920
-1947
2435
9560
17143
23875
30549
33777
36200
38224
40378
39894
37768
31599
27607
22324
17726
10323
4578
245
-1446
-2771
-2315
-2322
529
4053
8137
11843
16909
24275
27617
29929
31951
32743
33016
31608
28821
25081
19925
13884
7145
1470
-2709
-5683
-7827
-9289
-10482
-10832
-8747
-7151
-1444
4187
8283
12615
16177
20846
23889
24913
24893
22447
18788
15702
11838
6218
1676
-4452
-10338
-15021
-17969
-19320
-18777
-16826
-15749
-14403
-11000
-6644
-2025
3765
8695
11636
14609
17023
15964
14848
13015
9447
5576
573
-3262
-7872
-13434
-18124
-21077
-22688
-22592
-21592
-19593
-16826
-12705
-7973
-3553
2118
6999
9566
13094
14390
13677
12624
9011
5064
587
-2927
-8370
-14297
-20642
-24372
-25916
-26211
-26461
-25077
-23247
-19027
-13627
-7912
-4517
279
6703
10900
12968
14075
14532
14518
13451
11304
6679
2564
-3498
-8929
-13033
-17668
-19756
-22543
-23695
-22393
-19603
-15513
-12045
-7050
-1893
3582
7686
12005
14130
15477
14619
13916
10814
8821
5681
2182
-2751
-6819
-11167
-15879
-17965
-19275
-19669
-17630
-14833
-12498
-7526
-3914
2720
6811
11201
14306
16240
17624
17963
16784
14376
11016
6633
1645
-3006
-7847
-13316
-17030
-20000
-20879
-22176
-21275
-18950
-14789
-9802
-4065
1946
7376
11377
13437
15625
17631
18772
17308
14066
10908
6093
1798
-2364
-6186
-10161
-14258
-18390
-19254
-20268
-19876
-17420
-14345
-9230
-3663
1335
6075
11282
15814
19465
21905
22579
21215
19265
16001
11205
4205
-1467
-5876
-11452
-15218
-17857
-20365
-20891
-21085
-19121
-15419
-11751
-8278
-3266
982
4363
8535
12462
13901
14401
14351
12386
8839
3880
-426
-5416
-10235
-14361
-18893
-21058
-23290
-23570
-23567
-21224
-18347
-13097
-8006
-3385
819
6115
10673
13697
15181
14393
12688
9804
3939
-1456
-5635
-11840
-15458
-20234
-23644
-26147
-27623
-27285
-24273
-21741
-18682
-14938
-9919
-3276
863
6454
10491
13422
15111
16314
15869
12544
8600
3729
176
-4529
-10222
-15041
-18351
-21284
-23231
-22792
-21700
-20126
-17707
-12478
-8281
-3445
2592
7451
11472
14049
13800
13538
11274
8579
4615
374
-4882
-11556
-17711
-22434
-26521
-29203
-30574
-30596
-29410
-29156
-26856
-22452
-15988
-10870
-5136
91
3822
7839
10794
11214
10332
7517
3593
-1273
-6189
-11579
-16303
-21001
-23848
-26385
-27179
-27676
-25669
-23309
-20357
-14794
-9084
-3436
2549
5793
9211
12464
14581
13510
11614
9169
5559
1643
-4116
-9300
-15638
-21151
-24615
-27707
-29472
-29686
-28028
-26023
-22814
-17862
-13319
-8182
-2644
2676
7592
14570
30172
14712
12487
8801
3830
152
-4411
-10381
-14900
-17639
-18498
-19583
-18846
-16975
-14538
-9162
-5791
-509
4754
9623
14445
18043
21225
22936
22850
21081
19226
14152
8586
2557
-4206
-11792
-15042
-18101
-20480
-23297
-22334
-21648
-19048
-15990
-11847
-7467
-2681
2978
7495
12121
13963
14585
15855
15070
11639
8112
4316
-1530
-7671
-11005
-15985
-18432
-19674
-20790
-19207
-18208
-15989
-12665
-8831
-4480
543
6582
10505
13257
16015
17613
18155
17960
16834
12272
7060
2340
-2368
-5795
-9558
-15006
-18311
-19592
-20156
-18619
-16220
-14158
-10268
-6133
-423
3737
8005
10930
13862
15071
15117
14247
11368
9017
3355
-2143
-8430
-14460
-18878
-22890
-25797
-27957
-26708
-25567
-24092
-19831
-15115
-9580
-3893
17
3824
8462
12565
13512
13468
14163
11637
7833
3692
-1651
-7174
-12066
-16466
-19832
-22245
-23703
-22585
-21814
-19515
-15876
-11252
-4862
2062
7992
13274
18495
22121
24427
24486
24948
23110
19716
15794
10544
4550
-1624
-6041
-8805
-10930
-12836
-11865
-11177
-7953
-3421
1592
5852
12285
16910
22022
25957
27979
27848
27749
26358
23951
20053
14754
9364
3779
-2233
-5777
-9562
-11944
-13584
-12982
-11306
-8145
-3958
-10
6106
10758
16380
20848
25042
29189
30749
29836
27824
25770
23097
18423
11957
6666
1402
-2799
-6089
-8860
-8442
-9270
-7893
-5068
-1576
1951
8023
13576
18559
23778
28439
31983
34695
33831
31422
28785
24577
19221
13764
8753
3700
-1886
-5984
-6557
-6441
-7158
-6175
-3696
-926
1977
7746
13704
18203
23233
26829
30715
32643
33085
32098
29885
26570
21018
15989
10552
4772
875
-2138
-4621
-5652
-5193
-3762
-1137
725
5656
9625
13575
16926
21773
26040
29064
30478
29140
28957
27737
24423
19961
12766
7500
2014
-3081
-6741
-10181
-11687
-11081
-9446
-6502
-3047
1387
4299
10096
15970
20295
24341
26075
27602
28290
26984
23512
20039
15719
9556
4045
-737
-4354
-7683
-10558
-11521
-12219
-11311
-8583
-5408
-1762
2609
7947
14867
19554
22083
23054
24847
25896
25443
23415
18592
14160
9635
6204
1867
-2449
-7072
-10440
-11771
-11136
-10752
-7586
-3821
875
6384
12419
18412
22059
27327
28717
29356
26574
24073
19104
13053
7709
2106
-2980
-7709
-12108
-15274
-15622
-14833
-12844
-10672
-8926
-3391
2174
6590
11171
14950
16753
20103
21972
21282
19932
17321
12549
8599
3511
-1864
-6477
-10961
-14669
-15632
-16682
-17003
-15413
-11494
-7479
-1404
5103
9829
14942
18875
22166
25323
25789
25715
23196
20168
14816
9514
4106
-982
-6467
-11151
-13988
-16047
-18282
-17943
-18059
-15104
-10914
-5744
-1514
3368
8578
13751
17400
20096
19757
19603
16175
13675
9817
5408
589
-4577
-9487
-11931
-13479
-15968
-16160
-15938
-14644
-11558
-6435
-1237
4502
9573
15063
20768
24070
26013
26538
27505
26015
23269
18511
12669
6258
-377
-5824
-10131
-14126
-14747
-16110
-15102
-14185
-10283
-5680
-735
4143
9074
14605
18962
21567
24888
27682
26448
24169
22178
18525
12746
5619
544
-4127
-10212
-12521
-14943
-15411
-16872
-14961
-12297
-8919
-6075
-2485
1774
6517
8902
11170
31116
15577
14079
11994
7294
1625
-4075
-9821
-15001
-20343
-24813
-28062
-30132
-30518
-29702
-27426
-24445
-20045
-15260
-9344
-4327
472
5648
7712
10359
10576
10002
7456
3672
-1746
-7529
-12874
-17832
-22033
-27190
-29493
-31925
-31130
-29741
-27521
-23527
-18388
-12985
-8005
-1129
4869
8958
11984
13104
13774
12126
10508
7490
3150
-1428
-7078
-11398
-15597
-18396
-20903
-22365
-21120
-19757
-17099
-13174
-7768
-2436
2486
7693
11136
14718
16455
17196
17696
15795
13041
9216
5249
-216
-5434
-10886
-16276
-20239
-24033
-24745
-24939
-24832
-22046
-17118
-10980
-5377
-322
6270
11149
15239
17095
18371
18374
16010
13731
6693
2303
-2687
-6483
-12118
-15735
-17454
-18933
-18784
-18594
-15474
-11852
-8026
-2797
2540
6429
9766
12031
13837
13470
12746
9830
6957
1152
-3418
-8392
-13655
-18692
-23563
-26039
-28203
-28701
-28856
-27278
-24495
-20594
-16379
-10306
-5975
-651
2895
6963
10705
11464
11256
10105
7396
3935
-2684
-6554
-11896
-16431
-21748
-25898
-26868
-28616
-28075
-26164
-22956
-19660
-15198
-9863
-4525
727
5823
9539
13183
14564
14704
12922
8810
4874
634
-4416
-9773
-14252
-19174
-22448
-24761
-25841
-26738
-24757
-22841
-18847
-14655
-9531
-4333
133
4372
8415
10780
11477
10876
9144
6393
3140
-1119
-5881
-10522
-15568
-18111
-21330
-23653
-25169
-24709
-24103
-22040
-18898
-14859
-10169
-4242
861
5430
9193
11784
13816
12899
10206
7582
3970
171
-5221
-10257
-14375
-17512
-20554
-24015
-25428
-24822
-24188
-20425
-15997
-11184
-5787
270
5895
12053
16703
19414
21027
21423
19080
16158
11931
7053
2345
-2858
-7428
-11085
-12950
-14820
-15425
-15865
-13018
-10289
-5897
-1985
3037
7663
12487
17697
21424
23443
24668
24063
22774
19473
16490
11771
5874
503
-4200
-9371
-14152
-15956
-16984
-16733
-15259
-12305
-8555
-3853
1872
7386
12990
18509
21551
24046
25691
25147
24517
21604
16936
11974
7671
2622
-2683
-6580
-10224
-12988
-13690
-13245
-11608
-8640
-4334
1167
7783
13493
18951
22290
25747
26498
27524
26976
24510
21291
17414
12979
8498
2938
-3605
-7624
-11401
-13512
-14000
-13607
-12368
-11043
-7149
-2682
2201
8060
13499
16806
19292
21218
22005
20630
19548
16063
12195
8398
3121
-1728
-6586
-9638
-13023
-14536
-15674
-15924
-14523
-10418
-5270
-860
4886
9429
14121
19575
23544
26321
25383
24414
21768
17884
14602
9202
3951
-596
-5182
-9072
-12259
-14174
-15018
-14975
-13048
-12027
-7727
-3322
1587
6792
12925
17396
21921
25791
27275
27476
24529
21259
18653
13777
8087
1685
-3338
-8188
-11848
-13461
-15218
-14749
-12813
-10714
-6549
-2678
2909
7585
13381
17378
20036
21393
23269
21104
19517
16551
12338
6753
729
-5151
-9743
-13381
-16842
-17569
-16958
-15344
-13513
-9807
-4279
-358
4939
10260
14271
19322
22840
25852
27052
26997
25038
22068
18933
14833
8671
3197
-2925
-7628
-10876
-12547
-13050
-13032
-10219
-7738
-4046
-56
4859
9461
15641
19282
22287
24548
26672
26629
24809
21374
17205
12435
5945
-54
-4897
-10921
-15925
-19390
-21229
-22165
-21350
-19411
-15340
-11636
-7938
-2848
2017
6776
9705
12917
12130
10151
7373
2687
-1515
-6718
-12149
-18349
-21616
-24264
-25605
-26309
-25761
-24072
-20310
-16885
-11843
-5367
605
6248
11327
15808
19141
21073
20011
17936
16605
12679
8584
3240
-1911
-6288
-9707
-12151
-14269
-15432
-15572
-12804
-10349
-6168
-1461
3385
8320
14134
18299
21723
23145
23182
22245
19971
17957
13819
9581
4626
-1061
-5315
-8854
-12424
-14206
-16542
-14848
-14135
-11708
-8004
-2712
2849
7486
12397
16626
19391
21164
21668
20001
17728
14209
8620
4516
-1100
-6244
-10876
-16413
-18958
-21882
-22851
-22154
-21253
-18749
-15170
-11404
-5924
-157
5295
8005
13150
14765
15155
14440
11942
9302
5659
116
-6711
-13401
-18825
-23009
-26305
-28939
-30439
-29747
-28327
-24903
-19726
-15046
-10192
-3712
1500
6434
9549
12770
14454
13695
12187
10258
6771
1331
-3615
-9042
-13781
-17418
-19157
-21427
-22836
-20164
-17494
-14138
-10318
-5617
947
6820
12581
16773
20913
23403
23810
23669
22244
18694
14899
11182
6311
1313
-3446
-7013
-10313
-11933
-11974
-11298
-10091
-7042
-2826
1869
7381
12687
16964
21736
25285
26760
27947
28279
26143
22488
18828
13024
7753
991
-4441
-9330
-14006
-17117
-18393
-18732
-17887
-15649
-11237
-6106
232
6227
10808
15948
19182
21396
21144
20384
17966
14224
11012
7048
821
-3871
-9174
-12248
-14901
-16746
-17765
-17122
-14669
-11703
-8026
-2891
1642
6856
11769
15540
19301
21695
21115
20082
16916
13683
11772
7419
1074
-4566
-9158
-13883
-17154
-18570
-19465
-19717
-18237
-15438
-10442
-5120
-267
5117
9692
13717
17134
19456
19287
19533
16829
14390
10345
5627
926
-5440
-10034
-13963
-18167
-19994
-21649
-20885
-18987
-16138
-11735
-6018
-1541
4114
8819
14831
18853
20989
22140
21618
20403
17362
14713
10590
4929
437
-4680
-8590
-9806
-12017
-12945
-13026
-11687
-10171
-5221
-1396
3607
8420
13004
17510
21190
24695
25779
24728
23124
19880
15507
9342
4056
-2810
-7537
-12456
-15965
-18525
-18697
-18574
-15657
-12550
-8244
-3133
2418
7473
12573
16432
19111
20978
20850
20404
18472
16140
12376
8359
3343
-2016
-7491
-10982
-14927
-16638
-17902
-17558
-17067
-13649
-10325
-5815
45
5116
9150
14047
17386
18698
18845
18256
16853
14745
11726
6790
2136
-2912
-6641
-11321
-15156
-17729
-18550
-17534
-15519
-13200
-7636
-1702
5660
10759
15923
19815
24368
26526
27117
26494
26122
24353
21365
16952
11874
7548
1820
-2133
-6346
-7459
-8826
-7312
-6025
-2743
1710
6231
10650
16109
21512
25049
28505
29424
30476
29673
27502
23901
19237
13951
7855
3253
-2204
-7062
-11574
-13321
-15277
-14252
-11886
-7578
-3949
1011
7552
13492
19464
23783
27755
30401
30851
30225
28491
25644
22246
16930
11283
6278
2203
-1929
-5357
-7502
-8080
-6536
-4346
-16
3162
9203
14321
19499
23699
27624
30231
31119
30208
28721
25538
21794
16651
12327
7192
2144
-3048
-6449
-9707
-12058
-12654
-10893
-7095
-4245
-479
4009
9983
15424
20055
23201
25587
27104
27681
26204
23697
19507
15903
11554
5815
424
-3781
-7223
-9713
-12038
-11509
-11595
-9443
-6552
-2160
3292
7966
12355
15378
18842
21900
23639
24000
21375
19047
14676
10234
4811
-1788
-6951
-10752
-14176
-15753
-16330
-14768
-12737
-8494
-3542
1734
7229
12774
17262
21453
24579
25888
27313
26902
25550
22241
19625
14468
9149
4797
613
-4309
-7994
-10394
-11238
-11150
-8497
-5099
-1077
4208
9183
15450
20842
23931
27082
27438
27649
28748
27063
23153
18876
13270
6919
1492
-2933
-7102
-10727
-13854
-14611
-14389
-13948
-12129
-6953
-2356
3042
8720
14874
19362
22723
25018
25230
24242
22722
19219
15818
10970
5789
198
-4472
-7799
-11962
-13554
-14057
-13743
-11671
-8380
-5240
1038
6667
12034
17310
21058
25489
28160
29613
28604
27062
23777
18787
13826
9096
4008
354
-3246
-5395
-6733
-5642
-5001
-2525
1305
5178
10390
16620
22466
27756
31135
34553
37685
38860
39063
36973
33641
29148
23019
18571
12513
7810
3336
-652
-1861
-2551
-602
553
4673
7511
11395
16112
21258
24868
28440
31442
32877
32653
32047
28807
25416
21702
16136
9975
4746
-695
-4617
-7764
-11713
-12426
-11527
-9699
-6571
-2005
2183
8131
12391
16119
20360
23577
24878
25976
24351
21476
17703
13867
8821
3026
-3046
-9780
-14492
-18002
-19755
-19942
-20255
-18954
-16451
-11875
-8008
-2128
2238
7282
11409
14401
16298
17648
16902
14536
10046
4857
340
-6088
-10571
-16390
-20671
-23222
-25780
-26287
-24673
-22193
-17638
-13546
-8331
-3275
1789
7138
11652
15897
18285
19567
19700
17578
14819
9635
5726
-1342
-6755
-20404
-14793
-18741
-20819
-22213
-21692
-18141
-16085
-11686
-8007
-1771
3462
8184
11455
14028
16543
17927
16398
14022
10166
5806
75
-5239
