-3601
4708
3915779
7380
8547
8659
3939
907
1708
3576
6403
-8232
-25325
-38277
-56832
-74692
-83692
-87936
-91784
-93433
-80289
-66949
-59989
-46869
-25316
-444
3200
-5673
-4913
-5145
-6996
-5432
-3468
1839
-3464
-17757
-29472
-45669
-56141
-71353
-86881
6071
11423
22016
13583
-1056
-6317
-5205
-3216
-8256
-13825
-21301
-39868
-45680
-47553
-56260
-66233
-78112
-85621
-74497
-39929
-7453
12152
27843
40731
39019
27668
23896
20248
13060
1376
-19436
-33212
-31945
-18213
1448
9196
-4428
-32304
-54293
-62649
-62837
-67392
-72300
-56233
-11848
33904
60719
73192
81879
70771
44155
18632
-2241
-13244
-6381
-3201
-12401
-27265
-44417
-49605
-47300
-43824
-43752
-40921
-26648
-23397
-34157
-40229
-28788
-6881
2091
2495
-4248
4091
27816
35884
26300
20936
20951
16612
4756
-957
-3132
-19253
-48329
-69341
-71133
-68913
-80805
-88040
-76973
-53241
-26201
1672
18459
19968
9504
2643
27
1095
7964
15224
8512
-8641
-18196
-24200
-24781
-33304
-61289
-84064
-83616
-74161
-68513
-53648
-39148
-26429
-15589
-8652
5156
18820
21388
18787
19484
18091
9380
3419
1099
-2581
-12884
-28481
-39684
-47060
-64901
-79717
-76848
-67780
-62493
-52553
-32989
-14672
-13477
-22084
-24892
-21416
-13553
7284
32408
42635
43236
38388
26172
9968
-8892
-29144
-45396
-53329
-52109
-44673
-38613
-31345
-26396
-30404
-27025
-16684
-7965
-1761
575
4319
17599
32555
40935
40063
37420
35615
29932
23699
9776
-7112
-21933
-38161
-45512
-44376
-41337
-37657
-29337
-21252
-16748
-10681
-8380
-6428
-628
9988
17179
25304
37991
45183
45335
40820
34724
24051
4615
-15213
-30412
-38060
-40848
-48141
-57040
-61193
-54421
-40709
-26533
-17784
-13149
-6484
6275
15523
20516
24199
22280
19032
13584
6951
4987
3567
-6780
-19753
-30645
-39961
-47481
-57624
-67309
-71760
-66561
-52556
-37997
-24916
-13880
-5468
2956
8815
16228
22588
26104
21136
21772
21672
12691
1939
-9217
-20161
-29588
-34188
-42596
-55149
-57068
-55665
-56224
-48697
-31720
-18500
-12848
4032
13904
15120
23152
26940
25191
23652
28124
25040
13268
5848
-6897
-25164
-29760
-33729
-47132
-60689
-67209
-69472
-63184
-52800
-49228
-49297
-37409
-23036
-11308
3028
14864
17655
17984
19552
11139
31
-7804
-13709
-21405
-27037
-33644
-41913
-46761
-48476
-48881
-46137
-44981
-42249
-38048
-30913
-18741
-7852
5196
15851
18376
22471
26743
26291
21196
17368
10075
-2125
-14192
-25437
-38077
-49068
-55616
-60729
-63041
-57897
-51425
-45521
-37917
-26721
-18241
-10028
655
5687
11299
20075
24207
19279
16371
10915
-3200
-19217
-27109
-38224
-49448
-55164
-63472
-69852
-65488
-62600
-63592
-57553
-48293
-41009
-32112
-24112
-13940
-4312
6168
11480
11183
8267
4467
1280
-6773
-23493
-37224
-51161
-61064
-70480
-80544
-84029
-83001
-83496
-81621
-74188
-70536
-66437
-57313
-44732
-36313
-23604
-11097
-3189
4607
5923
2236
-4173
-12420
-24824
-37337
-45056
-49093
-53456
-55196
-55296
-54921
-52500
-50565
-44640
-38920
-34792
-26972
-13281
1519
13455
20580
23416
30048
32391
29007
22504
12651
423
-10976
-22344
-29117
-35821
-39768
-44328
-45457
-43385
-41688
-39124
-32516
-24353
-10032
4543
19211
30899
40808
49272
52080
51767
47419
37740
28163
17803
4835
-4776
-14548
-24236
-30557
-32900
-33704
-35156
-33661
-28413
-20000
-7949
6752
20491
27879
33819
38595
42391
44431
42507
35927
28031
20035
14224
6380
-2701
-11409
-16301
-21964
-28964
5776
19424
28479
39060
45500
38184
31520
21368
10435
807
-6380
-13304
-22632
-27456
-31089
-33025
-35281
-37369
-32328
-25068
-14421
-2984
6359
20527
26564
28939
29840
30495
33035
28127
21792
11680
-508
-10936
-19785
-26560
-35649
-42512
-47357
-50844
-51536
-51952
-45829
-36904
-23001
-6016
10796
23564
35180
43103
50548
49703
48747
44763
40452
35444
26323
16840
6868
2524
-5093
-13060
-18717
-20581
-21436
-21772
-18389
-13088
-3185
4387
12916
28259
39736
44768
43196
45620
45964
45575
41111
31544
21348
10836
-408
-11236
-19965
-22745
-28008
-32208
-30889
-23800
-19076
-15744
-6701
6811
21736
33192
42423
48764
50671
51635
51819
48372
45767
38372
27783
15704
5008
-6820
-19549
-30524
-34372
-35301
-33789
-33297
-29208
-20148
-6969
7187
21915
34188
42824
48555
50867
53960
51691
50052
47452
38644
28199
18852
3652
-6117
-15137
-20021
-23921
-25653
-23768
-23856
-17624
-4776
3427
13867
25528
35139
43831
49480
54088
54564
49795
49384
48355
42868
31204
12387
-6069
-17081
-26345
-33565
-41136
-42320
-40121
-35125
-27789
-22504
-16508
-6524
2787
15107
26775
31759
32888
30764
27316
23032
18851
15487
13756
10215
-1844
-16541
-28868
-38813
-38884
-37288
-32753
-26541
-21509
-15808
-5177
8408
22412
36187
48980
57812
63448
64112
63491
60259
55539
49071
42235
32520
20715
12520
2932
-4653
-7541
-7196
-4076
-1600
2848
11700
21184
32656
44884
57308
63340
67067
68407
69635
72023
70024
61899
50236
39072
31812
29191
20687
5428
-6088
-12040
-7812
-940
-249
1360
6568
17363
28895
42319
54607
65248
73951
79084
78224
72719
65739
59863
51331
37824
24527
14387
2048
-10189
-15809
-16028
-14164
-15961
-16460
-12549
-1916
8735
17712
27235
35512
44252
51576
59332
64051
63867
57963
48811
39832
31495
21411
8807
-5253
-16540
-25293
-30833
-32629
-29576
-27464
-26857
-21393
-10309
4100
18668
29476
37428
42888
47052
48291
47212
43440
36596
23252
10687
2251
-7476
-17257
-24596
-34593
-44433
-45005
-37740
-32336
-29392
-22788
-11084
2232
13707
20951
30464
40288
51080
55943
54396
48872
41756
38268
32728
20840
7408
-3081
-14765
-24620
-30145
-30329
-28744
-27972
-25465
-16601
-3616
6343
14328
27700
38668
43960
47556
50800
52144
45544
33071
23164
15592
6099
-3065
-11968
-20053
-26105
-31316
-31769
-31309
-26976
-21073
-14033
-2773
7819
21091
31931
41515
50959
57932
58843
56479
50971
45627
37387
23867
10916
1099
-11064
-22681
-29748
-32212
-33997
-32212
-25621
-18033
-8825
-300
10811
23471
32920
41204
49571
56091
59127
58511
55007
47928
40280
29984
19092
8644
-3253
-11768
-14296
-13873
-16113
-17604
-15069
-11904
-5216
3552
29859
37140
47463
52500
56983
56304
53644
46259
35520
23507
11999
-697
-11312
-19493
-24768
-29629
-34985
-34104
-31916
-25645
-16208
-7757
3720
11995
19728
31299
38204
43340
45675
46387
42135
34623
26975
17047
6171
-7665
-19172
-27020
-34820
-36893
-36648
-35900
-35960
-29616
-20588
-10009
532
9720
22296
31584
38503
42788
47760
49184
46136
40440
31435
18080
4563
-4733
-13049
-21645
-29844
-35913
-35553
-33044
-26476
-18805
-6940
3687
14220
27412
39676
49131
54767
54299
50347
44704
37732
31244
20264
7939
-5076
-14812
-24817
-32268
-144209
-38405
-36381
-30433
-22593
-16464
-9489
832
11676
22448
28119
34624
39280
40007
36431
32832
27347
19779
8856
-3344
-17129
-28865
-34109
-38144
-41993
-45192
-45769
-44005
-39996
-34864
-27500
-16185
-3104
9312
18684
29800
36435
38951
35808
29755
22720
15792
6915
-4292
-16033
-29937
-35245
-39620
-41228
-40945
-39021
-35709
-32232
-25856
-15364
-6528
6804
18835
30600
42083
49319
50783
49855
45360
37240
27812
14219
3075
-6121
-13772
-20428
-27125
-32357
-35769
-35997
-30673
-26156
-16652
-10505
-1764
10319
21728
32047
40035
43915
43939
41036
36459
28079
18275
6600
-8520
-22257
-32449
-41360
-51396
-62173
-63905
-60480
-59776
-55893
-48036
-37588
-27420
-16968
-6789
2399
7552
12628
16951
18052
14411
8396
-3116
-14589
-26297
-36576
-46256
-53832
-60980
-65600
-66913
-64532
-59225
-51829
-43872
-31993
-18844
-7156
2575
12852
18899
23152
24740
21268
16540
9392
655
-10149
-20445
-33460
-41948
-51277
-58068
-62121
-63608
-64677
-61589
-57416
-47496
-38212
-25605
-12428
-2380
6275
10551
14791
18419
19271
12696
5340
-409
-8600
-20589
-33557
-43937
-51233
-56804
-61569
-65548
-66025
-61641
-53576
-44301
-30493
-15676
-3296
8308
17951
25015
33740
35832
34752
33067
28051
19627
11504
1808
-6569
-18400
-28020
-33093
-35256
-35008
-35904
-34048
-27780
-19436
-7148
8280
23039
35579
45235
51876
56404
56952
54608
47356
38919
31236
20643
8216
-2268
-12976
-24396
-33941
-37857
-37776
-36152
-32564
-27337
-16936
-9217
-357
10567
21660
32163
39576
42104
40428
39351
33903
28380
20867
9895
-3724
-16424
-23937
-30693
-35541
-39265
-41233
-39872
-35088
-30185
-22777
-11864
-2492
5223
14091
26707
37956
44820
44632
43672
39355
35843
30919
23580
12975
515
-8905
-17173
-23749
-29316
-30793
-26785
-21097
-14549
-7420
2460
13392
25336
37196
42575
48555
51447
52408
48516
44880
39524
30327
18191
2639
-11760
-24357
-33025
-36381
-43368
-48812
-48293
-39993
-30817
-19021
-10813
-1676
5512
16363
26667
35375
40636
41608
38304
34303
26683
17131
6371
-4769
-14196
-20197
-27769
-32133
-36496
-39697
-39453
-32660
-25477
-17892
-6957
5067
15907
26959
39412
48215
53696
53083
52847
49831
44915
36359
26019
15971
8679
-1012
-12340
-20133
-24272
-25064
-25437
-22977
-16772
-6440
6756
20099
29272
38355
47396
55212
59744
62455
61363
55763
48464
40655
18007
2023
-8521
-16996
-22677
-29701
-33608
-33269
-30157
-26445
-20449
-10968
719
12535
21472
30916
38303
42631
40015
35583
31583
28716
22295
10616
-6208
-19056
-27605
-33016
-40349
-46984
-50972
-48157
-42729
-35897
-27840
-19856
-8468
3028
12467
19511
26336
30115
32543
30260
25120
17080
6016
-7520
-19533
-31684
-42229
-47636
-49404
-53153
-54588
-54745
-52268
-46529
-39828
-27620
-11953
2231
13276
20755
28471
33008
34992
36948
33972
26739
13123
-1637
-16441
-25800
-37793
-46128
-48221
-49373
-51677
-54029
-52141
-44120
-32693
-20480
-11596
-4737
7364
18980
25719
28484
30275
30535
26939
19180
10179
1711
-7893
-17308
-28205
-36860
-41573
-44985
-50605
-43921
-37484
-28212
-15417
-6985
1728
5715
15420
24240
25423
23796
19791
14579
4728
-7012
-18528
-28880
-35508
-43604
-53268
-58777
-61436
-58092
-51777
-42049
-32128
-23804
-13709
-1960
9260
17207
23084
27988
30184
27976
25135
20016
12191
1251
-12072
-22497
-33656
-43312
-49629
-52372
-52105
-46193
-39377
-30172
-21265
-9836
1627
12071
22887
29263
35116
36336
38831
40747
37399
20560
8476
1732
-5225
-12764
-19981
-25116
-27864
-29092
-26328
-20669
-11849
-749
11059
21396
32719
45927
57439
68707
75207
75008
73748
70851
64764
55567
41584
29232
18119
7099
-4109
-13372
-15969
-18256
-15032
-9609
-5696
3039
13896
23776
34815
44900
52344
58035
62908
63983
59900
54979
50599
41072
31312
21428
7731
-5497
-13916
-18812
-24880
-22996
-18620
-10829
-4477
1807
10400
21283
32495
39620
43387
48911
55443
55643
51391
46332
38700
30048
18095
7839
-1821
-10260
-17525
-25312
-30964
-31925
-32776
-30969
-25208
-13869
-1784
9348
22376
33756
40763
47400
51820
52992
47504
40891
33067
26376
20571
9428
-2060
-13096
-21353
-30057
-37953
-39932
-38257
-30685
-23161
-14657
-3240
8307
24492
35815
46540
53975
58627
63540
62131
55391
44688
34115
24064
11379
1587
-10809
-19153
-23732
-26892
-27868
-30565
-27133
-20816
-13601
-3628
7356
16495
24964
33980
40691
46560
48955
43387
36856
29415
23416
12548
2103
-11964
-21237
-29637
-35817
-42608
-46461
-45765
-38916
-29728
-17769
-2592
10132
19303
29075
40179
49563
55259
52308
48676
42968
39191
31739
22267
11303
-185
-9785
-19253
-27373
-30700
-32897
-30860
-25361
-17901
-7453
3556
13936
22879
30660
39959
46856
51443
51331
49415
45244
37596
25068
10251
-93
-10204
-22165
-33485
-41788
-46892
-47317
-44856
-40753
-37276
-31825
-21309
-8037
124
10735
20079
26535
27820
27908
25404
19259
11331
1840
-11513
-22161
-31552
-39488
-45537
-52013
-58108
-59293
-55372
-49992
-44721
-34209
-20617
-8989
832
8999
19068
26880
30967
28188
23951
22880
17715
4647
-8533
-19400
-28853
-38325
-46264
-54609
-56301
-55565
-51093
-44221
-38117
-29333
-19412
-6752
7044
19411
27527
32948
38296
39431
35759
27907
19976
9491
1347
-8688
-20169
-30072
-40181
-46413
-50232
-52372
-51729
-45745
-37613
-30505
-22253
-13664
-1409
8408
17608
23967
28691
31204
28575
22459
14899
6420
-4429
-16045
-28457
-38857
-47941
-53904
-55672
-56916
-54481
-51160
-42401
-31557
-18241
-4324
7995
18924
29823
40511
46419
47796
43444
41771
35780
23927
10991
-1452
-9845
-20700
-28465
-35153
-38645
-38697
-40969
-37529
-30068
-17532
-5525
5792
17632
29996
38119
43092
46036
46287
43667
36683
30516
20671
9188
-1785
-9828
-19837
-28581
-35037
-39412
-40520
-37861
-32617
-24065
-12329
-341
10784
20859
29915
37555
42079
45471
46755
42199
38684
30604
20127
7936
-2741
-12368
-20024
-25488
-30808
-36205
-37269
-34508
-29852
-23936
-14629
-3265
9375
19248
27104
34744
40959
42596
40611
33999
28071
21160
11968
-984
-14473
-26717
-35485
-45401
-53065
-55524
-57224
-56609
-54364
-48041
-38857
-28985
-20361
-10844
-2084
5684
11627
15872
18044
16880
12228
4263
-3720
-15145
-28581
-41173
-52528
-60957
-66544
-67480
-64184
-61969
-57477
-49668
-39953
-30505
-18981
-11892
-5152
-1217
2728
3948
4896
1360
-6524
-15369
-26080
-37661
-47977
-53869
-59013
-62356
-63749
-64256
-60028
-53056
-45988
-36201
-25980
-14257
-3525
5628
13360
20695
28871
32111
30567
28479
23520
14975
4272
-8353
-19196
-29249
-36025
-42064
-43164
-43181
-39421
-35949
-30304
-21525
-10956
-145
10831
22056
30435
37744
42039
43459
42364
37471
31676
22847
12047
-105
-10681
-21029
-29653
-32888
-32425
-29485
-26789
-20628
-10413
959
13491
24832
37376
50292
62792
71891
74564
77548
76580
72847
65439
55099
42944
33164
23696
16404
8475
911
-5149
-6260
-3997
2836
11612
20864
30840
40468
51687
63079
73427
78751
80448
78308
75391
68916
62708
52972
40279
28003
17043
7915
-144
-6765
-8908
-10373
-9217
-6472
340
9791
21148
31324
39415
46712
54016
57556
59659
60104
56004
50679
43343
34196
23671
12048
1267
-9977
-18520
-26121
-31376
-31589
-27833
-21257
-16536
-9444
-1405
6087
14312
23175
30599
37803
44119
45008
40976
33720
24720
18107
7979
-4260
-18188
-31532
-41317
-46576
-49745
-49028
-48120
-42312
-35836
-26444
-14032
-1433
7447
15944
23756
33907
38500
38487
34595
29468
23320
11540
-2512
-15272
-27072
-36576
-44328
-50833
-53113
-53825
-51785
-50676
-44529
-34268
-23181
-11957
-1396
9567
19547
27680
34235
36111
32700
26163
18508
10651
3491
-5289
-16469
-24733
-30144
-33588
-38064
-39340
-34025
-29801
-26468
-18292
-6800
4763
16188
27075
34212
38511
39880
39935
39164
36875
27736
16055
5303
-2836
-11825
-21509
-29621
-36921
-40305
-39005
-37376
-35516
-29360
-20981
-9913
2647
15059
25411
34335
40139
42140
44019
41475
35043
23624
12348
1775
-7249
-16081
-25669
-32720
-39396
-42657
-42541
-39001
-34749
-28952
-19669
-10385
1752
14460
24968
31004
34423
37243
39496
35020
25499
17188
7259
-1996
-12900
-22269
-32612
-41133
-45596
-47228
-45784
-43200
-37485
-28269
-18652
-7040
5044
16903
25679
31372
36968
42307
41415
37843
35083
30611
21428
8600
-2884
-12392
-23276
-34913
-40329
-42284
-42940
-43212
-39784
-34392
-24548
-14688
-5489
3707
11863
20459
28583
33304
33527
28968
23803
15679
4155
-6117
-15944
-24605
-34253
-43645
-49992
-53469
-51537
-45569
-38749
-29649
-21905
-13981
-5280
5180
13147
20283
25152
27259
29176
29528
25291
17168
6415
-5216
-17645
-27381
-36501
-45184
-52329
-56213
-58165
-57388
-52253
-46313
-35145
-22569
-10776
-1037
10788
19327
25356
27335
27339
25091
20048
14959
8611
-1277
-13208
-26096
-34008
-40972
-46221
-50088
-49272
-46516
-41304
-34253
-23792
-13253
-5444
5591
16487
25035
30163
33000
35000
33435
29983
23291
15763
3995
-9897
-20196
-27992
-34972
-41164
-44689
-47148
-47277
-43224
-36944
-29256
-21769
-12648
-4245
3152
11587
15700
17979
16827
13724
10976
3912
-4793
-15436
-25140
-35309
-44889
-55013
-62312
-64880
-63640
-59508
-53004
-44516
-33821
-21381
-10628
1863
8403
14447
23412
28115
29495
27732
22727
14016
2355
-11356
-23228
-33544
-43041
-53052
-59445
-62585
-64272
-63229
-59869
-51880
-43188
-28972
-16637
-9757
-2033
4383
10772
14515
15711
14027
8364
2835
-4416
-12344
-21337
-32541
-43080
-49985
-54872
-56737
-50080
-82337
-31368
-18885
-6456
4420
13767
23243
31043
36400
39644
39008
37160
34084
28623
19500
8324
-3437
-15620
-23757
-32188
-39973
-43585
-43653
-37357
-31669
-20468
-8572
2660
11880
20583
30904
38243
41775
43632
41859
39407
31568
24024
13280
1148
-13008
-22117
-29484
-36425
-40268
-42701
-42528
-39549
-34645
-25877
-15956
-7817
2671
13908
22996
29504
35632
38567
37628
33896
27700
20559
13076
1291
-8725
-19949
-31057
-40496
-46264
-49841
-51020
-49805
-44144
-36052
-27125
-14596
-484
11996
20991
29180
37212
41012
40131
38676
33991
25715
15179
3751
-5540
-15573
-28953
-36265
-42317
-47321
-49260
-48217
-41040
-34724
-25144
-13185
-2568
7631
15484
23380
26531
26339
24464
21335
17508
9420
-2600
-11605
-22504
-33824
-40785
-46185
-51512
-53232
-52741
-49337
-43232
-35869
-25444
-11553
139
9792
18096
25715
30784
33887
34391
32308
28024
22424
16948
6395
-4789
-14900
-23173
-30929
-36729
-40113
-38837
-34317
-26601
-20308
-8429
5912
17815
28927
37240
45588
51568
54580
57804
55460
50147
41288
30440
18903
8571
-2780
-12160
-21097
-25793
-26360
-24560
-21212
-18225
-11000
-421
10680
21932
32988
44239
50707
56527
61959
62847
59691
52712
43183
33083
26063
17004
8680
-2644
-11753
-15320
-15956
-15004
-11492
-4132
2515
11656
22704
35488
44456
52448
57187
62411
66504
66872
62720
56571
49423
37288
26236
13755
1911
-7172
-13521
-18832
-22241
-22509
-20061
-12281
-3524
6192
15476
25535
35328
44712
55112
61207
64896
63343
61188
56651
49779
38700
26891
16427
6448
-2456
-6865
-12341
-17005
-18148
-14824
-8669
255
10843
20311
33060
43428
52419
63363
69120
69659
65848
59684
51812
39731
29868
19423
10200
-865
-12169
-22336
-29809
-32380
-31957
-29321
-24689
-18396
-6496
5340
15223
23627
31104
38556
44192
49795
49659
47324
42740
35696
26788
16756
6972
-2873
-11748
-18029
-23164
-23905
-23988
-21912
-19421
-12353
-2537
10187
22160
34372
43607
51100
54388
57495
55923
50416
44351
37000
28739
18552
6960
-3544
-12832
-21813
-27176
-28349
-27141
-24548
-19433
-10216
-1017
9631
20624
32868
41259
48000
55755
60611
61252
56852
51431
43395
30651
15679
5527
-3256
-11676
-20161
-26168
-30033
-27560
-22093
-15556
-7041
4388
16536
25935
34200
43091
48831
50636
48448
43239
34811
26287
13840
2120
-6992
-15228
-25508
-32516
-36088
-37988
-37665
-35536
-29733
-22292
-11264
2543
15907
28056
38055
47692
52648
55547
54028
49428
40671
32464
23560
14091
5187
-4905
-16077
-24548
-30541
-35025
-34025
-30064
-27340
-22129
-8980
4639
16787
25904
35275
42832
48396
51264
50371
45828
39159
28664
17531
5420
-6173
-17597
-26393
-31348
-36677
-38204
-36968
-34932
-32149
-24704
-14312
-2196
8395
19939
31555
40647
43532
44464
44507
41676
33540
25731
16147
6360
-5953
-14244
-22437
-30012
-33792
-34585
-34168
-30028
-25884
-15765
-5100
5003
16923
25559
34335
40120
45272
50148
50196
47287
41587
32223
20604
8583
-2001
-11964
-21093
-29544
-33336
-32516
-30860
-29061
-23673
-17125
-7873
3868
14935
25027
33671
40692
45715
45804
41696
37055
31931
24460
12720
2147
-10809
-22285
-33688
-43308
-50324
-55153
-110753
-50364
-42612
-33405
-21824
-9948
-944
7215
15092
21139
21223
20663
18732
12395
1675
-9277
-20796
-32477
-42349
-51436
-59617
-66405
-70841
-69193
-66428
-61912
-53900
-43284
-30972
-20800
-10109
372
7664
12904
15231
16292
13416
5752
792
-7673
-19480
-28757
-37032
-45273
-51464
-56461
-55621
-54428
-50341
-44605
-36837
-23556
-10745
1991
11751
20576
28384
32152
34444
32872
29095
21259
14407
5495
-6832
-17588
-27348
-38228
-46536
-51173
-53073
-52912
-51764
-47713
-39520
-29592
-19581
-9128
2811
12887
20739
27808
31596
32384
28536
22912
17019
9207
-1664
-11408
-18829
-26492
-32097
-37876
-41549
-42144
-39696
-33860
-23440
-12520
11292
19759
30596
39515
43723
44535
42491
38984
33647
23848
13264
1367
-12105
-21093
-30520
-40204
-44993
-48512
-48600
-44628
-38260
-29877
-21301
-12233
-1717
7176
15320
24016
28519
29088
25871
22439
16616
7211
-3248
-13660
-25084
-36244
-45564
-53828
-59864
-63689
-61976
-57600
-52900
-43945
-33233
-21556
-10676
-721
8211
15951
22579
28103
30015
28384
23011
14511
3439
-8376
-19264
-29493
-36924
-45056
-49341
-52128
-51153
-47532
-43777
-36516
-27188
-17781
-9376
-1388
8019
14492
16840
20539
20323
18427
13563
5503
-4856
-16349
-27244
-38001
-46524
-52692
-56017
-57972
-55721
-51913
-44772
-34741
-22509
-12121
-893
9519
19035
27591
33171
33031
31319
26603
19063
9267
-1721
-14217
-25644
-37580
-45065
-52153
-58605
-62397
-61832
-59328
-52225
-43793
-31864
-20080
-8865
1816
10175
19112
24916
26467
26072
23736
19528
10916
519
-9669
-20613
-27932
-34780
-42340
-46528
-49944
-48256
-41364
-33736
-24073
-14745
-4040
8068
21240
31924
39799
44712
48403
46515
42948
36831
27587
14836
2920
-6945
-15684
-23836
-31245
-35733
-36920
-35233
-33720
-27209
-17812
-6041
6319
17131
26940
37835
45152
51832
55820
55207
51216
46379
37484
28568
18212
6679
-4388
-15340
-22336
-26440
-29536
-28604
-24172
-17772
-10533
147
12228
24480
35315
44580
52172
58855
60655
60104
56959
50888
42795
32907
21243
9611
-1629
-10868
-19989
-25464
-27285
-28704
-25869
-20533
-11345
-2117
9135
21280
30179
39035
48587
53003
53787
52343
47944
40536
32700
20496
7943
-2664
-12960
-22296
-26940
-30809
-34480
-32137
-28433
-20788
-11164
463
11100
23627
36412
46703
53988
58852
60567
58444
53103
46835
38720
31007
18275
8315
-2345
-12708
-21869
-27233
-28952
-29336
-27536
-22881
-16341
-4284
6856
18144
28319
38592
47723
52676
53740
50740
47219
39703
31191
21471
12839
3668
-6228
-14572
-22121
-25752
-26924
-26921
-24225
-20392
-13097
-3593
7935
18140
26900
34964
43408
48359
51052
48020
46283
41555
32203
21023
8292
-3884
-14276
-21928
-29728
-32129
-33088
-29460
-26685
-19808
-12229
-4525
6959
16732
27980
36691
43943
50872
52324
52959
49535
42516
33124
24088
13863
3336
-5349
-13912
-21664
-26304
-29368
-28889
-24160
-17601
-9901
-893
8339
18255
28188
38104
45556
49452
52632
51088
48508
43503
33688
22915
11404
-784
-11020
-19993
-25949
-29660
-31516
-30093
-24781
-20817
-13225
-3128
6124
16783
26148
35159
43943
49691
51476
52487
48335
42779
33499
22775
10859
779
-9432
-19204
-29608
-37077
-40609
-39049
-35609
-27956
-17224
-5216
5643
15360
26419
31399
36516
40496
40000
36060
29863
20283
10015
-681
-10852
-19596
-29584
-38296
-44001
-45541
-44448
-40296
-36209
-28328
-16273
-3757
8292
19955
27755
36667
43292
45552
46459
44235
37196
27547
17476
7439
-2853
-10956
-18820
-26620
-32145
-35372
-35832
-33336
-27225
-18196
-6368
6516
17603
26419
34839
42512
48447
50080
47879
43315
37428
29091
17639
7475
-2524
-14568
-22513
-29508
-34540
-36865
-36268
-31289
-24297
-15472
-6397
3536
14479
23880
30960
37887
41656
43712
42707
38207
29996
21627
9407
-3004
-15609
-28001
-38724
-47041
-53268
-59297
-59505
-56493
-52045
-41892
-32753
-21964
-9848
1080
10672
17283
23384
23231
21043
17627
12672
6016
-2900
-14197
-22648
-32517
-41173
-47080
-51136
-52976
-50428
-46421
-38449
-28796
-17357
-6556
3455
14288
23635
30859
35456
38323
39468
37043
30987
23699
13203
1192
-8720
-16924
-24512
-30256
-36321
-37361
-35720
-30920
-25724
-16324
-5824
4552
17051
29556
38820
46584
52011
53228
52067
48576
42243
35275
23495
10676
47
-7816
-15772
-23252
-26156
-28572
-28784
-27109
-21645
-13709
-6357
3551
14068
23019
32248
39475
45268
45803
42596
38351
32672
22572
11772
548
-9644
-19348
-28640
-36804
-41736
-42780
-41560
-37660
-31912
-21176
-8661
5724
17095
26779
36991
42824
48040
47452
43528
37563
30315
21848
10316
-1457
-11917
-21825
-30300
-36405
-38932
-40772
-38724
-36013
-31733
-24820
-12337
-969
9052
18415
26059
33787
38700
40976
39707
37428
32159
24611
15815
3075
-6208
-16601
-25265
-29813
-33772
-34749
-32033
-27572
-20764
-12620
-1757
7104
17531
27931
38347
45783
50511
51644
50731
46960
40988
31059
20663
9828
236
-8748
-16540
-20360
-21388
-20932
-18353
-12741
-7024
2711
12411
23467
34735
43596
52591
57843
61503
62712
56811
52651
46424
37604
25923
12539
1496
-7364
-15808
-24885
-28980
-29385
-28065
-25465
-18500
-8737
1471
12048
23312
31947
41420
49496
52688
52943
50804
43775
38584
30556
20159
6923
-3381
-14000
-24381
-32773
-38673
-41020
-41549
-39041
-32725
-21620
-10161
544
12159
23127
32456
38704
43756
45251
43943
42584
38180
29935
19276
8700
-648
-9145
-17204
-23608
-26305
-28740
-29573
-25628
-19209
-10576
-2929
6351
16032
25371
33687
42279
46844
48407
47615
45215
37907
31799
23043
12407
3119
-4484
-11425
-17821
-20140
-22541
-19741
-17273
-9805
-836
11552
24223
36947
48627
59368
66847
71223
72439
72067
66688
58603
48859
37523
25144
14591
3808
-5229
-11937
-16893
-20820
-20657
-16756
-12029
-5029
4460
17024
25968
37219
45867
51680
55219
56651
54440
50312
43479
35668
24183
11839
316
-9245
-16676
-21709
-25505
-24825
-21288
-15128
-5805
4220
15639
27056
37912
47135
56024
63820
69635
69483
66524
63459
59311
48071
36463
27040
14892
4851
-5309
-13660
-18648
-19828
-19680
-17080
-9604
-497
12348
23231
35448
47407
56912
63579
67503
68367
64263
57224
50040
39564
28963
16304
4628
-3804
-12392
-17728
-19776
-22052
-21373
-16501
-9857
611
12767
22855
33068
43427
52016
58467
63120
62520
58471
52835
43760
34771
23348
13284
4355
-6777
-15620
-23561
-27481
-27269
-20313
-13497
-7429
3936
15435
25243
36743
42296
47800
52087
53832
52284
47580
41751
31711
23132
11176
-93
-8489
-15325
-20628
-24389
-23885
-22433
-18136
-12472
-1477
8836
20011
30815
41076
50572
56892
61112
61515
61372
58308
51719
42924
30851
20203
10319
1204
-9484
-15776
-19884
-20232
-17160
-12892
-6297
1932
13620
22208
30208
39915
48059
53839
58556
61040
58964
56195
51815
42655
32068
21496
9340
-1296
-10684
-17109
-20152
-21236
-21820
-17688
-10749
-3745
5631
18040
28876
37115
45235
50763
54280
56799
54711
48479
40055
31647
21191
12343
1355
-6876
-16304
-21796
-24196
-23737
-21321
-16324
-7864
4272
16704
30427
40919
51268
58691
66148
69251
72256
72155
68871
63999
54443
46091
35644
26415
15235
5272
-2629
-7525
-8277
-6400
-2001
5755
15652
28984
40476
49740
57335
65056
70612
75620
77832
75627
72127
66231
55887
45632
34164
22976
14227
5539
-1545
-4864
-5857
-3837
-689
4056
9656
17900
29124
38271
46623
55695
62868
65744
66016
62688
59308
50676
42032
31272
20307
8692
-869
-8948
-15017
-19316
-20768
-19101
-16909
-12485
-4605
4388
13528
22016
27963
33828
38548
41736
41983
38363
33647
26843
17795
6231
-7116
-18137
-29029
-36741
-44032
-46924
-48621
-47144
-41813
-36293
-28116
-17576
-6944
3695
14607
23835
29692
33183
33592
33060
29612
22892
15528
5379
-5308
-16692
-28540
-38009
-43284
-48113
-50217
-51028
-47469
-40189
-29348
-18565
-6793
2291
12136
22367
29948
32768
34220
35152
31588
26279
17040
6323
-4020
-13672
-23088
-32676
-40140
-43049
-42985
-39496
-35956
-30356
-21028
-8872
60
10323
18147
