34028
21565
-28714
-7208
-51840
-47092
3768
12309
681
-13183
-13794
-18099
-29909
-36842
-38737
-34850
-25031
-10299
-2591
-1801
-6228
-10353
-22089
-27770
-20395
-10231
4541
9463
1392
-7915
-10729
-12378
-5410
7184
10680
1584
-5519
-18390
-45390
-59830
-55986
-47714
-42956
-56882
1356
21061
29124
28326
26985
22376
110
-31442
-57766
-63994
-41329
-8599
11188
12561
-2595
-11785
-14227
-8082
2810
1858
-10298
-17169
-6339
16484
27362
12344
-10267
-24637
-23387
-16029
-17732
-23452
-31461
-30914
-15235
5620
20047
17335
3947
-8408
-13792
-12149
-11422
-9073
-3301
1096
11890
23839
18576
2396
-6932
-9248
-10143
-13138
-25221
-35322
-31064
-16038
-7176
-10723
-13339
-13716
-15142
-9685
-668
9617
12877
10064
3215
-1036
6604
15765
13387
-1636
-14928
-14376
-7525
-7879
-16731
-26455
-26327
-18763
-13143
-14052
-15896
-10649
-8040
-10926
-7558
2928
9824
11431
7435
4099
7588
10873
7480
-149
-9969
-22489
-31285
-30770
-23912
-14897
-8068
-4647
-4212
-7937
-14334
-20286
-23645
-20752
-15547
-10015
-6824
-3414
3760
10896
9712
638
-7137
-6980
-4879
-11446
-22388
-26054
-21839
-21170
-25915
-26232
-19386
-13000
-11766
-11982
-9682
-4757
72
4100
5662
7121
6294
3952
3276
343
-3481
-4270
-4451
-7645
-9755
-11697
-12591
-13328
-17115
-20633
-21974
-22260
-22667
-20254
-13127
-4134
2871
3943
1274
-1419
-1991
-474
791
-3072
-5985
-6993
-7209
-8317
-11356
-16482
-21513
-22918
-23371
-24793
-23466
-20344
-14361
-9306
-6781
-3720
-2066
-1094
1807
6570
8656
9155
8089
7897
5669
1521
-881
-4136
-7657
-10359
-14147
-13041
-15098
-20676
-19682
-24974
-26384
-15473
-6998
-7698
-2813
7500
6534
9339
13960
3076
-4436
-84
310
-9229
-4775
-3253
-15930
-19429
-20678
-24615
-24182
-16155
-16106
-20483
-10715
-6295
-8776
-8046
-5588
-7531
-7506
2083
4838
2624
4280
1845
-264
-4065
-5151
-12908
-21322
-19830
-25104
-27099
-23624
-24423
-26444
-23659
-16553
-19758
-19501
-9784
-7208
-3572
3067
5689
1545
1263
1764
-2420
-6080
-6579
-12764
-21271
-21312
-22101
-23133
-22140
-23317
-27050
-28935
-24874
-21936
-21756
-15340
-10341
-8269
-352
8200
9406
5842
7448
5311
427
-1639
-8854
-17990
-19643
-18338
-18742
-19116
-19085
-24949
-30235
-27370
-24430
-25858
-24695
-19581
-15449
-10838
-4443
-1909
-2939
-2894
-4060
-8444
-10456
-10316
-14667
-20110
-19616
-19547
-23335
-23509
-23177
-24763
-25575
-26725
-27007
-26614
-24923
-22199
-20485
-15166
-7447
-4090
-2863
392
35
-5415
-8766
-12114
-17498
-19340
-22794
-26097
-28458
-28721
-30968
-35327
-35715
-35173
-34064
-29964
-25240
-20609
-15305
-10377
-6417
-3662
-829
1013
-835
-3081
-4016
-7028
-10566
-13181
-16833
-19482
-18611
-20149
-21344
-21097
-21607
-22350
-20524
-15255
-10839
-9252
-8611
-5037
-1181
3909
7706
7067
5881
4678
3054
-24
-3128
-8931
-15093
-17016
-18627
-20736
-23255
-25394
-25786
-23914
-19454
-16616
-15183
-11030
-5314
-1926
-442
3963
6738
6212
6068
4417
2608
1575
933
-1759
-5395
-6565
-8890
-11101
-13098
-15217
-17066
-18396
-16297
-12239
-7788
-2326
3686
9860
15271
18175
17241
17073
16355
15362
11884
9265
8418
5238
4327
1873
-269
-3109
-6849
-8972
-10419
-11031
-8303
-5363
-870
4539
8628
12767
15599
17636
17686
16986
15285
13575
13719
12989
11259
7995
4004
-1490
-6273
-10334
-13767
-13842
-13891
-11449
14399
29006
14244
12412
10507
6798
12488
4841
1910
-2144
-4249
-5677
-7546
-8268
-8773
-8154
-4580
979
6277
8600
10240
11055
12185
16282
18881
19389
17868
16300
13685
10247
7181
3084
-3025
-8494
-10997
-11901
-11739
-10501
-9107
-6979
-4694
-805
3091
6566
9387
11693
11850
13852
16721
17992
18203
15555
11001
4947
382
-4639
-8047
-10531
-10872
-10501
-9677
-8518
-7424
-6172
-3657
-909
31
3290
7265
10403
14645
18389
21252
22257
20760
16931
14929
11322
5712
2675
-1487
-6270
-6169
-5192
-6981
-4979
-3392
-3002
-2159
742
2811
7012
10953
12504
14994
17783
18053
17756
17166
15722
12784
10288
6750
2578
-3086
-6892
-7625
-9210
-8096
-6975
-9221
-8244
-3725
-2311
709
5392
9309
11511
14032
15730
15735
16955
18882
17484
13691
9718
4606
171
-2423
-3657
-6387
-8299
-9059
-10041
-9545
-5809
-2766
-31
2590
4289
7782
11304
13461
13168
9076
7765
9514
11607
10699
6673
725
-4799
-6771
-7662
-11826
-14043
-15137
-15344
-12899
-9421
-6313
-3957
-647
2089
5766
10384
15415
18182
18166
14533
10850
7821
9225
11897
9237
4542
-1280
-6456
-10814
-11700
-10152
-10334
-11024
-10916
-7630
-2615
3681
8683
12290
14991
17382
17101
16932
16055
14412
9996
8559
7792
5023
658
-5578
-9477
-8041
-6885
-5962
-7687
-8505
-7194
-4928
692
6719
11986
16723
19398
22465
27799
30182
28777
24590
20322
18980
19374
18616
14906
10820
9290
10095
10147
8426
6881
6443
6483
9057
13374
16907
20404
23828
26288
29473
30967
30800
29888
27289
22511
17667
14108
9988
7266
3653
-500
-2667
-5478
-7318
-5316
-2250
1156
6088
9772
12199
13860
17165
22576
26180
26261
26212
26478
25810
23636
19906
16005
13642
11603
8448
4252
1105
69
2045
4037
4723
4611
5689
8980
12404
16348
18875
20490
21793
22513
23791
23416
20926
17683
14241
10109
5898
3855
2430
-513
-3282
-3236
-2853
-2392
-1497
964
4254
7032
10010
13226
16399
19649
23290
25689
26281
23335
21056
19854
18226
17337
14312
9950
7380
3445
170
-2032
-3840
-5223
-3368
1464
4582
7839
12023
15397
17216
18502
19684
20078
19208
17464
16652
15271
14101
12061
10416
8026
5819
1529
-1372
-4323
-6005
-6328
-5468
-2935
-380
2642
6407
10306
13861
16075
18280
18980
18726
18828
17604
15772
13401
11283
8244
4619
345
-2257
-3992
-4737
-6051
-5478
-4002
-749
3071
5296
7925
10046
12142
15511
18030
18732
19228
19479
17650
13459
11983
8581
3741
423
-2824
-4946
-6850
-8882
-10204
-10619
-10620
-8379
-6813
-4847
-620
3080
6862
12474
29054
14131
13029
11749
9185
4859
1992
749
-764
-2977
-6855
-9967
-9677
-8327
-7094
-6921
-5050
-1065
1671
4078
5819
8135
9532
11022
12038
10817
8924
5993
2337
-993
-4672
-9643
-15088
-19152
-21051
-20596
-21800
-23625
-22606
-20841
-17744
-13484
-9014
-5086
-2835
-918
294
3111
5104
4670
5422
5741
3386
1443
-637
-4738
-8552
-12452
-15072
-15835
-15961
-17229
-15433
-18008
-4229
486
4635
7520
9958
12899
14827
15190
14330
13677
12543
10404
8122
4226
1268
-2800
-6735
-9581
-10271
-11224
-22498
-17592
-7292
-3687
695
2999
5091
7541
9478
11960
13532
14274
13560
11755
10079
8923
7523
3603
-977
-5342
-9228
-11675
-13266
-14395
-14950
-15221
-14512
-11246
-7898
-4184
-977
2577
5977
7687
7955
8395
8679
6356
2054
-677
-3265
-6717
-8968
-12114
-15778
-17369
-19061
-19854
-20219
-19911
-17928
-15432
-12399
-9166
-4319
-203
1693
4581
6164
6722
7394
6406
3887
1116
-2550
-5106
-6521
-9733
-11855
-14156
-16030
-17339
-17448
-16333
-14196
-11595
-9621
-6783
-2485
1638
4524
5658
6636
8354
7491
6376
4691
1913
-1223
-4111
-6954
-12506
-16771
-19637
-21126
-22235
-22293
-21396
-16831
-13441
-10632
-8161
-4622
-1103
445
1269
2196
2887
2785
717
500
-1925
-4674
-8036
-13547
-17391
-20419
-21784
-23988
-26833
-29040
-27340
-24551
-21334
-18181
-14273
-10146
-7535
-4760
-3112
-2746
-3003
-5031
-6571
-8785
-11225
-13306
-15003
-17967
-21088
-24186
-26077
-27150
-27903
-29076
-28856
-26235
-21964
-17189
-13615
-10374
-6855
-3540
-1347
-1977
-1581
-685
-1501
-4004
-7256
-9983
-13012
-15929
-18904
-21246
-23032
-24414
-25225
-23939
-23261
-20602
-17620
-13748
-8199
-2851
1021
4250
6864
10056
11127
10265
10422
8949
5715
2213
-976
-4058
-7667
-10477
-13449
-14866
-15499
-16038
-15427
-14028
-11366
-7721
-3263
708
4232
6434
8683
8648
7754
8340
7171
5046
2181
585
-2413
-5006
-7084
-10107
-12102
-13916
-15592
-14966
-12187
-8562
-6248
-5008
-757
5466
10345
13510
15441
16690
16793
15328
14858
13143
10316
6310
2095
-1818
-5578
-6652
-8193
-8825
-10811
-11942
-10160
-5321
-1989
-201
868
3618
6701
9079
11425
12472
12023
11896
10651
9198
7968
3727
898
-3241
-7667
-9765
-11767
-15002
-17489
-17418
-13982
-9937
-7756
-7407
-5523
-1300
3463
7065
8435
8749
7808
8965
9212
6493
2401
-611
-3024
-4951
-7144
-10120
-12555
-11830
-10851
-10617
-8846
-5926
-1155
4083
7857
10513
12258
14321
15410
17007
18721
20902
20755
19425
16052
12800
9331
8375
6108
-318
-4212
-4423
-3113
-1907
-1384
-906
1915
5462
9556
12375
14659
16315
17479
18460
20063
20965
19668
15970
13293
10602
7190
2406
-2740
-6422
-9082
-11832
-15290
-16813
-15590
-12223
-7804
-4394
-257
4153
6730
8941
11213
12968
13126
11646
9871
7365
4890
1677
-2371
-4776
-19568
-22690
-12028
-14902
-14276
-11899
-8801
-6615
-5192
-3290
470
4353
7652
10577
10686
12281
12854
10563
8358
6952
4433
-1162
-7309
-10866
-13465
-15108
-17264
-18360
-17152
-15684
-12950
-10474
-8062
-4232
-1169
1028
2625
4034
4342
6565
7665
6031
3219
399
-1673
-3871
-7425
-11839
-15417
-16764
-17718
-18811
-17802
-15293
-12742
-9907
-8752
-7366
-3054
1929
6388
6985
5273
5851
5652
4565
4475
2402
-2692
-7619
-9391
-11274
-12520
-13198
-14993
-15253
-15596
-13529
-10266
-8783
-7272
-4568
-1800
1680
5330
5497
5320
5831
5742
6119
6337
3261
-963
-4311
-6104
-8964
-12221
-14362
-13310
-12356
-12210
-11367
-7416
-780
2464
7528
9886
9318
8638
9532
9589
8651
4992
802
-3504
-6909
-9868
-11351
-13967
-16420
-17464
-17685
-16148
-14255
-11296
-7749
-5195
-1085
2674
4086
7276
9719
11269
12930
13877
11957
8729
5086
2982
-237
-3972
-6330
-8629
-11471
-13393
-13133
-12200
-11465
-11234
-8559
-4952
-741
5825
8272
10128
13409
16075
17443
16854
13577
9816
8635
6668
1142
-2921
-14920
-9995
-10754
-10132
-8254
-7117
-5741
-1919
3460
7225
11108
13687
13491
14649
16497
17803
17520
16431
15071
13383
11246
8865
5926
3637
1000
-582
-2243
-2328
-711
1033
1398
2912
5937
9717
12784
14188
17393
21193
24084
26453
24908
22043
19694
17516
15675
12849
10102
5885
3492
1784
2630
2845
1797
1903
4113
7140
9168
10689
12596
15434
18521
19882
21739
21003
18971
17214
14012
11465
9587
7656
4004
1112
-865
-1561
-2394
-2417
-4195
-4611
-2628
96
3258
6852
9589
11347
14903
18531
20234
19461
18125
16589
14964
13193
9296
5213
2059
-1593
-4885
-7389
-7789
-7563
-8195
-8615
-8296
-5675
-1937
-81
2533
6493
9938
11233
13384
14601
14503
12843
10956
7701
5832
4077
857
-1700
-4460
-6603
-7383
-8679
-9811
-8935
-7770
-4581
-857
2528
6713
10374
14187
16855
19311
19897
19165
16998
14534
11369
8789
5259
2537
522
-970
-625
-1254
-584
43
-230
-324
2233
5105
7349
10307
13781
18417
21506
21971
21073
21090
19336
16833
14423
11650
8035
3685
-318
-1374
-2784
-4704
-7148
-8291
-7232
-4110
-1906
-719
2162
6431
10480
13803
14543
14582
15338
16145
16224
13501
11632
9037
5426
1593
-756
-1881
-3512
-4891
-5561
-5284
-3866
-2820
-607
2194
4889
7845
9092
11006
12539
12964
14111
12825
10896
7802
5479
4637
1866
-972
-5016
-9369
-12750
-14706
-15652
-16055
-13804
-10452
-8042
-5790
-2399
1474
4631
6352
5905
5822
6299
7472
7677
5511
3298
803
-2223
-5305
-8575
-11806
-13818
-14831
-15587
-14226
-12181
-9626
-7660
-5469
-3885
-2857
78
2616
5033
5246
4903
4719
5013
3362
1089
-2429
-4335
-7610
-9201
-10282
-11757
-12631
-13633
-12390
-10548
-9885
-8412
-6367
-4427
-1491
2899
6163
9075
11447
13243
12790
11187
8772
6169
3936
1270
-1557
-3561
-5950
-7875
-10583
-11741
-11930
-10601
-8312
-5043
-2495
471
3429
6159
8119
10608
12107
11898
11828
12486
10120
7069
4703
2652
-1277
-5335
-7249
-8428
-8191
-8001
-8171
-7947
-5834
-2243
1557
4082
5434
7732
12022
14335
14198
12819
12035
12040
10752
8390
6373
5692
3100
-495
-3474
-5040
-6388
-8439
-9459
-8210
-5471
-2834
1226
4900
7847
9615
11754
13598
14943
15993
15408
13702
12220
10182
6960
3097
-847
-3853
-6561
-9796
-12657
-13251
-12035
-11122
-9528
-8195
-5215
-294
3138
6281
8306
9124
10207
10303
8893
7324
6353
4850
2890
540
-2020
-5580
-9169
-11532
-13219
-13494
-15149
-13420
-10820
-9014
-6521
-3137
105
2803
5537
6389
6904
8115
8642
7769
5618
2635
-347
-4317
-9167
-13553
-17377
-20270
-21714
-21648
-20351
-18517
-14954
-24220
-8793
-6552
-4458
-3070
137
3112
4563
4244
3451
2033
404
-4293
-7336
-10784
-14373
-17474
-19032
-19963
-20263
-19630
-17719
-15911
-12606
-9404
-6470
-2508
1190
4812
6427
8348
9414
9331
7702
5632
4107
1532
-1822
-5112
-10818
-15622
-18073
-19821
-21661
-20892
-17228
-13734
-10115
-6931
-3248
1359
5741
8163
9313
10337
10641
10508
9683
7391
5251
2576
-36
-3009
-6962
-9632
-11361
-12631
-11767
-9603
-7574
-5264
-2106
2051
7363
10999
13720
14855
15357
15732
17127
16849
15584
13274
10972
9548
6320
3214
576
-3144
-5970
-14370
-6394
-6096
-4977
-1596
2078
7726
12044
15591
18239
20750
23119
23900
24715
24728
24725
23759
22115
19215
15841
12905
9173
7183
5736
5011
4233
3693
5658
8321
11541
13274
13853
15189
17252
20709
22647
24894
25927
24112
22577
20112
17184
13870
10648
6164
1989
-848
-3667
-2094
-1944
-1987
-208
1242
2622
4070
7121
10890
14301
16540
16794
16899
16541
15542
14546
13089
10556
6000
2439
-1191
-4071
-6587
-10459
-12382
-13272
-13637
-12545
-8755
-6109
-4198
-2398
-318
1901
4515
6576
8190
9874
10486
9238
6300
3533
608
-2440
-6110
-9632
-12713
-16442
-18708
-19715
-19328
-17668
-13841
-9827
-5892
-2226
426
3277
5996
7481
6624
5681
4461
3420
2416
1448
-1282
-5290
-9456
-12623
-16158
-19373
-20926
-21566
-22235
-20700
-17868
-14752
-11672
-8700
-6351
-4208
-1947
-654
245
929
103
-1891
-3934
-7222
-8829
-10112
-12918
-14933
-16668
-18307
-19201
-19709
-19120
-17728
-15729
-14342
-11999
-8108
-3888
-794
1147
3053
5018
6529
7067
6974
5807
3032
-170
-2782
-5362
-7874
-10929
-13175
-14800
-14138
-12833
-10737
-7932
-5871
-2783
314
2774
6685
10165
11421
11779
12122
11298
11272
10357
7854
5571
3064
-646
-4582
-7951
-9139
-10031
-11471
-10568
-7834
-5349
-2255
2178
6339
8929
11102
13678
15498
16544
15881
15244
13803
10732
8973
6137
1830
-1591
-3766
-5295
-6879
-8533
-9355
-9640
-8790
-6549
-4247
-2162
1171
5396
9420
11196
12119
14183
15024
14183
12144
10690
10016
7384
3748
620
-2915
-6408
-8403
-8155
-9496
-9147
-8915
-6814
-4824
-2641
-373
2960
5631
6101
8046
9192
9299
8391
6980
4852
2484
-1855
-7048
-10024
-13103
-16078
-18296
-20214
-20549
-21312
-19399
-16365
-12672
-10493
-7889
-3265
-659
1920
3405
4831
4994
4050
1485
-1237
-4193
-7673
-10069
-12435
-16592
-19235
-20270
-21076
-21308
-20526
-18568
-16643
-13508
-11478
-7962
-5161
-2590
-597
1502
2040
2120
1452
1027
-851
-4356
-7161
-9919
-13282
-17284
-20823
-22832
-24412
-25286
-25544
-24477
-21669
-17974
-14609
-11004
-7578
-4755
-1305
-27
733
1913
2042
552
-1394
-4228
-7749
-9985
-13857
-16941
-19313
-21735
-22477
-21837
-21159
-20742
-19296
-15942
-12198
-8227
-6017
-3206
-950
657
3371
4457
5001
3370
2265
452
-2371
-5604
-10260
-12180
-15101
-17529
-18656
-17991
-17383
-16614
-14404
-11657
-9759
-6927
-3423
578
3533
5238
7243
9247
9953
8594
5097
2338
-394
-4697
-8770
-12848
-16236
-18404
-18782
-18564
-18833
-17249
-11835
-16342
-7868
-1235
817
2429
4727
7135
6705
5742
4607
1991
526
-2681
-4484
-6905
-9520
-12424
-14269
-14826
-14703
-13973
-12184
-10066
-7496
-3948
-803
3037
5139
6685
7980
8586
9492
8495
6598
4956
2269
-290
-3473
-6929
-11373
-14331
-15819
-17382
-17960
-17635
-15966
-14722
-11939
-8909
-4676
-904
412
2805
4911
5369
5328
5232
5147
3168
1309
-813
-3506
-6833
-10169
-12740
-14377
-15689
-15335
-14941
-14086
-11763
-8933
-4846
-1089
2199
3970
5633
6833
8152
9135
7580
4095
1770
-34
-2591
-6904
-10818
-13700
-16523
-19041
-20696
-19794
-19100
-17472
-14218
-10612
-6978
-3272
168
3500
5561
6215
7680
9137
8846
8010
5698
2011
-1369
-6078
-9673
-14399
-18445
-20370
-21972
-22406
-22894
-21196
-18079
-14877
-11812
-8323
-4883
-1912
1615
2875
4877
5325
3894
3530
1176
-1636
-4573
-8643
-13340
-15449
-17406
-19040
-19977
-20653
-20169
-16785
-12812
-9336
-5262
-2134
1392
4670
7001
9874
11666
11842
12706
13129
11569
9189
6161
2913
-1458
-4947
-7285
-8510
-10666
-9804
-7696
-4982
-3116
-125
4064
6548
9168
11745
14418
16949
17859
17789
16448
14531
11056
8283
4787
1037
-2789
-5823
-7151
-7354
-7529
-7192
-6937
-5857
-4148
-1386
2070
6208
10613
14290
17282
18247
18991
20470
20310
18876
15974
13865
11234
7239
4782
2427
1121
776
-64
40
730
1905
4315
7359
9707
13194
17289
21252
23294
25811
28020
30393
31384
29924
28435
26674
24407
21356
17303
14641
11264
8504
7108
6098
5913
6113
8302
10383
13107
15557
19717
23247
25534
27419
28290
28696
27476
26616
25265
22370
20336
18249
15194
12182
9050
7327
6756
4890
4740
5638
6853
9268
12136
15610
19495
22206
23590
24786
27021
26412
25815
24826
22453
19260
15922
12979
9501
5531
1645
-1183
-3052
-2573
-1279
1650
2767
4482
7732
11949
14909
17394
19796
21934
23209
23197
23755
23705
21344
17614
15085
11112
8401
4387
1087
-2359
-4629
-5656
-6387
-4581
-3863
-1594
1853
5197
7863
10946
13006
15466
16239
17313
17308
15208
13105
11879
10339
5875
2998
583
-1184
-4009
-6719
-6791
-6041
-5116
694
3887
9043
11775
14167
16188
18373
19969
20234
19643
17136
14121
11793
8082
4490
1345
-1445
-3922
-5910
-7047
-7581
-7951
-6945
-4038
-830
1756
5455
9007
12970
15692
17533
17985
18421
17765
15689
13700
11574
9752
6154
2824
-1130
-4410
-6430
-9037
-10558
-11475
-11120
-8622
-5785
-3804
-183
3498
5804
7946
9941
11773
11411
9884
8871
6194
3494
1545
-1000
-2637
-5664
-7223
-9868
-11165
-10742
-10707
-8743
-7241
-3615
1075
4461
8128
10964
12896
15526
16000
16939
15950
15273
13228
10283
6965
3632
-536
-3019
-4819
-6387
-8036
-9288
-9034
-6980
-4576
-86
3628
6713
9245
12785
16005
18470
19514
19257
18887
17839
15844
12910
10565
6839
3503
-340
-4452
-5848
-7497
-8072
-7318
-6993
-6034
-2960
176
2535
5351
8853
10852
12021
12473
12310
11940
10011
7062
4256
606
-2740
-4852
-6827
-9599
-10321
-12562
-13015
-13041
-11647
-9846
-4658
1891
6661
9863
12849
15545
16929
16340
14409
12711
10162
6503
3554
-718
-5356
-9581
-12203
-14151
-15258
-15846
-15076
-14349
-11604
-8884
-6882
-3247
1115
3452
5479
6028
6657
6950
6737
5560
3748
873
-2471
-5930
-8235
-10723
-12425
-14025
-16039
-15814
-15630
-13699
-11480
-8214
-5041
-1409
1604
5205
6758
7332
7435
6970
6640
4822
1739
-1968
-3679
-6670
-10125
-12834
-14394
-16014
-17934
-17058
-15972
-14267
-11617
-8549
-3917
-346
2658
6354
8452
9465
10007
10090
8639
6559
3570
401
-2542
-4904
-7499
-10248
-12852
-15233
-17057
-17354
-17224
-16435
-14076
-10306
-7130
-4504
-2039
11338
10998
6585
6638
6605
5490
3268
1317
-1318
-4754
-7530
-11147
-15574
-18200
-19858
-20467
-20615
-19174
-17301
-14896
-11714
-8918
-5810
-3009
-1247
-299
1521
2179
2000
1857
-909
-2623
-6076
-9177
-12479
-16501
-19818
-22137
-22483
-23356
-22578
-21021
-17630
-14371
-11214
-8097
-4636
-1768
-397
2226
3948
4861
5185
4351
3029
254
-2342
-11354
-18732
-13490
-16335
-18468
-20249
-21735
-21701
-20607
-18027
-15961
-13793
-10087
-6702
-3136
-590
1443
3053
4582
4035
2013
297
-1626
-5012
-8030
-11336
-13967
-16318
-18636
-19163
-18183
-17311
-14772
-10833
-7459
-4984
-2393
1485
4770
6879
8646
9808
9857
9610
9053
7206
4566
1525
-2426
-5069
-7128
-9647
-11538
-13356
-13231
-12269
-10856
-7960
-6069
-2589
887
4682
7473
11231
13521
15114
15724
14902
13802
11319
8019
4206
174
-3641
-6270
-9682
-12157
-12540
-12144
-11412
-7963
-5258
-1351
2292
5602
10054
13532
15893
17919
18849
18405
17493
15990
12581
8926
5543
1789
-1260
-5134
-9583
-10897
-12494
-13255
-11983
-9470
-6058
-1875
2493
7407
11447
15376
17654
19469
20803
21539
22207
20758
18689
16806
12838
9757
5509
2190
-2215
-3644
-4908
-5246
-5324
-4415
-1089
1463
4147
5692
8901
10972
13270
15675
16078
16620
16007
13750
12529
8130
4831
1973
-1310
-4172
-5117
-7022
-8487
-8608
-8163
-6783
-2942
-15
3027
7019
10594
13641
16120
17693
18508
18056
17744
16634
14170
11046
7293
4131
716
-3542
-6972
-9415
-10363
-10465
-9609
-7595
-5205
-2678
-216
3465
6791
10339
12393
13636
14694
15322
14982
14138
10486
6145
2283
-314
-3993
-7490
-10424
-12973
-13766
-14006
-12395
-10080
-7576
-4259
-913
3221
8248
11355
13691
15854
17115
18009
17670
15886
13322
11639
9537
7098
4087
968
-2132
-3734
-3810
-3994
-3190
-1146
1580
4865
9079
11362
13389
16042
17130
19256
21363
21655
20340
17710
15467
13186
10324
6591
1693
-1579
-3790
-4785
-5481
-5670
-5374
-3735
-1493
2158
5932
9012
11975
14584
16815
18652
19777
20328
18009
15567
13263
9284
5266
711
-2286
-5772
-8223
-9928
-11549
-10772
-9901
-6311
-2741
725
2880
7029
9725
12919
14974
15742
15929
16863
16380
14268
11893
9439
6048
3008
-1262
-5249
-7840
-10048
-11801
-12590
-11484
-9819
-8039
-6130
-2928
706
2884
5809
7247
7883
9327
9290
8745
7613
4440
1135
-1156
-4765
-8967
-12692
-14801
-16861
-16817
-16903
-17075
-15595
-20026
-14212
-4312
-1120
2378
4654
5845
6980
5774
4627
3895
1314
-1591
-4726
-7277
-9800
-11671
-13820
-14101
-14250
-14067
-12860
-11560
-8805
-4848
-1592
889
3880
7681
9328
10644
12495
13375
13776
12773
10158
8266
5943
2868
-351
-3240
-5871
-7227
-8330
-8920
-8224
-7739
-5678
-3093
-134
3879
8215
11402
14460
17217
18380
18330
17148
15848
12007
8650
5404
3264
-1135
-4800
-7364
-10166
-11161
-11417
-10344
-9214
-6477
-3864
-995
2117
5446
8419
10924
11157
12004
11420
10819
8301
5399
1678
-2049
-5515
-9608
-13014
-15213
-17596
-18307
-18168
-17639
-17055
-14125
-12203
-7306
-2956
-377
1797
3409
4623
5899
6737
5236
3905
1417
-792
-3702
-5866
-8878
-11111
-12801
-14708
-14555
-14351
-14236
-11377
-8751
-6034
-2992
480
3293
5103
7110
8776
10453
10067
9764
7959
5997
3207
1062
-1572
-5097
-8343
-10360
-13465
-13294
-11505
-10348
-8445
-5709
-2371
2024
6271
9439
12490
14671
16900
17934
18551
17575
16097
14285
12733
10227
8286
4701
2064
487
-217
-742
-885
-884
1042
3256
6477
10050
13608
18009
21610
23321
25038
26634
26503
25652
23289
20646
18344
15584
12288
8208
4203
385
-2232
-4114
-5359
-6465
-5777
-3637
-474
2393
6463
9614
13392
16244
17582
16857
16436
14813
11864
9512
7533
5262
2311
-993
-3416
-5450
-7423
-8350
-9824
-9203
-8379
-5510
-2459
1393
5312
8833
11899
14569
16690
16753
16575
14977
13396
11868
9492
5234
2099
-1508
-4609
-8409
-10595
-12604
-14162
-13576
-13262
-10330
-7173
-3787
-584
2408
5146
7323
8186
9052
9584
8452
6443
4145
2145
-431
-3850
-7171
-10710
-13844
-17000
-18729
-19142
-19381
-17241
-14341
-12461
-9256
-5640
-2687
-108
2035
3480
4755
4689
3471
2995
2136
558
-2075
-5208
-7829
-10666
-12091
-14805
-15996
-15508
-14374
-11895
-8236
-5126
-1701
2168
5897
8839
11824
14508
15284
15434
15284
13914
11738
9293
6021
2804
-305
-3610
-7544
-9908
-10191
-10690
-9666
-8898
-6966
-4572
-1866
1839
5402
8452
9718
11813
12739
12738
12469
10713
9043
7145
4665
1701
-962
-3247
-5391
-7229
-8946
-9119
-8413
-7687
-4391
-1468
2269
5898
9401
12901
14784
17184
18570
18696
17554
14751
11621
9082
6736
3635
-89
-4066
-6906
-9241
-10565
-11159
-10592
-10297
-8011
-4772
-1587
1429
5492
8447
12307
14862
16922
18441
18672
17627
16422
14425
11506
7136
3626
309
-2236
-3844
-4889
-5299
-4326
-2191
320
3672
7546
10651
13721
16991
19454
20974
23384
24083
23848
22272
21616
19373
16293
12532
8954
6421
3073
1722
-204
-104
651
2970
4966
8647
11801
13791
16709
19437
20823
22027
23098
22587
22556
20839
17674
15335
11565
9071
5901
3104
1031
-1173
-2681
-3964
-3436
-2400
-455
2580
5714
9313
12456
15417
18436
20777
20273
19900
19291
18151
15361
12712
9785
6329
3478
732
-654
-2122
-3569
-3369
-1716
456
3094
7124
9383
13250
16595
18563
19672
20675
21087
21320
20348
17707
15901
12932
10304
7663
5541
2160
-27
-2420
-3452
-3192
-2781
-206
7786
16136
22806
14498
17645
19544
20930
22112
22298
21360
18944
17015
14590
12522
8791
4629
2018
-670
-1794
-3879
-4627
-3900
-2174
-169
2297
5909
9856
12487
15077
16798
18496
19438
20722
21090
19034
16699
14235
10698
7540
3769
-278
-3239
-5000
-6385
-7055
-5021
-2813
-58
3217
6245
8719
11117
14065
16212
18057
19249
19559
19797
19035
16980
14598
11553
7225
3059
-1305
-3811
-7309
-10190
-11126
-11017
-9990
-7625
-4660
-1435
2735
5884
9158
11203
13428
14453
15964
16143
15068
13384
10842
8030
3883
6
-3424
-4649
-5807
-6798
-7599
-6484
-4042
-589
1920
6456
10662
14183
19690
23147
25600
27455
28935
27664
24593
21867
18194
15137
12337
8340
5715
3561
1492
80
161
929
3712
6126
9285
12658
16195
20597
23498
26116
28672
29928
29754
28587
27497
26063
23022
19011
14561
10587
7191
4459
2826
1844
1074
2218
4140
6345
9528
12081
15579
18634
20811
22201
22628
23104
21645
20128
18249
15079
11437
8053
4770
946
-2803
-5573
-7347
-8939
-9321
-9362
-7488
-5302
-2278
300
3784
7515
10078
12068
13689
14172
13595
11779
10126
6824
3454
-426
-3837
-6140
-9131
-11008
-12944
-13847
-13403
-12498
-10663
-8666
-6113
-1810
2067
5622
8975
10828
11643
12072
13463
11977
9724
6561
2997
137
-2694
-5745
-8446
-9781
-10331
-11248
-11392
-9486
-7226
-5622
-2131
1116
4099
7430
10084
12174
13694
13745
27140
11396
9669
6860
4282
366
-2745
-5984
-8326
-10140
-11712
-11536
-11884
-10465
-9027
-6058
-3160
-324
2691
5380
7202
8533
10049
