59820
63644
58960
1573249
-4132864
24059
19043
8972
1312
-469
-7776
-20876
-36269
-50881
-63260
-67929
-67128
-69929
-69133
-62380
-54985
-42300
-26649
-14813
-5236
3752
15735
23932
26695
30312
29164
23248
12971
372
-13032
-22544
-34449
-50240
-58549
-60804
-63137
-64564
-61524
-58053
-51720
-44836
-40353
-33361
-25204
-20545
-8796
4951
9232
8867
6559
3787
-3076
-11456
-23964
-38316
-47725
-56977
-60485
-62673
-64729
-64517
-62272
-57645
-48924
-36964
-23221
-14152
-4605
4103
13515
20412
22636
25104
24648
19748
9148
-1532
-8353
-18416
-26716
-34772
-48888
-59920
-65705
-70688
-72065
-62436
-51244
-37004
-22289
-11732
-601
11780
-35281
-45508
-52412
-55060
-53176
-46721
-39964
-31924
-26357
-15964
767
12260
21748
29824
33428
33527
30663
24079
18232
8552
-8216
-22548
-32216
-44720
-56509
-63453
-65820
-62560
-58340
-54824
-46184
-34000
-23232
-9756
10631
29424
39647
42139
47471
55831
56928
47807
34448
21503
15995
8960
-3740
-17860
-21513
-16321
-17597
-23937
-29196
-24601
-14292
-5040
-592
10207
23288
35007
44620
54459
59147
61543
62148
58143
48476
31948
15187
4011
436
-3540
-8228
-17264
-21341
-21568
-18641
-12796
-9220
-9572
-3993
10692
23767
33171
42820
53640
62219
63588
56755
49952
45231
30696
8023
-4820
-10216
-20197
-31772
-40169
-44077
-43040
-40048
-34785
-27012
-21133
-16452
-3012
15955
32427
35875
35231
34056
37723
37912
35532
28635
18167
8883
335
-4573
-8176
-18433
-31056
-38960
-42656
-48069
-41736
-31293
-24809
-11584
4296
16439
27344
37427
39472
39163
37215
29168
17191
9019
3667
-3185
-12097
-25140
-33232
-36705
-44164
-54636
-58165
-56305
-49524
-43677
-36549
-21397
-5837
5220
12723
19823
25515
28663
27536
24839
22131
9407
-7140
-14788
-20636
-27492
-34833
-46229
-54777
-60520
-61477
-58512
-51901
-45553
-47560
-42744
-29273
-10173
2796
5383
10267
14480
17508
17007
12392
6675
-6724
-22772
-34780
-39164
-41253
-44848
-48680
-55460
-56784
-52468
-47752
-41197
-32688
-16965
-4289
9364
25916
35648
42131
48831
55644
53552
42043
32408
21055
11751
3559
-7481
-17804
-26169
-32768
-37792
-41868
-37344
-31964
-29008
-22132
-11948
-1080
16900
37831
49520
51711
53375
54695
56295
55100
45327
32971
19980
8632
404
-6852
-15640
-28976
-39224
-36201
-30029
-27701
-29093
-23984
-9668
9591
24656
33992
40492
47095
54080
56048
51199
44703
33252
21304
8956
-6305
-19324
-29005
-35116
-41897
-39984
-31305
-25901
-22412
-15253
-8741
903
12767
22783
30363
39019
46372
49723
51103
49132
48636
46620
38043
26359
13392
4632
-5024
-14437
-24216
-31836
-34924
-29428
-21549
-17712
-7669
3651
19083
30463
32568
31448
32744
37939
39527
33744
32487
30963
22955
14952
8104
-1457
-13288
-22880
-31409
-39113
-48156
-48188
-41832
-30444
-15025
-3560
5639
15304
25759
33343
40572
41895
36300
29371
18619
10912
3683
-4845
-17341
-28029
-33984
-37140
-46345
-57705
-64301
-62376
-50540
-42761
-42572
-40085
-30857
-16576
-873
11264
17244
20483
25380
27064
22939
15684
6384
-8261
-18512
-28281
-37777
-46945
-53820
-53469
-49668
-46556
-40772
-37296
-32093
-21504
-9625
139
8519
16815
25431
31859
31691
31568
30915
25532
18311
8608
-3176
-20056
-37948
-45928
-44412
-40789
-47501
-52940
-52465
-44792
-30256
-12673
2380
13875
26263
36427
41391
42259
43520
42595
40692
35739
22795
8864
1072
-1997
-6544
-12501
-18476
-23732
-25608
-25964
-20688
-12165
-2033
5988
11895
22055
37331
49307
54212
56463
55532
54179
53915
42847
28027
16472
10192
5831
-1784
-7952
-14428
-18504
-15485
-7637
-5644
-4669
-821
9283
24823
36835
42175
44976
52096
57483
59700
60319
56436
44220
31132
23307
12640
-268
-15720
-28324
-38185
-43176
-43308
-43589
-37949
-32052
-23625
-12841
-1505
8743
21632
28211
17915
7816
-261
-8588
-19124
-33732
-45421
-49664
-45517
-41108
-41652
-40945
-35156
-23216
-4236
14375
21952
24236
27420
32220
37128
38751
33951
24667
12636
3583
-3697
-13976
-20965
-27796
-35652
-42033
-44008
-46313
-44624
-36569
-27812
-16376
-6576
3332
13108
21512
30544
36935
35116
27544
17872
12776
7663
-1425
-15552
-29136
-38756
-45133
-46144
-43352
-44068
-47733
-46057
-36936
-24792
-14617
-8152
-1541
12159
23775
29416
32351
35303
34007
28339
20683
10595
-2640
-15348
-28233
-41156
-53008
-56448
-57624
-61661
-61588
-57320
-47968
-37100
-23785
-11700
-3304
6991
15540
17987
18395
14819
10087
6471
528
-10317
-19237
-28273
-36980
-44457
-56284
-65788
-70420
-67596
-62896
-59485
-55520
-45164
-32624
-22876
-11608
-129
8807
15308
14932
12675
9491
7527
4052
-5024
-15385
-22221
-28968
-39513
-50597
-56425
-58289
-57557
-54221
-46684
-36040
-26969
-14332
-160
12347
20660
22372
27528
31519
31595
30900
25967
20176
10976
1075
-5144
-10413
-18017
-24720
-35405
-39228
-37320
-33988
-27209
-20589
-12136
-1781
11352
25540
39291
45832
49048
54327
55464
52356
47723
39824
28664
15920
4548
-3013
-11973
-18868
-23524
-24741
-24796
-25469
-22764
-14552
-3533
3215
10084
22435
37572
47195
49768
51799
53267
56652
56616
49947
37503
22435
8451
-1668
-10705
-22680
-31613
-40240
-41761
-32777
-22376
-16685
-11644
-1293
12344
22528
30224
36092
42124
44275
43395
41424
38508
32167
20031
8004
-2277
-12648
-20576
-27016
-29425
-30488
-32140
-30473
-23133
-12772
-1153
11723
22891
34784
44927
52667
59891
61687
56871
53231
46771
36808
26568
15271
2955
-6760
-13625
-21533
-28100
-38312
-41052
-39989
-34689
-26037
-15496
-5156
4159
15335
26932
38795
41836
37692
30152
24039
19779
15408
7680
-5077
-17088
-28017
-37557
-47480
-51513
-53569
-52984
-50041
-46392
-40444
-30968
-19248
-7797
3623
16031
28400
35004
41072
46124
42515
34731
26935
18424
5179
-4456
-12913
-26192
-34812
-37669
-39285
-35921
-30708
-29941
-23197
-13608
-1273
10527
23951
38779
47772
54403
53531
53676
53283
47504
39039
27944
17127
3672
-8872
-14901
-17192
-25773
-31844
-32948
-28036
-23288
-17836
-7061
2931
12431
19740
27483
35583
44380
48375
50788
49144
44503
36632
26319
20004
13831
7588
-4204
-15876
-22069
-24477
-26868
-25612
-15244
-1768
11160
20676
30232
42915
56323
65783
72480
73579
73479
69824
62595
52379
42767
36992
31975
21827
11564
2824
-2429
-4580
-4824
-5340
-2269
6876
17760
30016
39572
50392
61820
70467
79356
83744
85067
85720
81923
72179
65480
61568
54628
40531
25707
14656
12167
12452
13492
14704
16079
20831
31627
43016
56019
67171
72548
76820
81852
85900
88483
88315
80324
68955
55736
42040
30647
21324
12856
5492
-125
-6337
-8577
-7517
-3776
6815
17432
25855
32699
39075
48495
58052
62011
61540
61676
60132
56995
47988
34291
21423
9504
-29153
-11825
-25681
-35729
-38572
-38724
-34165
-28244
-20445
-11301
2976
18364
29351
37084
41200
45524
47816
44132
38415
29792
18587
7868
-3729
-12117
-20212
-30553
-37397
-42284
-43217
-43320
-42120
-37620
-28605
-16488
-5749
4452
13435
23731
658736
43904
42123
39036
31827
24928
14367
4408
-8197
-19297
-29789
-37000
-39916
-40484
-39713
-39697
-34573
-28156
-19129
-10061
-1684
8735
18331
25411
31632
34787
35823
35767
33380
24896
11607
788
-9841
-18652
-26837
-34140
-36321
-34841
-35072
-37113
-30433
-17148
-2576
8835
16627
25748
35591
43759
52191
56356
55596
54727
49427
39411
32004
21707
10156
223
-8765
-16725
-22353
-24896
-23072
-18428
-10229
2188
14455
25523
33811
42348
49795
56140
62072
62556
61575
59287
53503
46856
36916
25247
11744
-4133
-14612
-23377
-27324
-27972
-30329
-28848
-23033
-13761
2532
16056
24124
34240
40480
49547
56487
59875
57699
53767
50536
42040
33131
22239
9612
-3329
-13308
-20481
-26640
-31480
-32972
-33624
-29029
-22261
-13693
-2172
12096
23576
33863
44191
50940
51431
49808
49216
45028
35727
22319
10919
820
-5960
-13128
-22425
-31864
-35252
-35136
-33201
-26520
-16345
-6881
3248
13483
23155
33404
42187
46140
50059
48631
44675
38544
30756
20003
6419
-10029
-21941
-31301
-41096
-48965
-53253
-53421
-49908
-44796
-36793
-27516
-17516
-8229
3380
16004
26652
32208
34559
34952
31619
26587
20268
10200
-1012
-12233
-24880
-35652
-42840
-47312
-48400
-50396
-49293
-44093
-37428
-27173
-17273
-5028
7439
18092
24031
26408
30120
31064
31551
24927
14903
4931
-6845
-18928
-28788
-38357
-47209
-52048
-53860
-54140
-52285
-46105
-34125
-21069
-7997
3447
14912
23979
32819
40191
44351
45051
42220
36255
28063
18475
10499
1527
-9373
-20469
-29236
-33216
-33589
-33513
-33049
-27168
-17644
-4096
8912
17792
28856
41511
50399
56227
58803
58580
53132
42284
31864
24451
13243
1244
-14016
-28201
-38540
-42017
-45592
-46545
-43564
-40740
-34161
-21677
-6192
7880
16912
23352
30183
35704
37944
35651
28891
19783
11132
3452
-2484
-10385
-21592
-31669
-38108
-40472
-40864
-38352
-35009
-31157
-23588
-13112
564
14132
25948
32084
41204
47739
50068
46639
43096
38888
30087
17568
4100
-8680
-18213
-24365
-29573
-33769
-35680
-35924
-34500
-27108
-17049
-6853
2931
13980
22944
34260
41263
45223
49420
50355
45804
37979
31091
21815
12544
4043
-5637
-14312
-21329
-27220
-27825
-26556
-23216
-17477
-9809
-757
8960
17416
27056
36880
43727
45736
46475
46823
44508
40272
31431
22376
15215
4443
-9120
-23420
-31381
-37629
-39309
-40209
-40000
-35536
-27652
-16956
-3385
7932
19695
26972
34003
38071
41856
41795
39632
34732
25307
15632
5951
-6448
-20445
-31557
-37436
-40905
-46584
-49893
-49809
-43781
-32200
-21789
-9872
1404
11419
18847
26583
29915
31328
30539
28548
23964
16412
6864
-2988
-9293
-16832
-27241
-35509
-41361
-42308
-45256
-44253
-40061
-29989
-16425
-1492
9500
19984
33912
45155
49192
51315
50439
46115
37684
25800
13631
5504
-1125
-10237
-20560
-30408
-35928
-37404
-37820
-36389
-30068
-22653
-13793
-2089
10315
21928
34715
41300
46427
47532
46923
46336
42016
30711
17075
3727
-4512
-9520
-16328
-22325
-28165
-29485
-27552
-25985
-19333
-9756
1292
9727
17763
26595
37787
48987
55051
55676
55175
50731
43911
34860
28099
16207
4816
-5572
-14884
-20361
-25769
-25065
-22509
-20117
-16288
-8569
2971
14283
24088
35283
47907
61971
59788
57524
53947
43967
30455
16087
3795
-4148
-13708
-21921
-27837
-30529
-32032
-30560
-22816
-13120
-625
13596
28643
38419
46567
53743
60495
64232
59804
54840
48360
39360
29868
20156
9084
-336
-12680
-21033
-27533
-32680
-33945
-32400
-30888
-26257
-19728
-10472
-232
8507
16052
23055
30071
33035
32752
29604
22440
11431
-1577
-12889
-21252
-31385
-40496
-47372
-53232
-58248
-57089
-55333
-51892
-43277
-34621
-25217
-13325
-2088
9427
17588
23703
25232
23952
23104
17595
7132
-6732
-20053
-32565
-42661
-53068
-60404
-64541
-67636
-70036
-66968
-60345
-51844
-42952
-30428
-18369
-9497
-357
6944
13824
15696
17168
14312
5932
-3173
-12372
-22729
-33173
-44716
-55909
-65957
-71892
-76052
-76296
-70016
-62956
-54745
-44152
-32368
-21373
-8384
1736
10395
13939
13572
13568
11667
10203
4867
-5893
-14092
-21693
-29280
-37769
-45857
-51793
-55204
-56273
-53721
-47900
-38637
-27069
-14809
-3093
6515
16559
24396
30472
33764
30263
23520
16955
9543
232
-9376
-17716
-28496
-35037
-41489
-44180
-43629
-41972
-39392
-33305
-24000
-12140
2699
15115
25180
35832
43699
50131
53108
54812
53967
47691
37427
28103
19951
9339
-1636
-9453
-16548
-20516
-26189
-27244
-24088
-18569
-9549
24
8780
18652
27300
35984
43116
45463
44891
42175
37588
31088
20535
10760
-765
-10888
-20601
-30153
-36228
-40872
-42661
-43148
-41480
-37873
-26864
-13325
-2097
5340
13860
23056
29711
35536
34951
31532
27996
19671
10104
-360
-11977
-25121
-37184
-48625
-57068
-59640
-62160
-61497
-58784
-51444
-43521
-32432
-21936
-11224
644
11200
18779
25659
27640
28736
29292
22907
15664
8335
-3437
-16093
-27824
-38761
-46101
-51469
-54600
-57184
-56796
-51509
-43436
-33000
-21653
-10065
1984
12296
19032
22903
23212
21176
17367
11607
4691
-6184
-16752
-28205
-39113
-48532
-56213
-59440
-61996
-62952
-60421
-51392
-39937
-31229
-21976
-14880
-6997
2919
10479
13423
12491
10676
7427
663
-9485
-21377
-31612
-40981
-49485
-58841
-63684
-68040
-70605
-67497
-59477
-50449
-39864
-27917
-16469
-8065
804
9604
18020
21324
21508
20620
18408
14507
8955
1879
-9145
-20853
-34100
-43617
-52585
-59532
-60252
-59493
-58541
-51228
-40232
-28197
-15876
-5621
6328
18412
26971
33571
33428
29307
24212
17056
7367
-2965
-14184
-24001
-33496
-39809
-43597
-45469
-44400
-43581
-43217
-40249
-31524
-18553
-4733
7935
17280
28536
36239
43304
46107
43619
39400
31392
20503
9567
-3464
-15165
-27793
-37633
-43237
-46765
-48269
-48624
-45749
-38980
-26845
-13416
-2673
6635
15588
21704
29476
34484
34200
31328
28095
21344
12976
856
-10233
-21740
-32741
-42424
-51433
-56117
-58076
-60392
-58201
-52917
-42617
-30425
-20433
-9733
-516
10604
19947
26995
29096
23287
18984
11651
5255
-4636
-15980
-25645
-36201
-45192
-52016
-55329
-57357
-56269
-53025
-46772
-38857
-28889
-17412
-4724
6656
15331
22567
27212
27799
27175
24731
19048
9299
-2613
-12476
-22409
-30596
-39501
-46512
-49685
-52020
-49908
-48020
-42077
-33868
-24504
-15757
-7312
1116
7000
12420
17608
19883
20296
19804
14467
5107
-5969
-16817
-25632
-36693
-47349
-56145
-61120
-61597
-58997
-54961
-45369
-33832
-19869
-6637
1948
12263
21371
31004
32323
31823
29624
26399
19928
8600
-2492
-14649
-25373
-32493
-38961
-43665
-47360
-47757
-41729
-31836
-20061
-7188
3943
14464
24463
31763
39656
44024
44359
40768
35528
28108
21648
14991
4052
-7304
-19124
-27836
-33712
-37456
-38965
-36612
-33469
-26452
-14984
-2576
9044
17540
28324
36288
44315
46860
45719
43367
40196
33387
24087
14328
1288
-10181
-20088
-28448
-35900
-40933
-46289
-47856
-44001
-38037
-28201
-17181
-6588
3107
15215
23055
27727
30203
28927
25611
20520
15311
5852
-6141
-16229
-25888
-33300
-41268
-47840
-52361
-53772
-51960
-48876
-44484
-35685
-24821
-12861
-1728
7908
13340
17180
22255
23859
22976
17027
7956
-3024
-13900
-24465
-35576
-44960
-52220
-59937
-63784
-63116
-60609
-56912
-49172
-41257
-30605
-20829
-10096
3755
13460
21175
26703
29536
28579
26347
19944
12611
2467
-8137
-18868
-28633
-38113
-46873
-52272
-51397
-45644
-38825
-30304
-19177
-9233
1947
12783
22579
32888
39111
41215
42563
44327
42144
36984
30108
20363
9740
-2725
-12905
-22197
-29404
-32645
-33792
-32712
-29192
-21265
-10820
860
11428
22928
35887
45312
50700
53628
53200
53784
52016
44799
33095
20652
12379
3679
-5301
-14493
-21981
-29304
-33608
-35084
-32592
-27704
-19628
-10356
255
9671
19988
28847
36012
37832
41080
41384
37203
30471
19975
11500
2992
-7805
-16469
-25469
-32033
-34700
-35120
-33440
-29781
-22885
-13636
-3649
7419
17443
27063
38447
47252
50375
51756
52216
49251
44279
34219
23280
13064
3175
-6657
-14740
-22268
-24668
-24500
-21984
-16472
-10784
-4244
4604
12116
21339
29295
37551
43059
45248
45967
41316
36991
31891
21044
9707
-2445
-13077
-26177
-38365
-45933
-49233
-48080
-46896
-42045
-37032
-29600
-18145
-7132
3547
14100
22372
27459
29576
32375
32723
31644
25563
15060
5072
-3716
-11976
-19013
-28896
-36192
-40165
-40617
-40132
-37961
-32732
-25020
-14041
136
12116
22719
33592
41203
44324
43756
43244
40360
35548
26767
16331
6727
1088
-4548
-14108
-19529
-23837
-26904
-25105
-23445
-17116
-9532
-116
10339
19771
30788
40615
45291
49307
52071
51284
47395
39484
30035
19211
6816
-3737
-15188
-26620
-35297
-41020
-40041
-36233
-31249
-25589
-18713
-8169
5047
17007
26320
36016
42200
43248
41763
43051
39740
33887
24832
12072
671
-9836
-17629
-23616
-30560
-34148
-37448
-37196
-31769
-25488
-17852
-7220
4287
16200
26124
35431
40800
43027
42988
43916
42784
37983
28623
20460
11423
2056
-9245
-18080
-23913
-27545
-30305
-29420
-25132
-17601
-6873
4224
17544
28355
37192
44543
51132
50972
51108
47771
44304
36847
25847
12043
2015
-8972
-19501
-26609
-31541
-35461
-37017
-34160
-29881
-21317
-10936
275
11423
22515
33287
43620
49063
52264
54484
53651
51444
44407
32715
19871
9747
220
-8980
-15465
-22861
-27468
-27341
-23864
-19040
-11097
-1325
8787
18831
29664
40403
49332
55455
62891
66476
65783
61412
53852
43612
31927
20724
12163
3255
-5588
-11741
-16100
-14860
-10133
-4024
2752
9579
18847
26380
36856
47331
56523
63847
66795
67855
68664
66315
60644
53544
40567
28604
17696
7572
-2465
-7765
-12561
-13852
-12533
-8720
-745
7844
19756
32344
44832
56744
65416
76055
76352
75719
72787
68323
60864
51827
43091
35004
26875
17800
11107
7459
6043
6303
10383
15576
27087
39360
49159
59764
70087
77496
83267
85567
85348
85107
78555
71076
60895
49663
38023
27943
17928
7636
2943
-280
-4029
-7413
-6517
1251
11216
23104
35712
46307
57240
65027
72531
77512
78856
77047
70459
60619
48007
38155
27651
16776
5243
-5881
-12776
-17360
-16100
-12164
-7013
800
10527
19935
29692
40359
49275
55435
57436
57808
57004
55500
50940
44672
36379
25067
13511
3583
-5285
-14277
-21605
-27580
-29353
-28813
-25656
-18341
-8848
1443
11943
22171
32048
38572
43855
49260
50335
47947
43455
32935
23275
12711
4627
-5420
-18040
-28233
-36108
-40064
-41289
-40553
-37457
-32224
-23325
-13708
-2785
6763
18760
26215
30671
32372
30567
28624
22356
12252
1252
-10120
-20000
-31036
-40148
-49204
-54609
-59053
-60209
-60761
-59157
-54384
-45089
-35400
-24136
-11668
-1301
8475
15548
18919
17728
13896
7324
-693
-9220
-18892
-30245
-40285
-50717
-59157
-65560
-72325
-76685
-76557
-73780
-68921
-58612
-44265
-32757
-22153
-12308
-3904
5076
7308
7443
4564
-1820
-9036
-17261
-23417
-29048
-39060
-48480
-53981
-55473
-56797
-56768
-54561
-49508
-40469
-29500
-17421
-4688
7619
16015
24072
30528
32200
34259
30387
23443
13483
3795
-7784
-17732
-24365
-31949
-38564
-44181
-47412
-46901
-44212
-41852
-34872
-27349
-16169
-5048
4924
12743
19820
25596
30839
30916
29107
22359
14412
5920
-6909
-17952
-27680
-37044
-43372
-49217
-49749
-48429
-46437
-41449
-34101
-23352
-13368
-3033
7919
16200
24148
28231
31979
32587
31632
28276
20368
11335
608
-6517
-17388
-25924
-34781
-42321
-44064
-43329
-39673
-32973
-24764
-14861
-2693
10491
23416
35383
44703
51031
55643
54431
51523
47096
37916
26104
15795
7819
-3060
-12569
-19112
-22804
-23776
-23433
-21180
-17689
-11005
-5189
4535
13808
22347
32459
43336
52339
58788
60835
61855
60996
56232
50423
38355
27591
17512
6564
-4125
-9868
-14781
-15332
-11904
-7456
-1140
7720
18383
26931
36448
44132
50136
53772
55395
54031
53215
48603
41052
33107
22967
13516
2652
-5448
-11205
-17244
-21401
-21392
-19997
-12681
-5137
1156
10927
23803
34272
42503
50679
56299
57412
59372
57228
53423
46056
37019
26667
17339
5251
-5321
-13317
-18929
-22900
-24941
-23900
-19488
-11060
-2180
8792
20476
30292
42123
49992
53024
56188
56496
55979
54380
46695
38555
26963
16711
5971
-2497
-11857
-15833
-16972
-20000
-17056
-11589
-3357
7603
18447
29831
39200
49471
57147
61707
65520
63744
61487
57740
50327
39168
28508
16651
4919
-1049
-6785
-11921
-16429
-16972
-14769
-7752
2431
11356
23327
32152
41867
51695
61239
64856
67280
65879
64367
59263
50955
39328
30276
21008
10123
1315
-7068
-11512
-14165
-15280
-13913
-7332
-325
8839
20024
33044
45540
55871
66127
71928
76203
78839
76131
68836
60615
49988
37471
25272
13516
3352
-4460
-11148
-13044
-14221
-14824
-11452
-5956
1796
11803
19839
29583
40324
48276
53252
56803
59043
57516
51567
43207
32727
23047
12064
2808
-6525
-15313
-22721
-26125
-25669
-24617
-21493
-14417
-5205
4799
16268
24983
34107
41684
24191
1548256
46700
43211
36376
28615
19267
9767
-1888
-12057
-22057
-30616
-36717
-40428
-39625
-36453
-32181
-24164
-15541
-4568
6344
14648
24223
29403
31724
32375
29767
24815
19916
11708
839
-9364
-18712
-26348
-34424
-39741
-44477
-47037
-47641
-45672
-41164
-32781
-22081
-11820
-585
11012
22832
32352
37947
37695
33852
29836
25028
18323
8135
-3708
-12213
-19497
-25553
-28624
-29024
-29852
-29445
-26833
-20832
-12909
-1661
10356
19992
28235
38880
46464
53192
56755
56936
56060
52751
46732
36591
27907
19868
12971
8560
704
-3296
-4513
-5261
-3817
3112
13124
22427
31568
39608
49743
59976
66580
71144
73803
71623
68187
64271
55531
44384
31399
20223
10491
324
-8016
-12780
-15373
-17073
-16653
-11921
-4944
4112
14044
24215
35707
45500
53447
57016
59016
59511
56504
48507
40579
29959
18652
8636
419
-7685
-15484
-22040
-25456
-26192
-22080
-21393
-16072
-7753
343
8984
17552
27500
34723
38584
39827
40680
38484
33048
25588
18255
6659
-4216
-14093
-22456
-27769
-30676
-31488
-30589
-26488
-21681
-14296
-6868
3435
13912
22803
31779
37336
40888
41023
39955
37756
30072
19091
8728
-5304
-16572
-29408
-41369
-48561
-56217
-58477
-59501
-57641
-52565
-44389
-35321
-26281
-16164
-7313
376
5479
7808
7864
7679
6235
1176
-7912
-17720
-27773
-37504
-46460
-51261
-58393
-61513
-63368
-64504
-60424
-55076
-48317
-39380
-32641
-25481
-15260
-8065
-1585
2468
5924
5252
2919
-805
-8264
-16092
-24736
-34573
-43977
-52553
-59653
-63293
-65217
-62856
-57381
-50297
-40869
-33725
-24096
-13300
-2972
6071
11372
16004
17444
16987
16595
12979
8719
0
-11549
-22740
-31792
-39028
-44296
-50032
-52729
-51305
-47629
-40941
-30176
-21244
-10321
31
10004
21040
32111
38527
42588
43735
41619
37027
27724
18940
8099
-1197
-10189
-18696
-25065
-30216
-30648
-29368
-27549
-22665
-16072
-9484
-948
6584
14608
24495
33595
37359
39328
40332
37844
33327
24415
14063
3883
-6048
-16968
-26708
-34525
-39608
-42420
-43313
-43949
-39056
-30808
-20608
-10805
-561
7563
16456
25088
29611
31163
30339
29035
23679
16532
7303
-1636
-11813
-25052
-32100
-38297
-45064
-46324
-44396
-41348
-36712
-29596
-19377
-9432
-884
9911
19175
25932
28084
26752
25251
22348
14939
2659
-10428
-21049
-31684
-41008
-50301
-59060
-64989
-67789
-66240
-64233
-60720
-53765
-46864
-37272
-28360
-18412
-10612
-5548
616
2420
523
-3048
-7033
-16980
-27332
-37976
-46760
-54305
-65248
-74037
-77785
-78500
-77989
-76769
-71053
-63312
-53273
-41748
-31068
-20633
-10660
-5268
432
3527
4603
2920
-2345
-9532
-17417
-28248
-37368
-44936
-53772
-60308
-63421
-61377
-59021
-56336
-51280
-41093
-30693
-18409
-8396
499
9399
16359
21979
23464
21840
18172
10667
1584
-5661
-15225
-25508
-35225
-43552
-50012
-53457
-55037
-55348
-53869
-49108
-40553
-29736
-16796
-4369
5644
15067
22256
26103
27532
28223
26515
20555
12556
4115
-2609
-8341
-15945
-20732
-24380
-27261
-27444
-25536
-21952
-16737
-8929
-1929
8988
20939
31456
39692
45260
50443
52211
51443
48199
41875
32300
21523
11304
1959
-6637
-14905
-24193
-29796
-30056
-28936
-28373
-22917
-14185
-4545
5999
15695
23168
31267
37412
20571
2633152
38464
35491
28328
19604
10359
111
-9129
-18996
-27420
-34428
-36812
-36609
-34941
-32580
-26337
-19749
-10077
-1093
7619
17891
26215
30055
33480
32488
32643
34588
29799
21735
13235
4436
-8216
-15097
-21676
-29441
-35529
-38889
-39668
-36616
-32300
-26704
-17752
-9780
-1172
6400
15208
19844
22571
23136
23087
20460
13232
5267
-5873
-16517
-28504
-39745
-50624
-57929
-62752
-64597
-63077
-59257
-54192
-44808
-35373
-24481
-15488
-6288
3511
8520
11004
13276
12931
9584
3039
-5677
-15804
-24532
-31473
-39160
-48357
-52400
-54480
-55304
-54692
-52265
-44956
-36520
-28053
-18621
-9177
-1164
6988
13744
16207
16936
12543
8087
2688
-3940
-12564
-22837
-31393
-40401
-48192
-56196
-60092
-61992
-59837
-39680
-1934017
-19937
-11697
-3284
2283
4828
6855
5388
4227
-900
-9261
-18693
-27801
-33356
-39673
-45661
-50584
-54109
-53865
-51141
-46124
-40632
-32153
-22936
-11408
-1196
7744
19083
28152
32840
35504
35883
34232
29971
22727
12795
1491
-7961
-16592
-25000
-32388
-35760
-37389
-36024
-33357
-29289
-20872
-10641
-69
8619
17643
27287
32055
34960
36179
35220
33928
28707
17883
7052
-3825
-12228
-21492
-31844
-38829
-42673
-43653
-42933
-38792
-30736
-21021
-11845
-732
9240
18352
26816
30639
35007
36708
33343
30803
25564
16683
8164
-2708
-13549
-23021
-31540
-39217
-44529
-49072
-53153
-52668
-47221
-37772
-28056
-19133
-9796
-36
10079
17708
24516
27248
24624
19403
12936
6503
-2604
-13161
-23476
-31272
-40148
-47233
-51256
-51592
-51473
-49752
-45137
-36144
-27140
-17933
-9588
976
6684
11388
14740
13255
14439
11040
1879
-6353
-17049
-26412
-34924
-44664
-51921
-56152
-59505
-59404
-56853
-52776
-45965
-38160
-29809
-20889
-11448
-2705
5863
12967
17451
16299
15852
14591
7491
-1952
-13333
-25924
-37444
-48277
-56521
-64033
-66720
-67456
-65524
-61868
-56221
-47925
-37233
-24757
-16312
-8544
188
5931
8275
11059
11819
8523
2100
-3745
-11680
-18165
-25828
-35341
-43189
-50552
-55877
-55004
-55340
-53024
-48397
-40557
-31036
-20661
-10164
-1544
5932
12668
15999
18964
19459
13823
8451
60
-8276
-16736
-24844
-32945
-39140
-45069
-47901
-47492
-45424
-43329
-39425
-34372
-23877
-15181
-8109
1232
11039
18963
25823
27800
29191
26923
22048
14391
5576
-4705
-14401
-24161
-32529
-38068
-40040
-39768
-39760
-36685
-30501
-22765
-12780
-2249
7563
16652
23872
31876
37403
40240
41559
40488
34408
27920
17940
9356
1271
-5173
-15677
-21189
-24404
-22985
-19436
-17429
-10253
-2948
7544
15943
25788
36244
44187
50256
53595
52139
50595
49864
43759
36496
27472
17011
7199
-2221
-9532
-13436
-16036
-17001
-14984
-13096
-8724
611
9628
18667
27291
35135
40920
44267
47356
47412
45071
40559
36735
30288
21947
11779
2507
-8372
-16521
-22312
-26817
-27376
-27569
-26284
-21321
-15241
-4168
8284
15599
24264
32496
37808
41844
43276
39900
36715
29220
22136
14704
4900
-3173
-12773
-20769
-27397
-30261
-31764
-30536
-28468
-24897
-19101
-10233
-1280
7007
15060
22531
27852
31908
33407
32267
27115
18888
11040
2311
-7452
-16028
-22621
-27817
-31916
-34124
-33960
-30012
-26089
-21840
-14605
-5224
4000
11572
20487
26763
33247
-7079936
35688
31563
25959
20064
11784
3151
-5281
-13353
-20276
-25420
-26844
-25181
-24852
-22633
-16880
-6445
2539
12036
20127
29020
37868
42903
46295
46459
46415
42667
36064
28172
21216
11315
3891
-4148
-10817
-16248
-17832
-17348
-17628
-16180
-12753
-5516
3300
10884
18912
25651
34327
39543
44419
46632
44964
42252
38035
32543
24107
15127
7324
-1289
-8017
-11733
-15001
-17268
-17564
-13976
-9068
-1969
8463
18920
27511
35324
40896
48091
51896
51831
48552
44948
38608
30571
20651
10212
507
-9517
-16121
-20404
-24212
-25293
-23649
-21973
-17541
-10540
-944
9507
17739
24116
32439
39847
43688
44328
44560
42228
37107
28380
19431
10380
2939
-6584
-12885
-18237
-22757
-25013
-26004
-23488
-18061
-10965
-3788
3851
10172
17547
22875
26859
30991
33531
32095
28032
21700
15927
7744
-1868
-11529
-19280
-27164
-34392
-38037
-38065
-34032
-31065
-25832
-18789
-11309
-1465
6427
13200
18488
22627
25471
22992
21679
19975
15667
8727
-1725
-10817
-17984
-26481
-34696
-40916
-45980
-48317
-49104
-44384
-38757
-30181
-156929
-11705
-3488
6148
13856
18496
19944
22779
21908
17875
11196
5264
-1816
-12133
-20000
-26357
-33972
-38513
-41353
-43377
-41953
-38864
-35280
