19620
15940
9288
1168
-5258
-6793
-10520
-13931
-16701
-17916
-17454
-14645
-12652
-13452
-10773
-7627
-4705
-1719
-1292
-1
1722
4741
5473
5871
3304
330
-195
-2165
-5102
-8523
-13393
-16984
-18391
-19990
-21240
-21759
-20361
-17909
-15040
-11888
-8733
-6772
-3924
-308
2097
2402
1140
93
-560
-845
-5094
-9305
-11935
-15792
-17350
-19612
-20641
-21936
-23428
-21968
-21468
-21166
-20084
-17572
-13760
-10399
-6791
-3775
-111
2627
4926
3535
3006
2233
-1891
-6002
-8505
-9440
-11084
-14096
-18246
-22239
-20799
-18503
-18764
-17453
-12819
-8615
-5273
-2242
791
4864
7468
9502
9989
9130
7256
5672
-10177
-6073
-2927
-269
1225
5994
7699
8537
10074
10752
11306
10209
7681
4552
-1111
-6076
-7116
-9385
-13760
-19423
-22466
-22522
-17694
-14021
-11208
-8625
-5228
-3055
1188
4507
6358
7336
8242
7172
5222
4400
4381
3067
68
-5974
-10404
-9445
-11438
-14252
-15169
-12153
-7193
-4489
-891
3477
9395
14911
20567
22026
22154
22472
23462
24365
23349
19201
15092
13848
13992
8731
4133
-233
-2763
-6358
-9354
-8374
-7256
-6607
-4762
-2865
5028
12128
16335
17884
19919
19369
17809
16836
15100
13376
11048
7543
3362
325
-3078
-5246
-7707
-8824
-11138
-10604
-7538
-6065
-4859
-483
4863
7083
8850
12611
15990
15903
15038
13909
15126
15441
10096
4045
731
-1608
-4750
-8229
-12034
-15221
-14406
-14686
-13134
-12880
-9370
-6507
-3071
511
2654
3403
5855
10020
11890
14674
14657
12385
8860
4403
331
-4671
-7158
-11896
-18397
-22055
-20717
-17158
-13664
-11019
-8586
-6738
-4599
-3984
-4012
-787
3181
5283
4668
5919
6554
4955
2184
-1505
-3963
-7015
-11469
-16406
-21586
-22865
-22886
-21369
-18502
-15734
-15210
-14028
-11094
-6310
-658
3071
2979
3540
5242
4209
4695
4885
4346
129
-6142
-12366
-14350
-16396
-18422
-20562
-20998
-20167
-17443
-12850
-8560
-5732
-3193
823
5126
7518
8132
8793
10526
12429
12635
10339
6374
4542
-1431
-5326
-7721
-10569
-12722
-14380
-15712
-14986
-13050
-9777
-8271
-4404
502
2532
5625
9760
13031
15348
16350
13626
10401
9023
7360
4425
523
-2041
-4300
-6384
-7317
-10047
-12576
-11499
-7676
-4262
-1639
15
3427
9185
12052
12375
12992
14900
15984
13036
10996
9696
8199
5477
4305
3197
-2454
-8634
-13656
-14892
-14657
-13862
-13952
-13585
-10404
-5419
-608
3668
5995
8605
13540
17247
18780
17508
14851
13422
13224
12536
8201
4951
-107
-2140
-3181
-882
-465
-915
-3962
-5607
-4065
401
4316
3245
2334
6549
11292
14262
14004
13114
12888
11777
8600
3643
-1651
-6711
-11710
-13595
-12994
-15157
-16941
-17101
-16184
-15154
-11121
-8555
-4964
-1263
698
2316
5098
8606
11532
8677
7080
7358
5406
-591
-4522
-6502
-7834
-10492
-15655
-21336
-21160
-16109
-15276
-13479
-11431
-9134
-4543
-237
3635
6534
5434
5893
7615
8088
6984
5828
2342
-839
-3730
-6069
-9428
-11823
-15261
-18002
-19513
-21001
-21358
-19374
-18975
-14239
-7708
-1820
2805
5447
8857
11010
14016
14238
10739
5595
2571
1064
-583
-3792
-8559
-12238
-14232
-14154
-14613
-14211
-12405
-10227
-7783
-5057
1081
6205
10901
13263
13251
14001
13788
14377
15349
15110
11872
7953
1860
-617
-1921
-2830
-6036
-9476
-11895
-11753
-9525
-5975
-4011
-1300
1292
5239
9404
13085
15078
16013
15964
14573
15055
14604
12105
10930
9482
7316
3464
-1448
-3449
-5777
-6176
-7037
-4587
-2296
452
4157
9145
10514
12993
15171
17720
18338
17941
16563
15159
14824
11227
7859
5195
2353
-1706
-5790
-10650
-12699
-14137
-14615
-13541
-11920
-10482
-8296
-3127
3184
8230
9744
10251
11572
12521
13374
11029
8131
-9275
-11237
-13016
-12194
-12035
-13321
-12120
-10801
-5679
-1631
1268
3074
5780
9572
11879
11957
10862
9123
5855
923
-2635
-6691
-7317
-8844
-10067
-11938
-12319
-10399
-8877
-6502
-4073
-3963
-2855
-584
1120
3206
5509
6537
6304
5668
4945
3177
828
-2489
-6414
-9930
-12685
-13618
-16191
-16454
-18938
-18993
-16560
-11703
-6834
-4552
-2969
1029
5639
8329
11728
14313
14371
11952
8960
7331
5516
3671
-2096
-6626
-10062
-11910
-14375
-16747
-18473
-18977
-16619
-14894
-12601
-9688
-5879
-1528
1843
1884
2903
3858
6856
7465
6064
1587
-1449
-5656
-7272
-10397
-16300
-20852
-23533
-24338
-23485
-23769
-22685
-19516
-16907
-15945
-12795
-9244
-4752
-1807
-820
507
3111
5346
4369
1279
-2525
-3522
-4894
-8534
-13344
-17660
-20260
-21679
-19966
-19418
-18895
-17012
-15838
-12646
-9093
-4574
557
5239
6861
6892
8931
10263
10992
8616
5246
2690
737
314
-3552
-7499
-9857
-11576
-10554
-8372
-8590
-8062
-4805
-556
3582
7218
10572
12744
14407
16376
17086
17142
15224
11752
10125
7881
4179
-384
-3524
-5561
-6157
-6659
-7185
-8124
-6410
-3607
-299
4006
8222
12298
14096
17918
20027
21652
24082
23546
22039
18902
16430
12951
8477
3680
-442
-3765
-5197
-7060
-10003
-9924
-7318
-4033
-1409
297
2878
5479
9737
12418
12517
14062
13859
12895
11268
9594
10415
10231
6849
1502
-2222
-3727
-3705
-4738
-7068
-8335
-6116
-2710
-46
3815
7627
11670
14342
16885
18293
19448
20706
20461
20550
20074
18549
13458
9370
6844
3703
1277
-894
-3373
-3614
-4320
-3427
-2074
368
3104
4807
7597
8157
11526
12827
12706
14411
16961
15371
12205
8928
5308
560
-4884
-10216
-14451
-15917
-17342
-18147
-16996
-14217
-11646
-10830
-6856
-2602
248
3846
6525
8737
9558
9249
8495
7345
5899
3512
290
-2991
-8419
-13388
-16081
-18350
-19870
-20530
-18740
-16444
-14765
-11806
-8243
-3966
764
4783
8708
10253
11932
13434
13477
13289
11690
8697
6452
1928
-2977
-6497
-8336
-9624
-11174
-12480
-11760
-10157
-6167
-2873
-1055
930
4812
7403
11006
14414
15396
15480
15600
13533
11478
10143
8199
3218
-1229
-3659
-3321
-3255
-5136
-6117
-5931
-3160
-804
1534
3564
7156
10176
13666
17181
20481
22498
24017
24293
23771
21779
19403
16230
13201
10388
9136
6961
6103
5428
4678
3877
5484
8135
9743
13552
15856
19488
22765
25516
26937
29843
30785
30734
29029
26835
24136
21673
18578
13788
10825
7695
6725
5608
4902
4722
6305
9064
12923
17336
20307
22759
25882
28456
32457
34459
34112
33592
32889
32035
30628
26821
24052
20108
16011
13031
12289
10626
8032
5855
5561
8172
11158
13091
15518
18750
22078
24237
27991
29151
27859
27423
24845
22897
18993
15606
9995
5573
477
-2745
-4595
-6122
-8668
-9596
-15240
-4570
-858
1947
5540
8537
13280
16103
18856
19124
18237
16677
14020
12009
8545
4628
1843
-1043
-3802
-7621
-10273
-12362
-13451
-12966
-11077
-10627
-8754
-4534
-918
2418
4646
8254
11640
12092
10481
9249
7686
4762
-984
-3170
-6869
-9525
-12341
-15498
-15872
-16568
-16570
-14849
-13468
-12119
-9219
-4111
1963
5439
7704
8999
11197
13508
14221
13335
11676
7530
3842
649
-2974
-6231
-7365
-9182
-9773
-9263
-9050
-6480
-3554
-442
2971
6867
8386
9780
11638
12601
13451
13879
13937
14766
13751
12652
10443
7274
4925
3953
991
-884
-4007
-4843
-5929
-3877
-754
3173
5208
8433
12864
16592
20364
22427
24428
27624
27806
26452
23196
20371
17588
14020
10073
6133
2573
-1071
-2697
-3717
-3223
-1794
136
2463
4838
7813
11090
13357
16188
17187
18631
20304
22075
19929
17520
14834
14045
10775
6640
2036
-1017
-3769
-6069
-7213
-8509
-7530
-4864
-1865
1137
5133
7846
10647
13755
16035
16550
16633
18152
16414
13564
10004
7586
4359
520
-2794
-7294
-9025
-9896
-9206
-9674
-8543
-6626
-4374
-1024
3831
6668
9986
12132
14155
15085
16169
16702
14753
10090
6076
2123
-431
-4175
-7889
-12012
-13336
-12737
-14577
-14261
-14104
-11323
-8692
-5217
-4906
-2357
1251
4532
7313
7512
8431
8494
6313
5579
3553
16
-4367
-8987
-12502
-15606
-18608
-20646
-21784
-21480
-19711
-17136
-13428
-10296
-7234
-4021
-209
3122
5156
4378
5045
4832
4615
2944
380
-2686
-6643
-9351
-10334
-11939
-13614
-14782
-16286
-15710
-13057
-9973
-6926
-5434
-3840
-1207
3274
6223
7544
9142
10103
9671
8679
7789
5303
2925
-186
-2708
-4957
-8581
-11376
-11578
-12203
-10818
-10219
-8010
-4933
-706
4549
7437
10130
11785
12789
15256
16087
15360
14872
11472
9278
7337
4490
359
-2354
-6401
-7659
-8374
-9636
-8888
-7833
-4888
-1078
1384
3225
4605
6405
8380
9561
9555
10352
9908
9582
6689
4359
2532
876
-3657
-6944
-10276
-11665
-12962
-13042
-12089
-10653
-9410
-5593
-615
3810
9520
11275
13112
13390
14580
15181
15414
14004
12057
9847
7527
5028
2237
241
-2863
-5700
-6430
-7238
-6319
-5349
-4002
-331
2956
5806
7988
11879
15012
16596
18434
18145
18557
17422
14303
11329
7114
3384
707
-1626
-5012
-6429
-7674
-8459
-7988
-6377
-4812
-3337
-1784
1358
3677
6403
9052
11299
13239
15132
13041
10882
8569
5498
2981
-1302
-6805
-9734
-10904
-11609
-11319
-11262
-9219
-8048
-6482
-4311
-1463
725
5349
8940
10541
12326
13523
13310
14164
13112
11216
7366
3259
-1082
-5589
-8440
-11697
-13630
-14849
-14869
-14520
-14923
-12500
-10015
-6758
-1384
395
2979
5652
7009
8815
9262
7492
6276
3499
563
-2949
-6621
-8726
-10641
-13616
-14565
-17492
-16439
-15869
-13105
-10476
-6299
-3982
336
3632
7117
11322
14659
16811
17688
16966
15609
14686
12047
8515
5318
1758
-1026
-3707
-6410
-7657
-8729
-7645
-5405
-4640
-2165
1019
3240
7194
8681
10385
13446
15350
17053
16583
15206
14502
13072
11850
9820
5513
1569
-2915
-6127
-7322
-8643
-8294
-5390
-3113
-98
2617
6313
10166
13645
15149
15910
15892
15394
14901
12653
11647
9213
7102
3422
1764
-396
-2445
-4153
-6440
-5933
-5608
-3954
-1914
1070
4999
7878
13229
16413
20502
20835
20068
21033
22303
20589
18136
9724
7887
5612
3471
2678
1887
-199
-1388
-1414
400
1549
3769
5152
9474
12674
15925
17267
18816
20127
20567
19932
16724
13211
9369
5615
4736
1801
-4267
-6203
-7678
-6855
-6423
-5303
-6067
-5644
-3176
677
4063
6980
8327
10197
10068
11402
11468
9867
5744
1170
-3926
-8270
-11931
-14966
-17029
-18948
-19255
-20362
-21135
-20810
-18275
-15293
-12734
-11143
-8585
-6261
-2128
2207
4124
2499
2591
746
-997
-1459
-3880
-7969
-13115
-18366
-20343
-21559
-22386
-24582
-25136
-23914
-21584
-18323
-14035
-11255
-8587
-5631
-4023
-1566
-2015
-2772
-4192
-4963
-5759
-8482
-11964
-14852
-18528
-20415
-23482
-25610
-27553
-29403
-28985
-26742
-24286
-21721
-18786
-14865
-11399
-7108
-4016
-2689
-354
-118
-979
-2884
-4999
-6770
-9195
-13733
-17315
-19252
-19898
-22075
-21513
-21679
-20642
-20486
-18639
-17204
-14749
-11930
-7947
-4480
-1744
529
2464
2719
3470
504
-1566
-2605
-6163
-9439
-11765
-12800
-14613
-15624
-16118
-16057
-15080
-13171
-11516
-8563
-5898
-1848
1633
4776
7560
9697
11215
11907
11051
9938
10201
8523
6987
5212
1327
-2093
-4654
-5612
-5963
-4869
-4797
-4304
-2282
844
5252
11070
14724
17187
18359
18791
20250
20745
19973
17083
12846
10033
6861
2513
-589
-4483
-8588
-10405
-11759
-12409
-11866
-10958
-9667
-7018
-4203
-1393
1031
2765
6177
8026
8654
8630
7226
7254
6277
3451
533
-2412
-7254
-9412
-12405
-15171
-17547
-19518
-19380
-17759
-16376
-14214
-10836
-6670
-2045
463
4019
6683
7584
8209
6679
4159
1323
-2483
-5609
-9180
-12032
-15086
-17584
-20044
-20799
-20733
-18985
-17793
-16143
-13145
-11019
-7922
-3953
451
2775
4078
6116
7424
6983
5758
2616
-1876
-5642
-8645
-11530
-14077
-17376
-19335
-21235
-20668
-20314
-19373
-18086
-16049
-13408
-9473
-7343
-5135
-2098
802
2222
2153
653
-440
-1038
-3036
-5678
-9909
-13098
-16246
-18585
-19691
-20292
-20873
-20940
-20494
-16513
-13219
-9641
-6214
-3774
-2114
1650
3844
5385
6205
4741
3879
762
-1556
-4806
-7871
-11582
-15263
-15785
-17338
-17345
-16868
-17394
-15531
-13466
-11487
-8349
-6593
-2635
622
2676
4821
8084
10680
9812
8469
5658
3250
649
-1309
-5361
-8154
-10651
-11586
-12161
-12483
-11619
-9360
-8104
-5153
-1549
2186
5570
7579
9375
10782
11411
12942
11040
9839
6915
3262
1939
-443
-2956
-6148
-8528
-11044
-11561
-12526
-12896
-13151
-11287
-9098
-6391
-3424
1306
4775
7657
9460
9861
9655
10060
7917
5457
1714
-989
-3821
-6819
-8801
-10314
-12442
-13440
-15021
-14235
-11506
-10875
-7390
-5458
-2324
-873
2001
3224
5334
5551
6625
5733
4586
3198
1429
-1778
-5822
-10064
-12532
-14753
-15657
-17844
-17714
-17342
-14629
-12498
-9099
-6338
-3595
-745
547
1357
3598
4517
5257
6055
5302
5088
2768
69
-3545
-6278
-8327
-10792
-13131
-15312
-16559
-15450
-13581
-11357
-9147
-6735
-3762
-584
2659
4600
4289
4604
3915
3206
2062
-447
-2505
-5697
-8032
-11305
-14872
-16708
-19275
-21421
-21779
-21498
-20649
-18275
-14612
-11438
-7294
-4203
-94
1959
4590
6286
7386
6370
5257
4141
646
-3100
-5399
-8655
-9390
-10859
-11611
-12501
-11371
-8665
-5559
-2191
-487
2688
5850
8922
11308
12342
12535
11845
11390
9781
8419
5470
3073
-962
-3870
-6702
-9717
-10829
-11359
-11217
-10348
-8978
-6795
-4178
-360
2884
5168
7926
9035
12119
13024
12512
13421
12261
9865
7515
3875
2068
-1154
-4926
-7979
-8854
-10282
-10099
-9613
-7243
-4993
-3001
-850
2359
4542
6124
7677
10765
12716
12185
12376
12073
9480
7415
3958
-1696
-5424
-8248
-11042
-13085
-13662
-13569
-14186
-13147
-10170
-7530
-5326
-3833
-2384
354
2888
4382
4576
5479
4690
4421
3715
1355
-1760
-5234
-9202
-12059
-15934
-18975
-20197
-20698
-20160
-19294
-17170
-14589
-11344
-7929
-4452
-1392
370
1241
1473
2656
3398
2066
300
-321
-2972
-6113
-9762
-10900
-12504
-14466
-15838
-15605
-13930
-13344
-9398
-5232
-1987
405
3087
5442
7844
10371
12447
12366
11948
11087
9296
6943
5191
1537
-487
-3365
-5850
-7040
-7262
-8040
-6518
-5036
-2624
-1140
1876
4980
9337
14471
15176
17388
18318
18728
18648
17597
15323
12079
7845
4992
2001
-335
-3132
-4931
-7554
-8371
-7627
-6647
-5014
-3658
-1687
2573
6352
9689
12434
14077
14541
15298
15027
13501
11417
8757
5736
1315
-2270
-4586
-7703
-8555
-7903
-9726
-9048
-8334
-6676
-3740
-676
2670
5832
7147
9767
10208
12036
13733
14333
13525
12011
9767
7491
4387
1070
-1718
-3468
-7296
-8732
-8411
-7335
-4154
-1014
1942
3945
7446
10291
12848
14349
13839
15271
15543
14405
13874
11382
8609
5227
2506
-179
-1904
-5377
-7695
-7874
-8280
-8556
-7466
-6610
-4438
-1693
2455
5517
7641
9347
10536
12269
12291
11306
9427
7198
3894
1771
-991
-3032
-6536
-9634
-11706
-11442
-11377
-11071
-9014
-8202
-6588
-4190
-587
3589
7472
10578
13734
15977
16308
17131
14397
11659
8110
5059
1367
-2384
-5765
-7170
-7661
-7265
-6023
-4415
-2454
-431
1075
3488
6027
7977
9308
11750
14201
14589
14300
14061
12202
10423
8488
5344
1609
-2082
-4855
-7075
-7309
-7674
-9270
-8529
-6473
-4955
-2437
194
3532
5637
9217
11427
14353
14182
13636
13598
11937
9668
7715
4946
1357
-1561
-3002
-4792
-6322
-7295
-8550
-6728
-4723
-3123
-1214
1960
4629
8384
10073
13149
14568
17061
16856
16072
15013
12555
9402
6534
3770
724
-1935
-4282
-5524
-7348
-6465
-4361
-3621
-834
1739
3699
6954
10511
12797
15757
17157
18023
18296
17313
16127
14552
11258
6642
3855
-881
-4478
-7499
-8900
-10256
-10620
-10191
-9284
-6062
-3085
-1035
2351
5258
7772
9813
11619
12847
13583
12638
12030
10103
8571
6114
2673
-55
-1782
-3077
-5413
-6136
-6066
-4875
-3332
-1041
953
5694
8380
10866
12964
15971
17105
17290
17633
16950
15995
12446
10532
8070
4247
1803
-861
-2154
-3833
-4603
-4510
-3014
-1380
929
3239
4891
8009
12091
14714
17279
19160
20691
21855
21753
20406
18928
17045
13769
9681
6193
3095
1546
213
-120
410
1912
3081
3042
5151
6805
9104
12139
16473
18971
22306
24750
27283
27840
26139
23809
18220
14339
10996
7333
5987
3800
2375
1920
3889
5669
7533
9258
12427
14724
17134
19742
22409
23412
24215
25671
25770
24600
22072
20177
17399
14250
10777
8083
5610
2833
2925
1810
2559
4171
6096
9005
11823
14682
15230
18628
20840
23551
24441
23818
22810
22413
20310
16827
13520
9879
6311
2739
1544
-988
-1684
-3088
-2812
-1135
686
2163
5723
8561
11822
14957
17565
19980
20071
20530
19117
15777
12488
10531
7772
3947
370
-2065
-3254
-4113
-5409
-6224
-7338
-6585
-5966
-3145
-1991
101
2432
5601
8216
10949
11768
12831
12329
11445
8354
7236
3604
-1212
-4727
-7074
-8986
-11015
-12800
-12588
-12364
-10815
-7611
-5321
-3864
-1558
1283
3308
4480
6526
6867
6731
6668
4490
2518
-96
-2940
-7915
-11765
-15329
-17525
-19420
-21409
-22503
-21581
-20002
-18644
-17110
-15177
-11446
-7208
-4784
-2793
-784
-612
-1086
-1559
-3527
-6237
-9366
-13504
-16547
-18953
-22051
-24726
-26611
-27952
-29246
-30480
-28586
-26714
-24376
-20956
-17345
-12978
-9661
-7191
-4014
-3361
-3886
-4542
-6505
-9084
-11876
-14760
-18972
-21152
-23732
-24711
-25224
-25209
-24929
-23947
-22079
-18520
-16425
-13584
-10295
-8204
-6223
-2631
-1504
-528
-172
1963
851
113
-1593
-3778
-7742
-10821
-12937
-15624
-16988
-17801
-17668
-16875
-15866
-13271
-10284
-7353
-4048
-1422
696
3696
4925
6180
6323
6166
5387
3536
2956
655
-525
-4570
-7991
-10350
-12082
-13732
-14084
-14560
-13212
-11538
-9505
-6692
-4883
-2063
608
2945
4258
4507
3893
4133
4545
4463
2050
648
-845
-3561
-4572
-5048
-7455
-8347
-8568
-8078
-6159
-4757
-3374
741
3054
5544
7351
9840
12097
13680
14415
14237
13498
12368
11449
9480
6523
3304
490
-2721
-4525
-6623
-8175
-8595
-7062
-4431
-1385
754
3584
7045
10024
13387
14834
17188
17841
17448
16834
13089
10618
8362
5083
2119
22
-887
-1932
-1536
-1664
-1697
-548
2346
5286
7087
9596
11598
14680
17902
21346
22547
23140
22980
22542
20872
18227
14594
11665
7329
4884
1661
-912
-1264
-1277
-708
229
1893
4120
6609
8798
12232
13427
15182
16515
17620
18758
18279
15485
14480
11377
8676
5108
2239
-741
-2734
-5133
-6089
-7011
-6369
-5475
-4067
-1945
1482
3708
7534
10865
13319
15593
17487
17898
16619
15067
11919
10327
7576
4608
1738
-85
-2967
-3141
-4830
-5774
-6280
-5028
-2399
512
2895
6429
10041
14010
16060
18755
20205
22376
21319
17725
16283
14019
11559
9924
8105
5997
4168
2687
2610
2123
3972
4725
5598
7388
10087
12203
14931
18342
21450
22528
22974
24039
23081
21360
20049
17883
14688
11405
8215
6072
4194
4394
3253
2251
3219
4892
7232
8890
12101
15005
18948
21547
23790
25632
25671
26452
26630
26060
24061
20452
16062
13575
11004
7579
5221
1589
-658
61
413
1368
3662
5444
8679
11306
15021
16646
18158
19604
20589
19342
18672
16924
14492
11249
7953
5837
2849
828
-1113
-2956
-3804
-4430
-2599
-354
792
3301
5329
8047
10626
12167
13277
14241
15859
16748
15337
12761
9944
15718
10114
2351
-1446
-5676
-7216
-8344
-9055
-8995
-9178
-7587
-5135
-3943
-2279
337
2510
2928
4651
4877
6422
7109
6497
5391
4307
2473
1593
-1099
-5093
-7932
-10020
-11410
-13144
-13253
-13676
-12670
-9750
-7999
-5617
-3357
-1746
1283
2594
3018
3000
3531
2965
2458
1230
-153
-1933
-3291
-5530
-7643
-9982
-9805
-10982
-11687
-10864
-9417
-7674
-4844
-2165
1510
3945
6325
8227
9683
11593
13691
13151
12456
11311
10370
7959
4323
2512
382
-1128
-3088
-3301
-2990
-2272
-121
3667
6173
9826
12665
15092
17113
19321
21428
22251
23694
23173
22963
21688
20774
19309
16427
12138
8830
6095
4021
2190
876
453
1268
3420
5021
8847
12719
16590
18808
20531
21494
22561
22362
21572
19295
16478
14220
11720
8537
5236
3065
566
-1441
-3697
-5042
-5542
-4669
-3519
-801
617
3166
4965
9045
11620
14131
14842
15561
15165
13873
10692
8713
5798
2866
-536
-2794
-5012
-7605
-7747
-8004
-6761
-5717
-3784
-1849
991
3514
5982
8372
9721
10420
10558
11239
9993
7243
6263
3128
1399
-1135
-3938
-6993
-9141
-12530
-13510
-14162
-13936
-13441
-12865
-12294
-9542
-6245
-5306
-4062
-2472
-121
-69
155
-2070
-2542
-3614
-7252
-8942
-11090
-14212
-16092
-19097
-19880
-21007
-22542
-22067
-20962
-19360
-17710
-15658
-13047
-10075
-7137
-5474
-3443
-2942
-1466
-1507
-3702
-5960
-7903
-10586
-13724
-15389
-17937
-19583
-20680
-20910
-21812
-21883
-21542
-18891
-16442
-13715
-12422
-8400
-4090
-1827
-380
797
668
451
-701
-1196
-3790
-6216
-8997
-11290
-13799
-14752
-16245
-16506
-16074
-14837
-13749
-12286
-9807
-6993
-3525
-558
2167
4986
7113
9118
10763
10254
9219
7633
6550
3608
1430
-2494
-5684
-7943
-9528
-9772
-10614
-10556
-8849
-5245
-2744
-352
2817
5880
8340
10106
12686
14268
14677
14062
12214
12154
9502
6093
2776
-201
-2383
-5549
-8084
-9151
-9761
-10196
-10465
-9108
-7543
-4496
-3119
-676
1481
4468
6330
7065
6114
5518
3486
2088
355
-2466
-4212
-7754
-10008
-11216
-11815
-12437
-12225
-11316
-9283
-7963
-6468
-3929
-2099
-253
2275
3338
5027
6434
6310
4628
3154
1028
-1442
-4984
-9117
-13017
-16302
-19150
-21666
-23841
-24377
-24714
-22828
-21531
-19445
-17062
-14218
-11367
-8934
-7298
-6999
-5802
-6047
-5949
-7324
-8268
-9227
-10933
-13339
-15557
-18064
-20431
-22684
-23595
-25690
-25309
-24783
-22867
-21330
-18452
-15175
-11520
-9007
-7986
-5489
-4952
-4663
-5436
-6829
-8230
-9968
-12595
-15448
-17255
-19778
-20458
-20933
-21607
-21894
-21507
-20610
-18119
-16027
-14405
-12115
-9234
-5738
-3531
-315
317
1756
1586
902
-239
-268
-2085
-5239
-7642
-10252
-11279
-13412
-14617
-15404
-15490
-13975
-13287
-11245
-8092
-5205
-2179
-365
3196
5520
6525
8047
8684
9256
9195
7863
6287
4504
2631
-405
-2848
-4176
-6307
-7547
-6589
-4645
-3304
-1847
549
3767
5622
8817
10914
12991
14979
14517
14848
14290
12568
11428
9077
5324
3282
480
-2527
-3687
-4224
-4507
-4853
-3700
-2396
-969
-115
3215
5207
8032
9430
10911
11603
12216
11131
8815
7900
9938
4512
-2122
-4983
-6708
-8429
-9880
-10285
-9708
-8567
-6818
-4893
-3933
-1545
1301
3718
4500
7327
8912
10169
10468
10364
10499
8262
6128
2850
966
-2306
-5818
-7967
-10045
-11578
-11861
-11346
-10229
-8770
-7892
-6390
-3320
-1638
132
1117
2486
2803
2900
3384
1718
-160
-2494
-4901
-8958
-12527
-16927
-19526
-21274
-22737
-23966
-22815
-21153
-19505
-17220
-14765
-12576
-11020
-10125
-8886
-7508
-5655
-5823
-6489
-6953
-6206
-7297
-9121
-11187
-12773
-14944
-15980
-16180
-17255
-18478
-17868
-15870
-14137
-11929
-10541
-9142
-6454
-4272
-2352
-165
1171
2228
1333
1107
894
-1758
-4547
-7564
-10973
-14055
-16817
-18444
-20182
-20842
-20481
-18962
-18664
-17235
-15163
-12251
-3850
-2916
149
475
631
-719
-2029
-4735
-8493
-9745
-13238
-14812
-16309
-17201
-17469
-17532
-14618
-12828
-12072
-8982
-7189
-3700
-1959
788
2898
5372
5970
6295
6341
5665
4090
1314
-979
-3490
-5178
-5736
-6130
-7261
-8474
-7151
-4344
-2923
-908
1035
3647
6489
8262
9436
11039
11004
11035
10131
9915
7987
6002
3856
1816
-994
-3885
-5591
-7470
-8567
-10094
-10545
-9921
-8249
-7073
-4993
-1818
-160
1338
2197
3477
4311
5024
4915
2953
876
-1143
-3685
-6573
-9682
-11208
-13189
-14572
-15986
-15399
-13613
-13179
-12937
-11445
-9165
-7428
-5037
-3504
-1742
58
1965
3017
2480
1365
-896
-2873
-5972
-8943
-11995
-15170
-16414
-18125
-18612
-18890
-18811
-18236
-16612
-14311
-13403
-10455
-7079
-6331
-5420
-3596
-2589
-1263
-2152
-1463
-2403
-4511
-5305
-7290
-8906
-12046
-13809
-15689
-17588
-18161
-17929
-17443
-15572
-13112
-10739
-8081
-5979
-3779
-2870
-799
744
1405
94
-1529
-3136
-3917
-5997
-7877
-11201
-13925
-15934
-17290
-18979
-18534
-17987
-17456
-16216
-14433
-11222
-8035
-6532
-4543
-3151
-1264
-31
264
617
-555
-879
-3025
-5832
-7185
-10266
-11274
-12994
-15182
-16185
-16907
-14733
-13426
-13146
-11092
-8773
-6607
-3988
-1081
1549
3167
4683
4633
4429
3917
2001
1188
-2081
-4778
-6844
-9050
-11442
-13394
-14070
-13739
-14023
-13028
-11378
-8755
-5445
-2058
1226
3376
4794
5460
6325
7475
6787
4576
2518
947
-1415
-4658
-7031
-8642
-10938
-12283
-12028
-12997
-11996
-10399
-8177
-4767
-2812
-136
2161
5080
7469
8734
9178
9432
8888
8271
7083
5521
3249
1127
773
-408
-1751
-2491
-3415
-3442
-2896
-2417
-279
365
3492
6220
7964
9784
12207
14324
15661
14972
14582
12947
10341
8037
5977
4214
2228
-687
-1709
-1979
-3105
-4443
-3605
-2030
-1669
-395
1925
5079
7427
10068
12211
14264
14890
15776
15599
15311
13543
11741
9602
6985
4447
1537
282
-2275
-4108
-4533
-3735
-2187
-1248
744
3150
4946
7538
9288
11234
12031
11804
11956
12180
10942
9076
8137
6019
3438
386
-2271
-3200
-5668
-7469
-8114
-8174
-8474
-7084
-4072
-1682
1201
3250
6257
8434
9987
11294
11274
10727
8984
7648
5433
3083
843
-1285
-2718
-5190
-6473
-8126
-9341
-9768
-8973
-8889
-7008
-4219
-1310
490
4168
6511
9456
11729
12397
12347
11178
11332
17160
7279
5418
3073
1000
-151
-405
-1342
-1410
-497
605
2178
3876
6029
8114
10114
11127
12861
14714
14782
14764
14145
11654
9224
7516
6070
4595
1810
-458
-1528
-2280
-2731
-2104
-1583
-1401
828
2773
5369
8057
10237
12288
13370
14568
12914
13419
11566
9274
7135
4607
1689
-292
-1957
-4292
-6412
-7455
-7766
-7727
-7216
-5588
-3620
-1183
1931
3506
6021
8729
10623
11407
12437
12962
11612
11049
9452
7430
5771
3558
2333
-676
-2831
-4989
-6043
-7111
-6651
-4690
-2090
579
3452
5491
7904
9659
10558
11450
11466
10405
8677
6987
5634
4363
1632
124
-1794
-4121
-6624
-7372
-7808
-8078
-8072
-6961
-6172
-5341
-2716
-39
1754
2913
4708
5520
6539
6001
5477
4871
3545
2251
-975
-3738
-6077
-7287
-9027
-9984
-11646
-11335
-11281
-10699
-10351
-8477
-6264
-4533
-2168
-1816
1158
1381
1141
1755
1479
-1409
-3280
-5124
-6923
-9787
-12231
-15168
-15590
-16187
-16634
-16127
-15595
-12481
-11027
-8819
-5308
-2426
-1115
257
6220
4422
4986
4992
3328
1947
143
-1151
-3371
-7390
-10112
-12237
-13690
-15284
-14741
-14216
-13981
-13315
-10787
-7984
-5459
-4192
-2239
