60424
65316
14919
-2097019
-8008704
34772
30435
22787
13348
2187
-3008
-9101
-12600
-19748
-25988
-30545
-32653
-34013
-33969
-35552
-34484
-33241
-26929
-15829
-3377
3880
7683
12088
20928
27115
26380
17632
8175
-232
-11405
-26417
-38048
-41917
-47081
-53565
-59737
-61224
-59744
-57440
-52037
-43012
-32497
-24881
-16732
-6121
5448
14375
18476
19916
20795
18292
9832
-468
-10420
-20932
-29617
-40588
-46901
-51648
-54720
-55272
-57089
-55588
-50433
-44377
-36745
-28585
-20540
-9760
387
3879
6032
10796
14251
10651
4399
-1804
-9936
-18841
-27077
-33553
-40912
-46113
-48028
-45652
-42036
-42505
-39324
-30068
-15628
-5608
4919
12452
-36160
-41505
-44220
-46524
-48940
-48953
-46465
-36812
-27241
-14901
496
9167
16476
21679
26040
26344
23476
23671
18335
10371
-1177
-15576
-29661
-34340
-35976
-39780
-43977
-47241
-44745
-38560
-33984
-32008
-23688
-8880
3620
12607
24652
33680
40704
45020
41332
37280
35308
31152
20496
8752
-4412
-13992
-17712
-22376
-27733
-32340
-31088
-28993
-25245
-16433
-8268
2535
16823
31107
42023
52128
57251
63352
67343
59800
46315
36811
29151
19736
3727
-11196
-19005
-21624
-21041
-24857
-25989
-22765
-16772
-10049
-6769
83
7399
13264
15195
21799
28331
31128
30247
29703
33947
30107
18528
3451
-8916
-18689
-23736
-28668
-32693
-34528
-31884
-27856
-20641
-11117
-4605
848
7712
15059
24220
26372
30187
33775
32220
30259
27624
19775
11219
-1276
-11421
-19620
-28205
-35801
-41605
-42553
-41880
-38041
-30612
-23725
-15584
-8009
1283
10091
19580
27043
29156
26520
21587
19719
17055
8176
-1584
-10028
-19133
-27841
-35424
-41733
-44945
-41412
-42165
-44565
-39685
-35308
-27533
-14900
-5753
3699
10168
14947
24043
27192
26271
20391
11651
1455
-9760
-18025
-23457
-27836
-35633
-45984
-55785
-58953
-55429
-49921
-42732
-33520
-26492
-19109
-3952
14555
28052
31863
33876
35899
36875
37332
32516
19823
8772
-2588
-14849
-22733
-27692
-34417
-46956
-52013
-48497
-40901
-37048
-32192
-22249
-11773
-1756
6159
12047
20179
25384
25731
23292
19815
16092
9151
824
-7397
-15012
-23716
-30821
-34840
-38048
-42132
-42876
-38080
-28864
-21436
-15340
-8397
4620
14527
27768
40592
41583
37144
33227
29836
29580
24483
10075
-4589
-12517
-22344
-30221
-35872
-38313
-35433
-33764
-31308
-31608
-28789
-22120
-8716
7044
17992
22908
26168
32191
39216
42931
46427
42315
34263
22551
10020
-2493
-10537
-16620
-22092
-30713
-33873
-33505
-30208
-21608
-9365
-497
11624
19160
28804
34004
36544
41224
40127
39812
36344
30800
24896
16119
7096
-2348
-15188
-26028
-34233
-38340
-40205
-39097
-36236
-28960
-22456
-17989
-7488
4547
16308
27287
32111
28907
25851
25068
21236
11599
1611
-5532
-14056
-24112
-34305
-39653
-43077
-44325
-39877
-38009
-36248
-33280
-29476
-20985
-13973
-8716
-1536
7920
18739
25211
28347
27091
25859
26532
20140
8624
-604
-8844
-22449
-36076
-40541
-40085
-35240
-34188
-34548
-28012
-14308
-1368
6344
8683
15188
21656
23791
25259
27480
28324
27756
25295
20251
6647
-5849
-16817
-25396
-31880
-36108
-38288
-43292
-41996
-37329
-29660
-18764
-11384
-6036
-1773
9432
19955
29339
34507
34928
34691
32583
31531
24471
12772
1775
-8492
-13508
-15093
-19537
-26497
-31025
-31109
-26721
-19153
-10753
-6517
-324
10243
21460
27212
34707
44024
47768
46556
40724
29632
18836
10615
4276
-6417
-15568
-20957
-25332
-30409
-31004
-29161
-21740
-10177
-3545
1067
7087
13771
21531
31783
37492
38807
38063
38491
39080
35484
30308
23891
13264
371
-15573
-24212
-25785
-28628
-30216
-28468
-22616
-15929
-15588
-15696
-6961
3823
11387
20188
28651
30771
35127
38488
39132
30315
18940
7799
3019
-4528
-19056
-30277
-35901
-38992
-41301
-40552
-36397
-31873
-25249
-18436
-6117
8248
16827
16499
8227
2999
-2784
-13317
-21797
-26436
-31116
-33661
-33088
-36088
-36389
-32004
-21168
-9121
1524
6839
15572
24767
35031
39580
38160
37047
29643
21808
11559
1044
-7296
-19044
-30589
-41721
-45353
-44528
-45065
-45841
-42721
-37616
-27304
-18181
-12168
-9048
-1281
14971
29392
34864
34667
30503
26987
26148
18248
7632
-4069
-15820
-23792
-30617
-34732
-34741
-35905
-38112
-39137
-34613
-23785
-10969
-505
8332
16139
21247
25708
30804
31171
30584
28223
23579
15871
6160
-5281
-14944
-23085
-29057
-37444
-47304
-47804
-46260
-43105
-39937
-34093
-25601
-18325
-6156
4144
11600
17932
18523
19575
19104
13747
5623
-1305
-10069
-18901
-25760
-33340
-41948
-45264
-43005
-43493
-49380
-50945
-46708
-37316
-28009
-20965
-13161
-6185
1119
8232
14164
17336
15168
9824
1483
-3177
-6561
-12745
-21461
-29861
-33565
-37528
-43577
-43153
-37465
-31029
-24829
-17028
-5481
3055
11684
20299
27883
32779
34587
38583
40604
37700
30523
21268
9772
-2712
-14164
-26048
-32705
-36156
-36953
-35973
-33053
-31908
-25405
-16217
-7136
1668
11639
22120
32203
40800
44343
44864
43532
42952
41199
36515
28543
20412
12408
3991
-8336
-16057
-21792
-25193
-25593
-22704
-18856
-13121
-4945
6991
20635
31191
40460
42612
45227
46128
45360
42516
36896
27440
18004
8015
-501
-5020
-12077
-19429
-23437
-24948
-22504
-18181
-12137
-4980
6571
15220
23047
32220
42412
51655
55343
53475
50764
43640
36675
29887
24207
13755
3839
-2616
-8372
-9441
-12125
-13408
-15908
-12552
-6732
1135
9755
18519
25544
34723
45684
54360
60932
62099
58936
51936
44675
38492
29076
17231
9120
2963
-3016
-9340
-17568
-21828
-23453
-19084
-14264
-9108
-1037
8951
20015
28540
33411
33864
33823
36655
39187
35640
26588
14779
4104
-5069
-10233
-16468
-24677
-33929
-40145
-43088
-41136
-38729
-33368
-27364
-20601
-13656
-5269
2755
8463
15120
21939
25132
25536
22111
14819
4479
-5081
-12008
-19552
-31209
-40860
-45417
-47973
-47189
-47884
-47324
-40640
-30581
-21240
-13432
-4061
7956
18571
27700
32819
32972
28959
22351
20680
16340
10440
-2029
-14589
-23089
-28940
-34105
-36933
-39213
-38781
-35261
-28837
-18448
-8044
-160
7184
16388
29707
39984
44768
45964
44435
40187
36035
29968
20116
8475
-1124
-7668
-10492
-13237
-15921
-19236
-22008
-19652
-8485
4803
17444
30223
37963
46675
55640
63939
68440
69588
70468
67092
60791
51535
42284
32312
21331
13459
7055
2212
947
2355
2528
1399
4600
14248
27411
39496
47016
50456
58176
66639
70295
71740
71335
69328
63820
55508
45199
37391
31012
21415
15075
5020
-3913
-5477
-765
7416
12936
18591
26956
38867
51603
61352
69948
75303
77076
76896
73624
70196
65991
59248
51303
42715
33824
24795
15384
6188
-1236
-3076
-3504
-2533
-104
4999
13636
25152
40667
50720
51815
53216
56203
60292
61359
57275
48776
37136
26944
17203
166512
3308
-4332
-16068
-24629
-25748
-24661
-20213
-14012
-6905
2175
11824
21207
30056
38931
43211
44719
43615
39119
32255
25851
20124
13632
3944
-5636
-14140
-19561
-24805
-33900
-40177
-43720
-42124
-35137
-26965
-20112
-10513
47
8652
102844
32467
31792
26379
21400
13640
9436
3035
-4284
-11805
-22417
-31197
-36504
-37909
-37168
-35625
-29669
-23176
-17108
-9233
1847
12031
21768
27748
33308
37008
40911
41100
35611
28684
23607
19259
12683
3087
-7865
-17393
-20685
-20868
-20640
-19553
-16392
-10665
-2185
7020
18447
30688
39091
44244
47076
51852
52627
49271
43319
36979
32260
23024
11931
4152
-2716
-8821
-12833
-14656
-14081
-11057
-8156
-3104
1271
9356
21303
32460
41120
45564
51424
57004
60560
58120
55515
51760
44588
34252
24372
13983
4368
-4956
-10748
-14109
-14684
-11900
-6673
-1153
3908
12920
20584
28419
37547
41112
44311
46819
46952
44699
39420
32643
23115
15835
6420
-4409
-13848
-21721
-27197
-27736
-28613
-25637
-21940
-15228
-5369
3340
15335
26072
31948
38307
41756
42927
41732
40523
36536
31319
22692
11119
1459
-9421
-18917
-26832
-32464
-37689
-41897
-42685
-38300
-29012
-16833
-6129
2971
9340
18487
27284
33984
37755
37436
34555
29152
21255
12755
147
-11701
-23136
-34684
-43612
-47789
-47612
-46904
-47472
-47661
-43016
-35705
-26749
-17828
-9608
-996
7776
14500
19504
20764
18715
11191
4011
-4405
-12585
-19612
-29485
-40989
-46933
-51509
-54853
-55668
-51304
-46621
-39628
-33405
-24764
-15101
-5109
6480
15140
23012
28951
29851
30168
29683
22740
14375
5480
-4524
-14688
-24868
-35449
-43197
-47228
-46561
-43768
-41517
-37941
-30497
-20320
-10168
155
12879
17384
22679
29212
33875
37115
33055
22263
11459
3428
-4997
-10440
-15157
-23185
-31157
-33952
-30588
-26165
-22685
-16996
-11125
-1804
7548
15751
22100
26464
31168
33408
32576
31936
27199
20679
12372
3727
-3868
-11753
-18809
-25020
-29668
-32193
-31420
-28780
-24096
-18264
-9212
-2001
6136
15635
22263
30004
35488
36059
36999
34160
31568
25268
18159
8872
448
-7105
-16261
-23624
-26904
-27172
-26076
-25632
-20825
-10609
-2497
5600
13647
22272
32656
39239
41315
42708
43583
44900
41899
37275
28572
19319
8252
1048
-3893
-11325
-21796
-25797
-25517
-22868
-20200
-15796
-8837
580
8679
16771
28316
36567
43088
46331
43384
40351
37736
31095
22468
12084
3531
-7093
-16733
-25749
-37280
-43989
-48369
-47040
-42072
-34108
-25220
-14704
-4912
3939
11223
16051
22983
29511
30735
26672
19867
12492
3324
-4648
-11164
-17561
-25825
-33689
-37141
-37309
-38120
-36624
-32136
-27956
-23076
-14921
-6365
3811
14091
21055
26516
30983
32372
29731
23063
16279
7815
-1920
-13512
-23349
-32197
-38136
-43697
-48144
-47592
-43952
-41652
-36732
-30312
-22564
-12000
-1173
8843
14559
20427
24731
25968
25687
23187
18164
11448
952
-8424
-15436
-19848
-25088
-30525
-35392
-33224
-28772
-22740
-19453
-14012
-2868
8396
21375
31095
37900
42644
48039
49032
49919
45415
39452
31892
22880
13171
3835
-4661
-10325
-15081
-19088
-19865
-18417
-15133
-9085
-1028
10648
18808
27524
37888
48655
54340
57419
59052
55160
47039
39408
30463
22640
11960
-233
-8249
-13901
-17733
-21569
-22241
-19832
-18100
-12924
-7201
1600
12568
18983
28936
36732
44112
47732
48796
46359
42587
37388
29547
21343
11907
1395
-6912
-11453
-13768
-16237
-14985
-11976
-6816
559
8356
19124
28951
38856
46467
56832
59843
60092
54672
47455
39023
31591
21088
10172
2275
-6589
-14389
-19245
-19832
-17024
-13097
-8388
-1669
7148
17231
27852
37540
43035
45832
45551
44623
43623
37616
27639
16995
7420
-1604
-10532
-21764
-29132
-35685
-40505
-41485
-40272
-38673
-38188
-32692
-24260
-14289
-5017
2532
10203
15904
17452
20383
20108
19020
12927
5048
-6144
-15208
-24117
-35905
-45820
-48257
-49088
-49816
-51381
-49520
-41376
-31753
-23977
-15992
-7900
-449
5556
9532
9795
9520
7687
1591
-6657
-16617
-23544
-33613
-40316
-50376
-56785
-61872
-64932
-66268
-65053
-61960
-55828
-47821
-37737
-29188
-19725
-12005
-2424
4399
7479
8447
7783
3180
-3676
-13169
-22792
-30888
-40285
-51112
-60973
-65436
-68381
-68373
-67345
-63304
-55276
-44036
-34704
-24664
-17429
-9136
-1737
4343
8775
9240
3400
-3292
-9949
-16968
-23640
-33468
-42880
-51216
-57609
-62364
-64365
-61312
-58700
-53012
-43716
-33913
-22344
-12189
-3961
6375
15787
20843
24064
22808
20739
18363
13771
4948
-7168
-19229
-29957
-37132
-42004
-46181
-46916
-49253
-50929
-47504
-41476
-30805
-17361
-6021
4023
13743
24231
30812
36903
38407
38247
37452
33256
25744
15812
4135
-6445
-12828
-19820
-24389
-26840
-28012
-26052
-19921
-13533
-5941
2651
11931
22499
29027
37248
43223
44815
44019
42056
35612
27420
17827
8264
-3956
-12041
-19521
-27037
-32056
-35524
-36673
-35940
-32949
-28457
-21257
-11868
-3700
4051
13164
19523
25451
29051
30064
26775
20827
15852
8663
-2997
-14160
-22937
-31965
-41576
-47416
-52093
-51720
-50932
-50064
-46741
-39917
-31852
-23469
-14892
-6273
424
5711
10512
13091
15399
15235
9848
2199
-7473
-15396
-24452
-34388
-41612
-48344
-50580
-49220
-46529
-42272
-34612
-29661
-22005
-14820
-6588
-977
6676
12472
15340
16680
14367
11392
4940
-2812
-14128
-24081
-35497
-45032
-51680
-56584
-57940
-59509
-58869
-53980
-47237
-38336
-29348
-20380
-11689
-1976
8075
14159
20784
23080
21531
20011
13984
6008
-4792
-15136
-27316
-35493
-41813
-47421
-50084
-52757
-49345
-42780
-34936
-27785
-19488
-12104
-3760
4740
10576
13735
18268
16955
15063
11848
7328
1671
-6256
-14601
-23432
-30757
-34932
-38669
-40516
-41460
-39220
-35740
-29940
-19885
-8144
731
12175
20268
27516
31435
34487
32988
31496
29032
24752
17655
8739
-1836
-10916
-18773
-24652
-27505
-30901
-33765
-32977
-26609
-21321
-13120
-6304
1727
9692
18012
23755
27307
30752
32500
31384
26979
20656
12167
32
-8837
-16908
-24293
-30257
-35544
-36348
-37029
-35597
-32384
-26880
-19676
-10157
-2217
6511
13215
19811
24055
27547
28915
28108
23883
18707
8372
-1644
-11941
-21813
-30637
-35076
-40897
-44717
-46281
-43729
-37433
-30864
-21116
-11356
-2409
7639
17320
25467
28120
28932
26923
22308
17252
9539
1867
-8161
-16228
-22844
-28033
-33085
-38196
-40585
-39337
-36240
-33340
-26773
-19773
-12173
-1233
5231
11736
18079
24260
26596
26688
24980
21259
13743
4304
-6709
-19505
-27928
-34713
-41205
-45412
-49813
-49720
-48476
-43357
-33957
-24633
-15261
-7212
491
7844
13368
16819
18144
18032
16035
11447
6419
-840
-11132
-20905
-29608
-37548
-42764
-46628
-47081
-45849
-43064
-36933
-32240
-24041
-13304
-2260
6944
17612
32491
35163
34792
30323
25068
18787
12464
1584
-9612
-19453
-24616
-29773
-34844
-40220
-42021
-38665
-32836
-25640
-16201
-8244
2259
13868
23743
31351
37259
37764
37440
33132
27975
19767
9819
-76
-10573
-19229
-25969
-30492
-33865
-34649
-34209
-32625
-29328
-22461
-14460
-4492
4019
12467
21215
27680
31432
31976
31487
28188
24516
20439
15111
7047
-1796
-7816
-14312
-20225
-25768
-29668
-31804
-29117
-25053
-17697
-9485
8
11764
20020
29608
37204
42604
44840
44236
42207
36283
27724
16708
5215
-5740
-14145
-21292
-27356
-31997
-35585
-35137
-33269
-27368
-22784
-17601
-8877
-888
5547
12851
18947
22648
24128
21692
17488
14816
9191
1264
-8813
-19665
-27373
-35324
-42449
-47385
-49157
-49901
-50041
-44109
-34928
-26344
-17792
-8601
2247
10235
17012
22167
25315
27232
25204
23271
18540
12992
3995
-6017
-14676
-23300
-29061
-32440
-36781
-35733
-33253
-29504
-20872
-11940
-1364
7235
18264
28855
36791
44448
45620
44315
41815
36271
30323
22543
13264
3164
-4593
-10141
-16265
-21137
-24453
-25472
-22472
-19001
-10164
-2049
9783
19751
27796
36891
46364
54688
59115
57751
52700
46683
38160
27103
16576
7187
-4064
-14004
-20724
-26633
-30520
-30172
-26120
-21065
-14793
-6652
143
10403
20740
29412
37591
44392
46540
46828
44428
37388
29267
20431
11696
2408
-5857
-13969
-19897
-23484
-24417
-23497
-20525
-15132
-9473
-3681
5160
13831
20623
29676
36360
37587
38499
39215
40024
38007
32824
22599
12852
2292
-8477
-13317
-18613
-22205
-27117
-27780
-22513
-16949
-9261
-2005
6599
16571
26995
34552
41663
47204
48820
51287
49400
44891
37252
28179
21340
13399
5167
-2265
-8652
-14720
-17677
-19644
-18505
-12761
-10140
-2677
7824
17623
28152
36232
43900
49100
51055
52164
48215
42248
36439
29243
19828
9355
-880
-11664
-17717
-22228
-26693
-27357
-25964
-22744
-18952
-11424
-1096
7479
18084
26299
34819
42895
46167
45372
45296
38391
30936
22632
13171
1688
-7809
-16292
-20957
-24601
-25721
-23485
-20997
-15589
-9836
-2921
5595
14604
22559
31859
40715
46551
48535
47232
43243
39248
31424
23723
12047
1476
-7948
-14508
-19617
-23617
-27457
-29117
-27152
-20649
-12076
-1697
9343
20224
29336
35383
39792
46319
47667
48456
47647
44183
37556
31032
23219
15396
6908
96
-7244
-11108
-12952
-14788
-12656
-9141
-1185
7636
16068
23987
31640
40160
45664
49439
51504
52127
46912
39964
32636
24227
16148
7859
672
-5996
-10640
-15560
-17760
-17229
-14716
-8965
-2397
6095
15296
23720
33364
44263
50908
52668
50247
46896
46008
42028
32395
20696
10024
1532
-5185
-13441
-18805
-24960
-26996
-26408
-25513
-18944
-13789
-5021
4451
14748
24639
32039
36675
41432
43112
44764
44295
38383
30867
22556
12792
2863
-5937
-12408
-22437
-27501
-27865
-26445
-22813
-18857
-13085
-3716
6079
15772
25155
33320
39516
43859
46659
47716
46420
41919
35339
27428
15227
3643
-3144
-11860
-17125
-19961
-21269
-20664
-17857
-12424
-7960
1831
12003
20707
28403
37432
43488
48163
50515
52103
51860
47927
43771
37004
27016
19535
12831
4940
-1409
-7173
-10264
-9572
-8096
-5037
207
9187
16780
25840
35875
43159
56340
57127
57119
56079
50711
43792
34572
25264
18084
9843
2596
-3804
-8397
-9733
-10636
-10237
-6773
-3076
4479
15631
27180
38059
44967
51100
56252
59224
58691
55264
50155
43524
35524
26724
17848
10939
3588
-2197
-6229
-9104
-11533
-12092
-7397
-221
9628
20887
31075
36256
42964
49819
54043
55212
53704
49315
43572
37400
29967
22575
13479
6676
-1493
-7569
-13137
-16772
-17885
-17481
-15548
-9776
-3484
6387
14500
23184
31844
38476
44419
44895
42552
38812
33039
23456
15176
3512
-6897
-15941
-21757
-24333
-28181
-29152
-29141
-28908
-23537
-17232
-8740
-712
6991
12503
20835
26591
30464
31524
30983
31427
28791
21935
10259
-1372
-10368
-19785
-26233
-36437
-42629
-46821
-48537
-44356
-38912
-34213
-27344
-20305
-11648
-2712
4592
10031
14280
17496
17439
16060
11155
4799
-4452
-13632
-24412
-32697
-41037
-49689
-55240
-56489
-54497
-51720
-48312
-43589
-36608
-27897
-20549
-11469
-5084
-532
2355
2531
3295
256
-4564
-12317
-19745
-28812
-38733
-50849
-61872
-69697
-74089
-75057
-76525
-74044
-68777
-62740
-52245
-42456
-32632
-24389
-16429
-9696
-2268
439
1680
-1405
-7080
-11817
-19080
-27180
-35772
-45985
-54084
-58960
-61548
-62057
-61373
-57653
-52461
-46144
-38228
-26117
-16181
-5908
1035
6203
10844
12952
13211
10016
5340
-956
-9321
-17521
-26829
-34212
-41768
-48140
-52645
-53549
-51797
-48533
-43561
-36169
-27489
-18149
-6657
2468
12584
19116
24144
27496
27780
24579
21551
15571
6407
-3264
-12241
-20977
-29369
-34132
-34972
-35072
-31381
-27441
-23808
-16981
-9252
-393
8527
16903
25479
30628
33320
36187
36928
32840
28095
20524
12171
3479
-4697
-11932
-17336
-19373
-21897
-24956
-25584
-22805
-16656
-12025
-6265
1407
10135
18784
25927
31948
36368
38611
38063
33816
27535
22280
15383
8071
763
-7017
-13565
-15696
-16565
-19593
-20596
-18656
-14917
-9104
-452
8696
17107
25024
32248
38111
42775
45908
47116
44776
40184
31367
24728
18427
10636
1888
-7677
-13221
-16036
-18241
-16501
-12905
-7561
-1600
6556
15868
25659
38864
48495
55311
60812
64959
65228
61532
55568
46479
38384
27948
18396
8431
1007
-4588
-8377
-11185
-12272
-9604
-6253
-913
5112
12376
20716
29392
35892
40947
45168
46059
45075
41008
31987
23280
14512
4883
-6072
-14828
-23977
-27597
-29529
-31056
-30145
-26372
-19273
-9897
-1021
7911
15532
22379
29519
37247
42704
45016
44279
40643
36676
31615
24980
15275
6408
411
-5281
-10125
-13581
-15320
-15141
-13116
-7024
724
9195
19264
28192
34780
43487
50468
53652
55140
53479
49944
46387
41076
34916
29016
20576
14508
8904
1328
-2113
-3681
-3225
-304
6676
16320
25168
34623
43592
54031
61115
66199
70720
72696
72224
68364
63995
57395
49028
38491
28551
21155
13291
6056
3164
2983
4683
8287
11760
15424
23836
34151
45236
54899
61644
65899
70052
72175
71168
66583
60140
50868
41416
31260
21775
13288
6039
-792
-5368
-7880
-9077
-6909
-2644
5383
13423
22543
31156
39479
45651
49427
53920
57419
57983
53695
46344
37340
29600
20063
12144
1996
-6736
-12288
-18401
-20276
-18940
-15604
-11733
-4828
1527
9923
19136
27456
35347
23467
375480
45587
43151
36699
29719
22124
12835
2063
-6757
-14153
-19589
-24709
-27860
-29285
-28929
-25157
-19181
-12368
-4240
3731
15992
24608
31911
35800
37180
37344
35500
30624
23692
18263
9180
-1361
-12109
-22176
-29305
-33457
-35280
-36637
-36688
-33592
-29720
-23173
-13048
-3152
4587
10415
14952
19783
24304
26724
25767
20775
16760
9691
2216
-5092
-13976
-22289
-28876
-32425
-35453
-34981
-34313
-32080
-26920
-17596
-7129
1015
12724
20067
27468
33888
38444
42907
43735
40800
36227
29347
21767
13836
4211
-3577
-9344
-11588
-12012
-11428
-10161
-9356
-5172
1452
11436
20452
27543
37308
44363
50519
55972
58296
57428
54615
51315
45643
38552
31567
22232
12616
3040
-3085
-5248
-5452
-5400
-2217
2980
9907
17671
24956
34400
42047
47323
53447
58575
57371
54256
50204
43299
35584
26960
18356
9124
43
-7581
-11196
-15441
-18477
-18329
-15457
-10505
-5328
1431
10352
20599
28967
35576
41248
45820
46424
44479
40031
36563
28784
19152
8976
-1656
-10980
-19297
-23016
-26300
-27533
-26184
-24568
-18180
-11988
-6605
1687
9736
16604
22496
27176
31087
31736
30623
26260
19827
12275
3592
-4692
-15560
-25932
-32329
-37189
-41228
-42077
-42345
-39701
-33953
-28361
-19436
-11008
-3372
5600
9875
14484
16635
16523
14727
11447
8304
1611
-9136
-18369
-27889
-38236
-46921
-52976
-54757
-54720
-53145
-51572
-43176
-35081
-25585
-18644
-11968
-6116
927
5731
9796
11439
10208
8515
3092
-3397
-11240
-21669
-30833
-40344
-49712
-54789
-54653
-55540
-54592
-51333
-47280
-40300
-32308
-21908
-11784
-4444
1447
9124
15575
18459
17843
13860
9359
4840
-3668
-12292
-20525
-27773
-33452
-37029
-40005
-40189
-39789
-36581
-31200
-23860
-16256
-6945
1296
10795
18671
24328
27411
30503
30072
26164
21280
15027
7779
764
-7713
-16461
-23448
-27304
-30720
-32297
-32713
-30617
-25212
-18892
-12272
-3100
5740
12624
21423
26880
31368
33792
33735
30387
26008
18784
8623
-65
-9185
-18357
-24480
-28144
-32477
-35012
-34241
-32412
-29044
-20321
-11341
-473
6372
14295
21304
24088
27876
28144
24536
20620
15304
8859
-701
-11208
-19748
-26857
-33185
-39268
-43385
-46556
-47584
-46369
-41529
-35492
-28433
-20172
-12641
-6568
-516
4420
7492
8600
7144
3175
-3372
-11941
-22953
-34353
-43469
-51649
-59845
-64380
-67808
-70229
-69665
-65120
-60684
-52349
-42477
-37041
-27201
-17004
-7161
-1293
2111
2944
3463
2531
-988
-8156
-17788
-27253
-36669
-43224
-51460
-56869
-60673
-61673
-60408
-58020
-53496
-49120
-43101
-34277
-26312
-18852
-9801
-3276
3404
5011
4496
3252
-1604
-9505
-19816
-29828
-38184
-44900
-53273
-57665
-58977
-59549
-57300
-54601
-48572
-39221
-30280
-20784
-10529
-1652
7448
14659
18927
19932
17683
15352
12992
6192
-1784
-10404
-18333
-22537
-29389
-32588
-35057
-35653
-36085
-30749
-25317
-17677
-9529
-865
7964
17075
25968
32195
36668
37644
37079
33903
27076
22203
14863
5971
-2569
-10392
-17368
-22749
-26037
-28201
-26792
-25037
-21505
-16225
-11248
-3140
6416
15768
23843
28411
33063
34124
32583
29315
23827
16916
9252
643
-7240
-14984
-19677
-24452
-28316
-29149
-28937
-24984
-19377
-14320
-7540
2531
13508
21299
26863
16536
529152
33648
31359
29388
25008
18144
10156
2255
-5612
-12165
-18377
-24968
-30617
-33128
-33052
-28396
-23952
-17992
-9917
-616
5627
11315
16907
22520
24223
21980
20879
17139
11727
5319
-5901
-15517
-25185
-31249
-36600
-43625
-47289
-49585
-50745
-48232
-45409
-38940
-31641
-25477
-16872
-11033
-3844
1591
6159
6148
4951
-21
-7753
-15145
-24417
-34561
-42081
-48829
-55969
-59465
-60265
-60892
-58964
-56373
-51148
-45048
-39081
-28801
-19845
-11285
-4413
68
2775
5839
6319
3751
-1953
-7108
-15057
-23893
-29548
-37148
-45693
-51204
-52220
-50428
-48628
-45236
-42080
-34749
-26561
-17744
-9885
-6736
-3160
995
3951
5080
6479
2307
-1749
-7292
-15256
-23253
-29760
-36504
-41024
-44464
-46225
-45905
-33577
-759169
-15529
-6345
1347
8796
14336
17367
18388
17620
15396
10696
3512
-4996
-12469
-19244
-26552
-30724
-35949
-39268
-39920
-39441
-36984
-32541
-26524
-18117
-7489
1127
9056
18307
25620
29715
30363
29251
26199
20951
16764
8964
-161
-6193
-11888
-17337
-21768
-24593
-23993
-20545
-15405
-13424
-6876
483
9047
15607
23275
28263
32888
35135
36191
32943
26944
19728
11535
2540
-9832
-19681
-27288
-36480
-39996
-44496
-44405
-42453
-38601
-33256
-27605
-19508
-11508
-2213
7996
12396
16191
17980
19191
18751
13296
7980
-301
-8201
-17900
-27900
-36020
-43064
-48541
-51212
-52849
-50369
-47433
-41569
-36413
-28549
-19277
-11889
-4768
1404
5380
7959
6884
3536
763
-5924
-13992
-24309
-31061
-37285
-44177
-49477
-52265
-53189
-52500
-50813
-47028
-41401
-33509
-24684
-15249
-4444
3083
6863
10932
11559
9688
6015
2644
-3385
-10460
-18561
-25649
-31600
-39264
-44005
-47252
-50032
-51041
-48364
-45517
-39012
-33721
-24581
-16021
-9173
-1297
7296
14000
16687
18340
18660
15920
9355
3812
-5820
-13804
-23829
-31356
-36497
-42776
-46324
-45993
-44633
-39857
-33353
-25848
-15576
-7768
-973
7988
16260
20103
22528
22939
21872
16780
9359
2291
-5557
-13717
-22232
-28537
-36036
-39996
-41116
-40148
-37504
-34092
-27845
-20545
-14256
-6816
1799
11988
18700
19928
25672
27683
26260
24175
21595
17483
8744
-156
-9917
-18121
-24701
-30901
-35520
-34429
-34893
-31669
-25817
-18460
-9469
-121
9396
17804
21956
27176
31323
31376
28892
26080
20044
10500
932
-7469
-16036
-26177
-34284
-38161
-39408
-39817
-37284
-34304
-28325
-19381
-8645
3664
14915
23312
30619
35532
39780
39596
37964
36568
30344
23759
15040
5643
-2901
-9532
-16961
-22664
-26565
-26872
-25340
-22996
-17468
-8176
623
10196
20288
27892
34476
40215
44096
44851
46784
42596
35119
25759
16336
6923
-2529
-11805
-18389
-23341
-25441
-24652
-22149
-18381
-13237
-7725
2863
10208
19015
25171
32019
39388
42999
44811
42484
37763
31183
25336
17715
10831
263
-6880
-13356
-19237
-22581
-24780
-23237
-20721
-14841
-4209
1596
9999
18996
26664
33972
37855
40680
39692
37528
33480
28831
22587
13035
3752
-3545
-10917
-17413
-21501
-26365
-25976
-25432
-21632
-15144
-6997
2167
9396
16824
26047
32448
38052
43436
43768
41784
38567
34584
29767
19127
11096
4184
-4436
-11633
-16088
-18105
-18169
-16917
-12324
-5452
1512
8428
18011
28835
36556
42284
3116992
48044
46136
42763
36611
29651
22232
14991
5132
-2325
-8093
-12097
-12228
-13753
-10180
-4044
1315
6863
16376
25691
31808
37103
42051
47255
50735
50891
49404
45068
38959
31888
24828
15400
5036
-3960
-9176
-14644
-18080
-19149
-18605
-15705
-12804
-5412
4627
11895
20739
27715
32980
37152
37812
38228
36628
31996
24948
18180
10000
-157
-8945
-15856
-21248
-26828
-29989
-29768
-25280
-24384
-19160
-10912
-2608
5676
13152
21428
29492
33928
38719
39875
38208
35676
31279
23972
14404
3379
-2420
-7617
-13492
-17308
-20804
-23844
-23869
-22280
-15360
-8384
-1997
5668
12943
18783
23847
27328
29103
29500
25100
21239
15295
8628
1036
-5541
-11857
-17773
-22961
-27232
-28452
-28405
-28412
-23497
-19617
-14540
-6381
1532
8919
14703
19703
21424
22096
20067
17368
13256
8416
-708
-8425
-16820
-26233
-34372
-39132
-41505
-45180
-46076
-43748
-38436
-33932
-26728
-17633
-9268
-1088
6084
12508
16467
20835
24515
24475
19664
12263
7332
-85
-10236
-17997
-23264
-28292
-35676
-40588
-41841
-40009
-35932
-32584
-101821
-17644
-9072
808
10324
18059
22335
24827
25588
21995
17843
12988
6075
-1800
-10153
-17481
-22236
-29337
-34460
-37697
-38412
-36361
-34213
