27200
16364
-24020
-24484
-32238
-18829
-20870
-43854
-21049
-21644
-20400
-19489
-16486
-13352
-13526
-11778
-8762
-4660
-1132
284
-379
-320
-257
-1741
-4075
-5894
-6324
-8357
-10657
-14286
-17816
-21295
-22841
-24120
-24087
-23276
-23253
-21646
-18603
-14250
-9894
-6421
-6372
-5812
-4801
-4425
-4790
-4934
-5558
-7451
-8701
-10872
-13188
-15135
-18164
-19947
-21406
-23440
-23653
-21382
-18482
-15488
-13325
-10760
-5709
-486
2213
2899
2871
3129
3379
2275
-1139
-3579
-7674
-11982
-14594
-15164
-16467
-19261
-20718
-20126
-17575
-15862
-15681
-15855
-15227
-11798
-8358
-3596
683
4767
6165
7516
8691
9458
8449
6128
-8467
-6454
525
1115
886
2896
5582
4250
3189
2594
728
-1936
-5421
-8417
-9943
-10905
-13690
-16301
-17426
-17479
-18874
-15926
-10612
-7182
-6482
-3584
2184
12934
9330
10213
11039
12646
13561
11956
11384
11237
10667
7633
2562
-739
-4162
-7581
-9098
-8966
-7212
-7023
-4902
-1960
1669
4801
7729
12851
16316
17360
16406
16004
16312
19047
18337
15297
11972
10651
8986
5032
412
-4172
-4333
-4951
-5373
-3832
22
5590
8055
15079
21908
23298
22066
21517
19701
15859
13585
13221
12999
9057
6336
2914
-46
-2653
-7001
-8440
-9920
-12738
-15673
-16510
-13010
-10987
-8723
-5530
-2374
244
2890
5485
7122
8354
9279
9963
10945
9362
5537
128
-3502
-4554
-8062
-10260
-11503
-12437
-8857
-5642
-5842
-4891
-503
2740
4233
4030
5364
9139
11221
11360
9179
9237
9047
6514
1783
-3973
-6510
-7415
-12214
-16831
-18109
-19219
-17620
-14467
-12189
-11256
-7234
-3788
-83
2326
4027
5492
4514
4696
5481
5954
1644
-397
-225
-1877
-5674
-9735
-12108
-16468
-21593
-25675
-25266
-22105
-18488
-16220
-15871
-15587
-9605
-3808
-1350
-186
-1280
-959
2605
1635
-1988
-6434
-10455
-12249
-13256
-14806
-18838
-22287
-23951
-23362
-22053
-20026
-16600
-13498
-9853
-6870
-3801
-1853
767
3654
3626
6043
7116
3571
1415
1342
1863
647
-3765
-7279
-10071
-10227
-10166
-11393
-10328
-8137
-6448
-3090
769
5145
7858
12407
15310
17130
19207
19842
18468
17559
16848
15135
12748
9295
3492
-3550
-6190
-4342
-3916
-4567
-4811
-5566
-3542
1292
6605
8798
10087
12263
14078
16144
17060
16999
15786
13801
11846
9148
6089
5354
4481
-157
-4685
-4235
-2828
-4874
-6934
-5710
-2816
30
5
2970
9645
15899
17798
17132
15438
16773
17843
15628
8894
5389
5856
4445
2441
-2019
-6815
-6643
-4213
-4258
-5237
-6402
-7455
-4853
459
2536
2516
4336
10353
11998
13006
15709
17499
16444
14748
12091
9225
6948
1939
-2378
-3898
-3065
-1524
-1972
-3272
-4159
-3300
-664
594
1422
3718
6322
7341
8833
12906
15618
15424
13022
7525
4226
4406
2624
-2283
-7915
-11950
-14818
-15322
-13360
-12829
-12911
-14047
-13812
-11079
-7081
-4161
-2361
-1396
-1579
-11
1308
1693
1700
-947
-4126
-7155
-10989
-13925
-18262
-22932
-23917
-23480
-23594
-23207
-22357
-20692
-17041
-12998
-8004
-3353
-1070
-553
196
622
2255
3496
2741
1696
-1338
-4098
-7222
-7792
-8014
-10071
-14115
-19262
-21955
-21093
-19419
-17449
-15193
-12287
-8788
-4662
-1888
1989
5026
4876
5299
5110
4917
4340
2833
651
-496
-2971
-5787
-6466
-9354
-12470
-11147
-8761
-6861
-3791
-1009
2192
6918
9966
11452
13246
16725
19247
19685
19375
17580
16269
15001
13195
11650
7273
4447
3492
1853
2195
2273
2333
2216
1646
2750
5571
8634
10872
13200
16698
18785
21690
23234
22006
20885
19071
16541
13258
10026
4237
430
243
1422
990
1829
2207
3354
5760
7275
9244
11351
12133
12241
13434
14136
14406
16201
15482
14345
12567
8966
-30738
-16217
-29930
-12480
-8832
-6187
-4472
-1755
249
3257
3562
1604
3384
5737
7929
9110
10144
6627
1477
-2269
-5876
-9272
-12639
-14475
-16494
-16460
-13448
-9615
-5007
-2056
-202
454
1222
2406
2577
4021
3954
2968
3287
3125
3403
5363
3526
-2069
-6659
-10471
-12671
-14725
-17471
-19260
-20400
-19481
-15555
-12182
-8706
-4608
-894
4583
9410
12420
11504
9041
5831
2025
-1634
-6223
-10031
-13375
-15061
-15718
-16083
-15939
-17569
-19102
-18898
-19310
-18908
-17594
-15144
-11489
-6150
-2697
-1153
1407
3127
2673
2291
2019
-583
-4162
-8521
-12791
-17450
-20501
-21264
-21654
-23450
-24453
-22765
-18774
-14496
-11555
-8486
-6144
-5480
-5933
-6988
-5512
-3167
-2464
-3041
-4358
-7017
-7586
-7815
-10338
-15173
-19073
-21057
-22203
-22639
-22577
-21726
-18680
-13510
-11642
-10732
-8856
-4416
587
2265
2431
2270
2243
4434
4167
700
-2551
-3157
-6648
-10228
-10296
-11624
-13631
-15279
-14302
-12472
-9510
-5982
-1952
1155
2603
4557
7965
11057
12458
11544
11008
12796
13602
11229
7516
4910
3139
1573
-1542
-5521
-7638
-9390
-8420
-5016
-2554
-960
2703
5605
8603
11338
12429
14506
17172
19456
19014
18139
15834
14371
12557
10036
6287
515
-4314
-6689
-7352
-6956
-6935
-5876
-5373
-2288
2165
6129
8531
11273
12597
14531
15902
15125
14352
13867
13459
11543
9437
5642
1771
-348
-4829
-8525
-9797
-9551
-7646
-6520
-6100
-3811
-1539
2241
6244
7844
8104
10252
13387
13867
14095
14497
12281
9628
7524
3118
-253
-3047
-6573
-8898
-9628
-9777
-9193
-10066
-8001
-5963
-3649
-1348
-1063
619
4446
7692
8121
9077
9208
9089
7988
6298
4889
1962
-1054
-5828
-10337
-11322
-11368
-13783
-15534
-15841
-13593
-11111
-7455
-3828
-880
1143
3026
5886
8159
10159
10067
9203
6809
3778
2444
168
-3154
-5896
-7525
-9473
-12443
-12211
-10720
-7661
-5328
-3010
-1008
2232
7286
12258
15160
16569
18078
20333
20839
18239
14404
11159
10555
9457
6658
4196
1037
-1273
-2062
-2173
-1661
-737
-840
-2129
473
4756
7138
9412
11591
14211
17226
19376
20232
19212
15995
13560
10186
6736
4098
767
-3856
-5861
-5122
-6169
-6623
-4671
-2310
707
4010
6129
8500
12570
15607
18134
20821
22654
22256
21585
20172
15724
12898
10943
8535
7226
6033
4032
2913
2136
2078
3457
5659
9516
12594
14953
17035
20983
24069
27208
28137
29035
30424
28428
27165
23756
21891
20973
19236
17215
15342
13223
12133
10504
11836
14470
15046
15745
17521
21291
25885
28012
28999
31790
32663
32684
32775
31438
30197
26770
22299
19461
17950
16055
13174
9183
5415
3163
3328
3104
3203
4936
7411
9493
11372
13994
16208
19156
21532
22622
21419
20395
18876
17554
14341
10771
7876
4887
1855
-1309
-3533
-3625
-3005
-2991
-1548
-1834
937
2699
4960
7053
11046
12649
12658
12068
13235
13389
13319
11369
7427
3644
207
-3146
-6221
-8911
-10673
-10913
-10224
-9755
-9403
-7308
-5381
-3052
-322
1405
4493
7077
8293
8298
9042
7053
5270
3767
1659
-11860
-9210
-10435
-11888
-12584
-12140
-11111
-11241
-9388
-7278
-2945
435
3829
6486
8365
11645
12889
14439
14360
12334
10226
7434
4257
7
-3759
-6244
-9092
-11666
-12528
-14970
-16457
-13656
-11567
-9439
-7949
-5458
-1990
2246
5544
8616
9852
11367
13776
13760
11878
8948
6936
4436
4154
912
-3206
-4661
-5140
-5552
-3808
-2219
-341
407
3475
5492
8501
11826
13615
16983
18117
18001
18047
16559
14958
13021
9295
5687
2727
1646
-191
-1570
-814
-659
-664
377
881
3897
6753
7589
10543
13410
14918
16780
17483
16872
15946
13029
11639
9875
8401
6819
3372
-687
-2851
-2993
-3128
-4218
-4550
-5800
-4464
-1909
1515
3742
4629
6058
10083
12576
14082
15712
14852
13574
13611
13884
12930
10317
5997
910
-2292
-2862
-4906
-6468
-6978
-6718
-4770
-1628
1578
5001
7677
10907
13885
14911
15784
15584
14789
14550
14133
10789
6614
3109
369
-2603
-5628
-8205
-9725
-10737
-10361
-9317
-8998
-7238
-5332
-2998
-243
4418
7248
8921
11040
11077
9583
8632
5962
2830
784
-1575
-4362
-7488
-10412
-14001
-15636
-15829
-17067
-18047
-16833
-13001
-8902
-5182
-1077
2175
5735
8477
10745
11936
12568
11326
9719
7326
5189
2978
334
-2878
-6073
-8693
-11053
-12953
-12650
-11809
-9882
-8397
-6373
-2659
1083
3156
4000
5036
5173
7007
7845
7463
5897
2691
-711
-3745
-4930
-7965
-11323
-14053
-14505
-13933
-11334
-8593
-4988
-596
2888
6275
10165
14477
17533
18863
19688
19771
19021
18058
16744
15098
12252
8641
5447
1073
-2518
-4516
-6580
-6924
-6817
-8360
-7503
-5666
-3753
-264
1354
2662
4617
6185
8394
9453
9945
9120
8163
6459
3011
-869
-4154
-5295
-7391
-9761
-11255
-11040
-11075
-9608
-8261
-6579
-4189
-1672
1663
3784
6523
8419
9894
10158
9392
7529
5329
3094
2255
298
-3033
-6419
-9527
-11244
-12407
-13827
-13454
-12767
-11311
-8489
-3606
-506
2714
5341
7622
9795
12030
11662
11001
10430
9330
7304
6104
4950
2066
-222
-2510
-4585
-6021
-5541
-4522
-4040
-3431
-1381
857
3738
7181
10544
12822
15540
17061
16960
16503
17107
16528
13312
12046
7812
4384
2740
-546
-2354
-2836
-3554
-3292
-2969
-1783
-29
2572
4438
6697
9159
9366
10442
11797
11460
10100
8227
7724
6750
3582
-490
-3923
-6281
-9796
-11686
-12120
-12771
-12883
-13103
-12205
-8151
-3833
-392
2452
5143
7499
8921
9199
10093
10295
9417
7255
4076
265
-2041
-4639
-7111
-10753
-14296
-15142
-14449
-13181
-13432
-11836
-9115
-7007
-2119
1188
3332
5388
9122
11334
12243
12134
10842
8161
5603
2889
196
-3658
-7763
-10219
-13016
-13316
-12404
-11515
-9766
-8451
-7129
-4782
-1487
1684
3512
4828
6371
6881
8330
8320
7862
6359
5552
3981
1346
-1731
-4338
-6099
-8201
-9432
-9127
-8206
-6513
-4046
-1705
1588
5621
7877
9365
10524
11846
13223
14128
15074
13657
11105
9256
6831
4114
2293
874
-2448
-6739
-8563
-9297
-7559
-6092
-4918
-3283
623
3803
6313
9488
14243
15753
16644
17391
17056
15318
12256
10651
8828
436
-1729
-2085
-2513
-3325
-3565
-2769
-2728
492
3458
6093
9058
11397
14401
16026
16417
16887
16255
15554
13864
11974
7874
4681
2751
-984
-3739
-5726
-7111
-8579
-8345
-7042
-4710
-2094
-599
2047
5139
8583
10907
14051
14300
13737
13688
13160
10388
5837
1281
-3330
-6815
-8574
-10988
-13268
-13306
-14588
-15110
-15005
-15049
-13927
-11884
-8841
-5670
-3945
-915
2370
4362
5587
4755
3764
1646
-521
-3054
-6009
-8386
-13103
-17108
-19716
-20296
-20551
-18956
-18086
-16349
-14527
-11601
-7581
-4432
-1684
1059
4104
3925
2772
1997
474
-1613
-5088
-9396
-12748
-15475
-18038
-19897
-20215
-20943
-20424
-20733
-19899
-18267
-16061
-12703
-8557
-6222
-5295
-2741
-331
1285
589
373
-579
-2210
-4947
-8614
-10762
-13430
-14305
-15522
-16862
-17534
-18213
-19918
-19468
-16668
-13638
-9188
-6255
-3696
518
4343
8083
10690
11380
10767
8986
5862
3076
1025
-1874
-4083
-6959
-10449
-13644
-13931
-11497
-10403
-8297
-7717
-5988
-2057
3284
6732
10337
12294
13350
14022
13726
14468
13850
11016
7963
4030
910
-1454
-4585
-8150
-9875
-9519
-9852
-9246
-7617
-6365
-4082
-267
3256
6786
8702
11342
14315
16294
16574
15274
13250
10479
9294
7618
5436
1362
-2612
-6242
-8046
-7533
-8589
-9379
-9307
-7505
-4027
-1174
1680
4779
7672
9667
11305
12242
11354
10871
9202
5910
2646
-1372
-4532
-8176
-11627
-13753
-13886
-14142
-15135
-14750
-14378
-10921
-7616
-5944
-4007
-1988
-609
2236
3641
4219
5084
5659
5003
2468
-74
-3088
-6873
-9311
-12239
-16381
-18729
-19652
-19272
-18614
-17332
-14547
-11441
-7829
-3992
-1755
471
2075
3744
6210
6299
5341
3462
1079
-1367
-3890
-6753
-9664
-12977
-15746
-17589
-17757
-17309
-16368
-15259
-13626
-10897
-8423
-5175
-2810
-551
792
2102
1200
1159
-1173
-3684
-6451
-9587
-11866
-14199
-17219
-19632
-20671
-21630
-21942
-22574
-23024
-21292
-18678
-16353
-14490
-11948
-8322
-4907
-1683
328
540
-150
-293
389
-436
-2730
-5815
-10129
-14184
-16960
-18515
-19218
-19522
-19739
-19329
-17056
-14252
-11997
-10525
-7661
-4540
-2362
-381
1339
2555
2657
1951
1742
686
-1533
-5256
-7866
-9852
-12509
-14959
-16423
-17341
-18357
-17368
-15811
-13378
-9959
-6919
-3363
904
4131
5516
6312
7726
8587
8579
6970
4896
2875
90
-2297
-4379
-5527
-7814
-9778
-11671
-11384
-9731
-7562
-5483
-3167
-1314
1570
5018
7893
10869
11868
11385
9262
8613
7053
4463
2298
-1297
-4844
-8482
-12389
-13820
-15499
-17120
-16928
-16012
-15312
-13404
-11827
-9016
-4233
-1411
273
1229
2255
3224
3814
2828
665
-1328
-4600
-7856
-10310
-13200
-16086
-17481
-18020
-19424
-19286
-19154
-17217
-15210
-12353
-8993
-5777
-3893
-1666
856
3135
5178
6175
4341
2473
1194
-1648
-3597
-6768
-9301
-13477
-17200
-18021
-17634
-16958
-17731
-16781
-14304
-11489
-8696
-6199
-4086
-1736
783
2289
4339
5342
5985
4872
2453
-558
-2904
-5231
-8070
-11616
-14918
-16540
-16531
-16180
-15083
-13357
-12092
-9275
-5660
-1614
2558
5364
7474
9399
9696
9486
9434
8415
5142
2310
-834
-5316
-15388
-10867
-13635
-15533
-14826
-13258
-11374
-10136
-7961
-5961
-2512
1088
4679
7879
10664
11679
10783
9655
8738
7769
5889
1687
-2450
-5265
-6864
-7398
-7938
-7856
-15194
-6348
-5361
-2807
-819
493
3937
7720
11216
13042
14595
14615
15502
15667
13655
10727
6655
3168
-114
-3518
-6020
-8334
-9656
-11418
-10413
-9640
-9086
-7927
-6921
-4982
-2618
-191
2282
4520
6035
7177
8156
8165
6508
4305
1418
-1364
-4964
-7836
-10872
-13706
-15129
-16365
-15817
-15052
-13117
-10557
-8103
-6321
-4628
-1875
249
1407
1210
1669
1842
474
-599
-2419
-4753
-7425
-9425
-11519
-14017
-16664
-18698
-18714
-18889
-18304
-16807
-14607
-12589
-10062
-6543
-3083
-557
1682
2504
2326
1192
-460
-1285
-3373
-5783
-8345
-10698
-11305
-13543
-14127
-14419
-15248
-16775
-15357
-12330
-9366
-6304
-3069
-562
3101
7114
9282
10682
11211
10741
10388
9394
7502
4953
1791
-216
-2523
-6165
-8799
-10099
-11211
-10635
-7847
-6368
-4489
-1468
971
4270
8331
12756
14592
16009
16847
17680
17055
14869
12157
10044
7389
4298
1413
-2078
-4281
-6194
-7863
-7533
-6539
-5129
-3213
-1226
1277
4433
8618
11801
13688
14401
14718
13688
11327
9645
8215
6118
3878
159
-3344
-6292
-9385
-11430
-12797
-11952
-10982
-9069
-7599
-4669
230
5177
8945
11197
13735
14599
15587
16153
14167
13024
10842
8449
5842
3331
-1104
-3574
-5612
-6780
-6118
-5598
-5244
-4295
-2487
843
4700
7397
10459
12836
14553
15155
15932
15041
14238
12018
8184
4383
806
-1845
-5125
-8624
-10856
-12188
-12671
-12226
-11800
-10135
-8248
-5022
-2258
160
3287
5364
7649
9372
10106
9345
7248
5770
2649
-427
-4033
-7354
-9314
-11979
-14648
-16093
-15508
-14721
-13542
-12061
-9258
-6177
-3983
-3224
-505
1885
5201
6389
6503
6459
6571
6090
5666
2920
-737
-3857
-7394
-9169
-10284
-12434
-13834
-14376
-12060
-9512
-5849
-2019
955
3462
7052
10314
13059
14640
15074
15353
13731
12660
11813
8512
5183
1883
-2900
-6807
-8411
-9946
-11329
-11621
-9831
-8105
-4960
-2614
100
3806
6467
9331
11125
11864
11972
10741
10446
8558
6516
3445
1187
-2298
-5854
-7639
-9700
-11164
-12802
-12216
-11099
-7641
-5325
-3838
-2054
275
3930
6798
7728
8322
7615
7682
6604
5203
3697
1392
-426
-3314
-6558
-8445
-10730
-11330
-11722
-12350
-11580
-9242
-6267
-2320
837
4763
8714
12555
14625
15404
15973
15602
14231
12393
9071
5694
2139
-300
-2037
-4710
-6316
-6786
-6539
-5047
-4286
-2654
-2184
-55
2853
7100
10616
13845
15241
15731
16495
17203
18031
15733
11840
8337
5570
3466
2298
-276
-2845
-4459
-5233
-4299
-4009
-3372
-2358
-227
2578
6728
10987
14546
16652
18612
19870
20843
19571
17276
14691
12206
9022
6525
4494
2803
807
268
760
2069
3407
4456
6231
8671
13241
16949
19055
22688
24610
26343
26686
25680
23916
21868
19200
15953
10884
7219
4916
2993
1951
1810
2924
3553
4897
7027
9364
12534
15273
17568
20338
22411
24701
26005
25974
25267
24427
22919
19833
16950
14071
17456
5991
5057
3965
3010
2818
5304
8331
11619
15632
19641
23950
27378
29781
30722
32105
31661
31030
28648
26141
25041
23063
21226
18046
15059
13086
11916
10204
9813
9506
10070
10516
13245
15727
17961
20069
21832
25274
27674
28625
28695
28415
26755
23744
20839
18197
15202
11321
8699
6152
4178
3768
4212
4654
5575
7617
8987
10888
13686
17352
21099
24068
26184
26590
25477
23948
23036
21077
18180
13276
9674
6251
2705
266
-1731
-3604
-3615
-3562
-3856
-2664
-86
3448
7292
9731
11765
13408
13949
14916
15737
15182
14338
12505
8695
5696
3457
463
-1721
-5244
-6921
-7524
-7163
-6388
-5367
-3300
-1586
796
2438
3980
6329
8689
9347
9999
9897
8758
6968
3912
595
-2792
-6210
-9385
-11832
-14008
-16186
-17427
-18431
-16960
-14478
-12620
-10424
-7648
-5099
-2530
-50
1639
2140
1355
1337
95
-1069
-2836
-5473
-7793
-10590
-13135
-15461
-17726
-20333
-21163
-22274
-21484
-19756
-18998
-16581
-13581
-11056
-8556
-7014
-4305
-2203
-968
-1498
-2241
-3329
-5065
-8385
-12239
-15580
-18545
-20532
-23777
-25230
-26419
-25484
-23384
-21667
-18255
-15042
-10599
-6736
-3842
-1172
1451
4626
6219
6948
6939
6183
4770
3225
295
-2550
-5509
-8124
-10781
-12724
-14747
-14968
-14127
-12378
-10413
-8189
-6426
-3993
-438
2374
4342
5209
4807
5569
4709
2684
917
-1329
-3666
-5544
-7460
-9366
-11340
-13420
-15030
-14753
-14319
-13252
-12115
-9803
-6520
-3600
749
3488
5698
8286
9155
8406
7025
4924
3783
608
-2479
-4944
-7987
-9465
-10702
-12559
-14189
-14258
-13037
-11587
-8558
-6843
-4815
-962
1974
5402
7798
8623
9534
9842
10160
9865
8389
6789
4363
2012
-117
-2503
-5116
-7018
-7666
-7504
-7232
-6066
-3739
-638
2654
6742
10881
14262
17837
21036
22287
21278
20227
18157
16132
14178
12060
9946
7754
6431
4089
3346
2486
1793
2280
3213
4958
6556
8300
10137
13679
17060
19054
21446
21946
22623
22356
20773
19664
16544
12595
8612
5254
1670
-87
-1253
-2414
-2138
-497
846
2599
5720
8155
10830
13037
14217
15199
17409
17493
16504
15957
14792
13846
11449
8704
6258
4259
1408
-1158
-2265
-3040
-3267
-2312
-2443
716
4715
6770
10387
15167
18558
20520
22215
22144
22561
21615
19978
17542
14610
11973
9022
6636
4329
1616
308
-1457
-1416
-680
-598
2423
6376
10000
14374
17177
19228
21834
22685
22215
22212
21382
19712
17371
13410
11201
8858
6035
3179
1316
-687
-1266
-1564
-1833
-539
1616
3512
5898
6908
10430
13688
16962
19887
20594
21458
19535
18335
16259
13680
10773
7027
3307
1426
2
-1463
-1957
-1233
-180
2566
4663
6348
7897
11024
13369
16731
18688
19889
20659
21298
20380
19696
17785
15213
11444
7673
5402
3651
1712
-598
-1695
-916
333
3075
4690
7762
11954
14861
17664
20629
21616
22933
24298
23652
22556
19845
16055
13532
9731
4690
800
-2158
-4833
-6083
-6776
-6751
-6186
-5077
-2961
-913
1745
4857
7932
9644
11711
13994
15327
15505
14190
13606
12580
9713
6582
1707
-3474
-6652
-5567
-7833
-10022
-10311
-9721
-7800
-5700
-2989
-804
1808
4999
6529
8757
9202
9283
9003
7326
6670
4909
3048
405
-1889
-4884
-7128
-9207
-11516
-12490
-12544
-11848
-10933
-9649
-6588
-2610
1395
3503
5834
8568
9281
9168
9207
8911
7156
4453
1528
-906
-2789
-6264
-9070
-11847
-13959
-13866
-12740
-12808
-10790
-6589
-2589
1198
5176
8442
11184
13262
15022
16298
15910
14798
14258
12684
10685
8026
6232
4476
3008
2067
703
450
763
1485
3083
4729
7212
9584
12824
16269
19435
21896
22759
23845
23082
23400
22452
20130
16849
13462
10999
8950
7720
4942
3328
2750
2753
4186
5282
6649
8262
10951
12818
14856
15903
16677
17316
16619
15934
16132
15501
13654
11192
8222
5730
2935
197
-2208
-4258
-5871
-5859
-4987
-3257
-1655
1292
5351
7954
11375
12683
13560
14665
14493
14333
13406
11567
8911
6676
3119
726
-2448
-5825
-8184
-9742
-10764
-11399
-11560
-9888
-7544
-5074
-2487
444
3006
4984
7817
10110
10102
9660
8629
6905
4681
2608
675
-2925
-5751
-7464
-9713
-12072
-13061
-12770
-12133
-11231
-9687
-7268
-3920
-1981
-627
1150
3008
3196
2423
877
-721
-3273
-6323
-9705
-12225
-15672
-18965
-22032
-24140
-25536
-25678
-24828
-24152
-23441
-21611
-18071
-14607
-11280
-7867
-4294
-2260
-633
536
-180
-1710
-2747
-4692
-8057
-11644
-14109
-16172
-17854
-20267
-21981
-21932
-22451
-21740
-20161
-18983
-16286
-13624
-10899
-7877
-5849
-3956
-1969
-855
-976
-1475
-2173
-4930
-7032
-9728
-12807
-14670
-16080
-17303
-18101
-18705
-18369
-17489
-14640
-11546
-8910
-5153
-1510
1119
5046
8058
8726
8932
9079
7163
5324
3543
1500
-349
-3369
-5633
-6661
-9160
-10975
-12263
-12261
-10860
-9555
-8911
-6292
-3703
658
5100
8430
11144
12775
14036
13527
13326
10993
7439
4658
1116
-1482
-4854
-7433
-9772
-10350
-9842
-9207
-9410
-8178
-6237
-3664
-973
2356
5106
7561
9099
11265
13074
14579
11817
9251
6989
4122
917
-1666
-6082
-9019
-10084
-11842
-12272
-11521
-10684
-9916
-7829
-4738
-1376
1302
2739
4871
7556
9350
8054
8190
7780
5457
2096
-1566
-4122
-7948
-10178
-11826
-14849
-16129
-17265
-17086
-15623
-12276
-10627
-8856
-5765
-4040
-1684
-108
192
448
605
-657
-2782
-5704
-9046
-11396
-13300
-17101
-20717
-23746
-26279
-27805
-28386
-28427
-28707
-26661
-23516
-19893
-16927
-13774
-11131
-8555
-5604
-4357
-4100
-5488
-6699
-8228
-10957
-12817
-15971
-19442
-21316
-23337
-24977
-24428
-25195
-23916
-22406
-20632
-18077
-14367
-10893
-7561
-4354
-1646
1221
3717
4225
3440
2030
-182
-1691
-3567
-7767
-11137
-13730
-15373
-17395
-19474
-20154
-19917
-18889
-17005
-13905
-10477
-7625
-3123
-956
798
2665
3734
3067
1798
527
-583
-2385
-3683
-5871
-6775
-8951
-10705
-11726
-13300
-13134
-11729
-11054
-8844
-6810
-4066
-859
3024
6182
9181
11006
11764
12352
12429
10946
9371
7694
4652
2516
228
-2126
-3079
-4047
-5805
-4882
-3923
-2379
-761
1389
3952
7465
9473
11498
14325
16326
16807
17244
17032
16024
14891
12117
8825
5444
3215
1162
-3336
-3259
-3677
-3719
-3910
-3061
-1930
-1303
176
1805
3313
5494
7487
9052
10178
10560
11515
10812
8959
6596
3812
-275
-2895
-4797
-6870
-8683
-9604
-10889
-11359
-9947
-8137
-6128
-3503
-138
3509
6489
8771
10274
10384
10850
9299
8596
6957
4127
1001
-3553
-6677
-8279
-10219
-11802
-13752
-14239
-13460
-11981
-9778
-7162
-5089
-2444
-189
1495
3590
4265
4643
4127
2756
2459
-593
-2476
-4455
-7249
-10449
-13763
-17180
-18788
-19403
-19975
-19800
-18740
-17308
-15080
-12096
-9270
-6487
-4495
-2655
-1090
-79
-162
-216
-949
-2935
-5563
-7674
-11280
-13772
-15813
-18490
-19714
-20434
-20860
-20750
-20426
-19118
-15363
-13605
-11330
-8892
-6546
-4877
-3460
-3102
-9310
-15580
-11096
-13956
-15889
-18490
-20779
-43984
-22066
-22279
-20793
-19770
-18099
-15596
-13130
-9810
-7300
-4914
-2496
504
2503
3504
4044
2856
1863
126
-1134
-3817
-4993
-6685
-8357
-9846
-11112
-11742
-10481
-8771
-6462
-4317
-2271
394
3537
6162
7786
8890
9751
10675
9018
7747
5962
3106
-707
-3057
-5843
-7542
-8768
-10780
-11267
-10399
-9054
-7683
-6028
-3655
-1455
992
4149
7440
9799
11259
13638
14447
15199
13088
11452
9055
5528
2416
-1072
-2858
-5727
-8003
-8322
-7648
-6830
-6140
-4717
-3190
-211
1720
4572
6097
7465
8493
8874
8326
8126
5842
2618
-856
-4180
-6941
-9592
-12879
-15329
-17518
-17440
-17112
-16789
-15033
-12811
-11149
-8389
-5616
-2264
337
2319
4623
5668
5221
3962
3375
1971
-1485
-5835
-8786
-11267
-13735
-17273
-19265
-19244
-19445
-19453
-19186
-17677
-15406
-13583
-10851
-7814
-5857
-4521
-2718
-1232
-1714
-2886
-4917
-7355
-10251
-13944
-15933
-18775
-20178
-21038
-20410
-20601
-19373
-18281
-16858
-14989
-13501
-11645
-8857
-6641
-4774
-3289
-1247
-810
-2136
-3269
-5665
-7695
-10262
-13541
-15792
-19842
-22868
-23580
-25472
-25765
-25216
-23723
-21094
-19658
-16562
-13596
-10736
-8437
-5494
-3287
-1642
-1413
-1176
15
-1655
-3523
-4873
-6761
-9768
-13255
-14934
-16367
-17847
-18971
-19235
-17501
-16509
-13921
-12083
-8837
-6470
-3989
-1490
585
1420
3464
3979
2759
599
-903
-2349
-4346
-7285
-10232
-12242
-13260
-14304
-14403
-13683
-12877
-10572
-8758
-5785
-2860
613
2667
4989
7118
8339
9473
10119
9384
8067
6314
4147
902
-1736
-4750
-7154
-8222
-9174
-8415
-7466
-6477
-4329
-912
2077
4645
7652
11696
14879
17619
19327
21005
20792
19519
18321
16970
14840
10809
7872
6039
4289
2118
1270
727
1473
2193
3192
5495
7267
9685
12231
14295
16467
18426
18673
19403
18820
17486
16454
14021
10960
7790
4268
1743
-1805
-3947
-5574
-6084
-5679
-4434
-4101
-2636
-1240
1963
4894
6337
7459
9281
10850
10771
9888
8796
8311
6652
4187
2181
-520
-3660
-5939
-7515
-9262
-10327
-9973
-9497
-8512
-6275
-3010
-311
3280
5157
7842
9833
10529
10262
10274
9571
6629
4852
1748
-1655
-4526
-6649
-8600
-10302
-11832
-13012
-12026
-10397
-9333
-7179
-4840
-2207
1154
3071
5409
7508
8408
8619
9036
8058
6181
3932
1426
-1272
-4996
-8038
-23448
-13097
-13061
-11789
-10698
-9135
-7542
-4746
-1984
333
2450
5391
7801
9061
10831
11359
10135
9765
7907
4517
2207
142
-2027
-4931
-7168
-9173
-8025
-7069
-5989
-3948
-1566
1319
3790
6709
9447
12007
13804
15089
15650
15772
15185
13732
11883
8461
5445
4094
1710
-783
-2820
-2784
-3450
-3375
-2130
-407
2719
5751
9362
12256
15288
17566
20063
21720
22161
21305
20679
18723
16364
13362
10483
7671
4758
2535
-513
-3027
-4031
-4750
-3602
-2745
-1666
368
3148
5359
8126
10364
12131
13206
13696
13852
14020
12243
10000
9273
6492
4233
1110
-2359
-3893
-5195
-5707
-4794
-4426
-3359
-1324
1660
4850
6897
9329
10427
12697
13134
14025
14079
12784
10646
8023
6623
3661
633
-2768
-5607
-7342
-9826
-10400
-10098
-9932
-8164
-5806
-3805
-1779
1265
3459
5759
7820
9326
10242
10006
8599
6919
6230
3300
576
-2389
-5133
-8339
-8825
-10618
-10730
-10451
-9868
-8232
-5739
-3985
-1991
1503
3798
4786
5915
7113
5520
3514
1553
-2088
-4798
-7084
-9515
-13278
-15764
-17465
-19234
-19354
-18465
-17333
-16699
-14976
-12789
-10404
-7814
-4794
-2436
-650
1953
3669
5052
4546
