-41189
-46136
16828
588
2494464
90184
49223
44991
35284
27895
20055
10007
-265
-12109
-23053
-33512
-40765
-44077
-45321
-46312
-42948
-33289
-22232
-11933
2035
15299
26196
37571
48607
57131
59511
59499
56368
49051
39124
26492
14176
1924
-7513
-14741
-21068
-23904
-27848
-29349
-28644
-17772
-4420
8380
17707
27944
41952
57791
69848
77223
79184
77664
74268
68376
58607
45492
30912
15344
3475
-3869
-11205
-20032
-29984
-30749
-24080
-16669
56108
51160
44336
34995
23636
10895
-92
-8105
-16713
-21928
-27021
-28068
-24629
-17644
-8393
2104
13052
23908
34471
43896
53908
62651
66808
65727
62179
55127
47852
37003
25200
10524
-3188
-13893
-22444
-25260
-25520
-25177
-22420
-16581
-7565
1388
10956
25164
38304
49211
55788
58996
61783
60096
56460
49475
38532
22035
8611
-1489
-11465
-20701
-30852
-41285
-45389
-43576
-38616
-29537
-20012
-12508
-2321
12132
25175
36444
43339
48691
50519
49599
43964
36451
24067
11136
-2080
-11737
-22569
-34376
-45128
-52620
-54084
-52068
-44932
-34921
-26025
-15308
-4292
9320
21940
32784
41684
43215
44023
43668
41019
35808
28936
19492
6479
-8533
-19344
-27844
-35348
-42117
-48044
-48277
-41792
-33216
-24661
-15013
-1473
11915
22923
30656
35664
40476
41360
38212
34811
28499
17495
7335
-3056
-14736
-26692
-39541
-48612
-54309
-57192
-56709
-48737
-41697
-35117
-20368
-3981
10371
21564
29244
34239
40944
49432
48991
44463
35903
26828
17076
4364
-7860
-20372
-32933
-43425
-48696
-50976
-51444
-49273
-41797
-31012
-19612
-7233
7783
19860
32543
44111
50175
51115
49131
43700
38608
31243
20268
5843
-7708
-21388
-34521
-43877
-47009
-46292
-49517
-49788
-43424
-32125
-17964
-4469
7272
18219
25691
34547
42444
45063
43507
37544
29940
21123
8380
-7492
-20469
-33616
-44456
-53148
-59828
-62973
-58896
-50333
-41789
-28553
-14889
-1492
10048
23103
35687
45672
50535
50348
48608
43736
41295
33580
19595
7028
-3085
-13820
-25104
-34596
-39532
-40264
-39636
-34825
-27353
-16901
-4297
6504
19191
31871
43524
53116
58360
63227
64607
61776
54715
45044
37355
25863
12036
-56
-10860
-21429
-27728
-32144
-31485
-27644
-20369
-11592
-1509
13951
27327
37556
47147
56892
65740
69935
68851
67295
59255
49271
40064
25787
13116
1388
-9261
-16272
-18853
-20876
-21661
-17260
-12320
-1133
12112
25979
39135
48923
57932
63268
68600
72959
71940
65848
57408
47004
38076
27787
13880
-164
-10788
-19464
-22637
-25952
-25305
-21169
-15376
-3361
11247
21991
30484
40907
52052
60227
67535
72855
73364
71004
64260
55439
43975
32467
18228
3548
-8248
-16968
-20272
-21424
-23072
-20233
-15037
-4488
7387
19124
32059
41923
50083
58639
67236
70975
71307
66208
57708
47927
37140
26236
13560
1000
-12324
-19304
-21324
-22637
-20285
-17296
-10113
648
13231
23908
37619
52020
64888
73299
77231
79615
81411
78640
71811
59924
43639
31079
18472
6160
-3485
-16876
-26576
-29724
-28209
-23625
-19628
-13928
-4665
5892
16832
27980
38104
44527
48620
51115
50224
46211
39384
30232
19652
5172
-7765
-19013
-28580
-38888
-47585
-51337
-52260
-49525
-42628
-32853
-21821
-8365
3452
14468
24459
31763
40023
42472
42587
39080
31520
20695
11555
884
-12609
-25752
-39701
-48020
-51697
-52749
-52401
-49693
-42456
-32505
-18185
-5252
5196
15711
25880
35448
44808
47896
48960
47488
40239
31215
20735
8264
-4464
-16957
-26361
-34904
-39373
-41305
-41845
-39249
-32897
-20469
-5572
8791
20420
33143
45531
56447
61036
61728
60984
59263
52568
45563
35227
23684
12599
1640
-8252
-15672
-21701
-28329
-29752
-26060
-19189
56911
54256
49992
43824
32560
22180
10667
-4580
-17352
-30220
-40712
-47041
-51925
-51689
-48544
-40412
-29889
-19045
-5972
8660
20292
27996
33676
39871
41936
40919
35159
29124
19003
7692
-6565
-18288
-31321
-42940
-50636
-59397
-66184
-65917
-61753
-54021
-42865
-31540
-22157
-12136
-416
12655
20652
25399
29504
29671
26716
21156
11924
2596
-10493
-24425
-32969
-42600
-50797
-57457
-58413
-58336
-55604
-49560
-39868
-30213
-22112
-10393
1143
12527
24071
30055
32203
33456
30415
23275
11603
-941
-15201
-29864
-42772
-55200
-63325
-69065
-71048
-68593
-65772
-59396
-50853
-39180
-24449
-10381
1748
11755
20048
28143
31099
27827
24576
18039
6312
-6704
-21080
-35180
-49141
-60244
-68877
-76889
-79021
-79264
-76069
-69405
-59864
-46997
-35012
-23920
-13368
-2128
5900
14300
17388
15724
11759
5412
-2292
-13772
-25753
-38305
-49992
-59801
-66513
-70633
-70913
-70576
-65056
-55916
-45008
-33881
-22121
-12053
-3725
4840
14039
19475
21539
19636
14247
6344
-2700
-14001
-28028
-41904
-54772
-67736
-75517
-79981
-84249
-80753
-73508
-65696
-55185
-40780
-26680
-13204
824
12683
20795
24691
26019
23064
18983
11796
2368
-7604
-22204
-38105
-50481
-61581
-70005
-73621
-76632
-79840
-78896
-70056
-57009
-43712
-28573
-18173
-8032
4616
11679
18060
21828
20332
16807
11276
5731
-6741
-20685
-33029
-41837
-50753
-57920
-63709
-69161
-68061
-63541
-55696
-44424
-31744
-20681
-9769
4115
16824
24008
30056
31400
30184
25552
17968
10564
3092
-7344
-19616
-32549
-41860
-48124
-52033
-56797
-56413
-51005
-41664
-26404
-11469
2495
18992
35904
51095
62003
68507
72156
70183
63128
54067
45328
34712
20820
7484
-5688
-16572
-25640
-29705
-31188
-31316
-29860
-21621
-13160
-3365
10371
23859
36759
45815
54651
62084
65855
66923
63016
55347
47099
37472
27000
13323
2772
-2569
-9801
-14612
-15468
-14901
-9761
847
10260
20020
31179
44824
57459
66348
72304
79012
84584
83643
75023
65364
53608
40440
28740
18235
8675
-2768
-13248
-22521
-27612
-27756
-21849
-18245
-12248
-2588
9100
20031
31292
44547
52683
59495
64296
63612
60007
53351
41447
29492
17831
6876
-5261
-16464
-25017
-29604
-31684
-29869
-25117
-18384
-7917
3247
16247
31308
42864
50815
59544
66528
66956
62724
58079
50943
42112
32412
21128
9280
-345
-10000
-17973
-26876
-29844
-30493
-26277
-20401
-11533
580
13475
26711
37420
46343
53664
60804
62340
61219
56971
47812
37924
26839
13884
1360
-12096
-25808
-34165
-39236
-42308
-41056
-37736
-29465
-16632
-4973
7468
21108
34328
46612
51716
56792
59639
56571
51528
46184
38703
28068
15307
3704
-7524
-16912
-26089
-34756
-39053
-39517
-35300
-26837
-17236
-6452
4563
18256
31084
42396
49943
52687
53163
50568
47371
40523
29784
15812
1380
-10880
-22532
-33041
-40112
-43316
-42945
-41336
-36881
-28444
-15465
-3740
8588
19140
30128
43083
51339
57624
60048
61508
58432
52527
42728
29932
18767
6891
-6517
-18464
-24901
-29053
-32201
-33629
-29108
-22836
-13172
-2040
10432
20880
31620
43179
50911
58140
61444
60655
55800
47555
38427
28623
15636
2879
-8120
-18016
-25000
-29668
-32804
-32224
-27472
-22640
-4177
7263
18099
28543
36499
41131
46080
51440
50496
44828
35716
24567
10264
-2440
-14796
-28541
-40008
-49872
-57697
-61545
-60853
-54333
-45064
-34748
-24840
-13328
-449
10144
18716
26759
32283
37348
35715
29256
19048
10616
607
-11556
-24853
-36800
-46777
-54181
-56852
-60733
-61412
-59893
-53481
-43116
-28968
-14973
-3348
6600
18655
26660
32979
37395
33271
27023
19404
6811
-3577
-14489
-27189
-40428
-52904
-61561
-67613
-70629
-69113
-65016
-59513
-51176
-41073
-29160
-17657
-5149
1995
7960
16287
19711
20791
17155
10404
168
-11113
-23332
-35112
-45385
-54760
-61380
-66396
-67293
-66381
-62141
-54301
-44377
-33132
-20172
-8269
3652
15588
25319
32260
33475
33039
30424
23104
14168
5332
-6685
-21936
-36688
-47557
-55912
-61697
-65652
-64832
-60145
-51108
-39712
-25124
-10405
3139
14571
26895
37043
44732
47679
47120
42471
34703
25363
12655
-188
-12924
-24101
-34608
-42136
-46760
-48120
-45284
-38584
-29464
-18465
-6057
9016
23539
35795
46031
54636
60104
64195
62776
57875
47447
37623
27324
16103
3411
-7912
-18176
-25081
-28856
-30049
-27921
-21360
-11000
1307
12800
26123
39380
52019
62791
69499
73671
74199
71276
66507
58527
47327
33663
20399
7395
-4285
-10564
-18288
-22993
-24256
-23876
-19209
-12125
-1909
10952
23392
34323
44176
53668
62736
67228
68544
65995
60899
54307
43004
27336
15008
2555
-12693
-22232
-32945
-43905
-48288
-49509
-45533
-40204
-31716
-22693
-9804
1964
12160
22192
31336
36564
38848
36812
31544
22852
12895
3231
-6492
-18680
-28637
-38400
-44613
-47604
-47913
-45112
-44320
-37320
-25237
-14612
-429
12484
25091
35243
43803
51427
54947
53363
47528
39835
28988
16283
2651
-8753
-20076
-29024
-36160
-41913
-42557
-42152
-37140
-29248
-17945
-5036
6063
19683
33055
43551
54199
61263
63840
63828
60608
52303
41544
30516
16552
1715
-10025
-23960
-35236
-41009
-43909
-42697
-37569
-28884
-15984
-2877
9107
21779
34483
45303
55148
63996
66491
63323
61332
53335
42231
31000
17788
5675
-6268
-15416
-22297
-28205
-31464
-29929
-22784
-10901
1188
15275
28539
41699
53948
65932
77003
80371
82240
80699
74063
63360
53095
40763
27388
13907
2540
-7128
-14513
-18828
-22684
-23992
-18776
-10756
-3224
10563
21451
33940
45839
55651
64503
71723
74407
69647
63824
55764
46448
34944
21408
8316
-4792
-13276
-19621
-24261
-26348
-27673
-22837
-13768
303
12660
24164
35591
46996
58496
67536
71132
72636
72155
67971
59755
49208
35796
23655
8680
-4945
-17761
-25693
-30997
-34932
-33033
-25668
-17392
-8089
4619
16467
25952
38064
50248
58712
65124
68379
66264
61400
53875
46671
35728
22260
7352
-6505
-16025
-23185
-29764
-31513
-30017
-25496
-18724
-8136
4207
16739
30683
43100
53348
62228
70027
73232
72059
67787
59036
48684
36972
24860
14324
880
-10940
-19176
-26508
-28008
-27052
-24889
-17960
-7585
5871
17088
29828
42851
52412
60079
64099
65724
63156
56064
46240
36132
26695
13251
823
-11369
-22780
-32469
-37269
-38341
-36989
-33893
-30920
-19408
-5316
4656
17092
29231
40900
49959
55183
56595
52159
45923
36264
22939
7716
-7524
-22212
-36064
-46657
-55056
-60725
-64016
-61685
-55052
-47381
41776
13063
22335
30223
34683
37519
39492
33140
23219
11964
-12952
-25285
-36673
-46328
-54556
-60453
-61725
-59536
-53717
-44264
-19672
-4448
8059
21947
35823
44347
49223
51107
49939
43411
34108
21711
9399
-3345
-16472
-27853
-36560
-46040
-51264
-52632
-49412
-44989
-35297
-24177
-11273
5351
17187
27384
39656
47912
52048
55628
55427
48612
38539
27080
14115
2872
-8913
-20145
-31265
-39161
-45208
-47412
-45164
-38884
-27069
-16328
-3625
9163
22632
35384
46748
55892
62383
64444
63312
58792
49844
39091
24940
11179
-456
-15528
-25929
-32457
-37861
-40689
-39585
-33192
-23577
-12861
1296
14503
28940
41900
52023
61427
67127
69123
68103
63168
55140
43731
29304
14344
-2484
-15836
-26245
-35573
-39948
-41612
-42109
-36172
-26977
-15517
-2829
13184
27160
39767
51608
60600
67496
68840
68783
62851
54283
42996
31363
17627
5547
-5844
-16149
-22957
-30108
-34633
-35228
-32993
-25289
-14205
-2905
9908
20839
33548
44235
51071
53903
52823
48015
37668
26639
15843
2324
-11744
-25669
-38868
-50497
-60565
-67273
-70376
-68925
-64892
-57304
-47557
-36773
-24308
-10208
2116
14215
22075
27991
30428
29648
24231
15779
5672
-6585
-18713
-32669
-46353
-55889
-64748
-71852
-75229
-73184
-67104
-58093
-45601
-35853
-23460
-9708
3564
15863
22036
26660
28267
26224
19543
8384
-5172
-17869
-32432
-46861
-58588
-69445
-76408
-82597
-82364
-81317
-73697
-62505
-49924
-36036
-22381
-8541
5643
18236
25831
31687
35320
34547
28635
18519
8224
-2013
-13673
-21984
-33033
-45312
-55037
-59357
-60892
-61309
-58984
-51913
-41808
-26868
-12337
2356
17976
30232
38600
47176
51783
50883
44028
32860
20656
7116
-4729
-18776
-31164
-41033
-48476
-53244
-53581
-51080
-44528
-35841
-24545
-13001
-1100
11291
22543
32896
40440
46751
50576
48584
46275
40691
28699
16484
4932
-7720
-21829
-33048
-42136
-48757
-49540
-46629
-40844
-31877
-19361
-6377
5620
18123
31231
40411
46348
50147
52420
50939
46864
38747
28147
16183
4651
-6969
-21248
-33297
-43973
-48769
-51336
-49812
-47277
-40605
-30665
-18309
-4148
9800
22255
33387
41408
47812
49864
48716
42547
31420
22131
9267
-3017
-13933
-25336
-35620
-43148
-47596
-47320
-45660
-42693
-34504
-26620
-16021
-4624
6887
15671
25683
33375
38844
41448
38972
32144
21652
8603
-4309
-19592
-34136
-46497
-57552
-65852
-72304
-72169
-68796
-63721
-54260
-42648
-29685
-14489
-1521
11496
23083
32223
38911
40935
38951
35099
26047
14939
1443
-11253
-24953
-35841
-44885
-52853
-57452
-58736
-55564
-46884
-37544
-26716
-12196
2004
17079
29348
38327
44916
48427
49855
46188
39899
27239
15483
1787
-11305
-23325
-35637
-45521
-51212
-55324
-57696
-57504
-52205
-40780
-30388
-17701
-5840
7164
21127
31472
38851
44980
47231
44828
38911
30355
16524
3547
-10744
-26117
-37229
-48073
-55885
-61140
-63205
-62777
-57904
-47701
-36360
-23149
-11120
2335
16991
26024
34168
40775
42827
37556
33436
27480
18556
8904
-2600
-15293
-25049
-33757
-42541
-49037
-53585
-54444
-51141
-44312
-32685
-20661
-9896
3136
16132
27236
35736
43156
46099
46443
40944
29559
17040
4107
-9452
-23636
-34320
-45225
-53064
-58885
-62097
-57557
-51021
-42888
-15512
-1864
12003
24540
34551
43084
48611
51928
50360
44479
34660
24367
12452
-1085
-14724
-25508
-35160
-44197
-48124
-48877
-46916
-40636
-32345
-19544
-8012
4695
18943
33055
42800
50887
55619
56699
52579
45856
37916
25827
11440
-4393
-17484
-28496
-38256
-44928
-48708
-49949
-48001
-42308
-32237
-18869
-6325
7559
17876
27787
38019
45139
50788
51376
49027
42679
33567
22624
9127
-4385
-19952
-33341
-44273
-52464
-60793
-63721
-59809
-51432
-41629
-29473
-15921
-4080
11243
25119
34523
41835
47807
52471
50868
47184
38584
27823
16096
3696
-8965
-20048
-31381
-39452
-43960
-45509
-42192
-34709
-25948
-14952
328
14695
30087
43104
54327
63464
70108
73720
73660
69688
61128
52175
38471
22936
9744
-2460
-13536
-22160
-29241
-30305
-30188
-25676
-16769
-6376
5728
19928
31580
44880
54947
61140
67407
68860
62788
55315
43843
34035
20963
3707
-9269
-20656
-31168
-41344
-46336
-49245
-46385
-40892
-33237
-22592
-12360
-252
10347
23172
31683
36819
38867
38623
34532
25028
14908
1176
-11365
-25424
-41592
-55529
-66613
-77848
-84428
-87817
-88996
-84261
-74313
-63848
-51336
-37805
-24453
-12241
-1620
7264
10695
11132
7155
-201
-8592
-21340
-34489
-46841
-59460
-71584
-79433
-87233
-93841
-96100
-92473
-86964
-78905
-67661
-57413
-46653
-34324
-21421
-10933
-2388
3280
4980
2124
-3140
-12956
-22084
-34832
-47900
-61221
-74420
-85712
-92853
-96169
-98545
-97016
-90140
-79764
-68649
-57933
-46652
-32545
-20373
-11676
-2677
3448
6515
7520
4283
-1781
-11665
-23321
-34676
-46592
-56369
-64952
-72893
-77112
-80117
-77617
-70364
-61060
-49748
-37780
-24985
-12964
316
13296
24232
30608
35364
34404
28947
22283
11240
-1757
-12629
-26473
-38113
-49120
-57617
-62849
-64721
-63181
-57189
-48532
-37176
-25708
-11660
2448
13991
24116
30807
36676
39224
37204
29991
22860
12547
-1069
-13348
-26244
-40856
-51737
-61349
-66893
-68200
-66412
-59605
-51429
-40616
-28945
-14257
-253
11800
19599
27435
32423
34820
32859
26808
17576
6015
-4717
-15348
-28229
-39116
-49712
-56753
-60913
-61665
-58256
-54593
-45276
-32089
-17993
-2740
12072
25064
35468
44699
50875
52436
50035
42847
35471
25120
13655
2307
-11973
-24177
-34868
-45684
-51252
-54052
-53149
-48733
-41924
-30889
-19925
-6377
7375
18416
28540
35855
39735
41919
38595
34095
24960
13648
1499
-12444
-25657
-37888
-48752
-57245
-61056
-62468
-60304
-53248
-44201
-30205
-14805
392
14244
27944
39000
48416
54632
54720
52664
48608
39908
29127
16531
1872
-10924
-21485
-32020
-39593
-44857
-47813
-46520
-41104
-31177
-17784
-5800
6840
19844
33528
45579
54616
62128
63199
62740
57728
48264
37636
24872
11508
-2973
-15881
-25804
-35513
-39245
-41325
-39385
-32565
-22713
-11141
2092
15139
28067
39623
49312
57420
59108
57599
53896
46112
36084
23051
8815
-5756
-19600
-31100
-42557
-48889
-53628
-53700
-49857
-44804
-34232
-19713
-5073
10631
22792
35108
45483
53480
58132
58772
58128
52112
42163
32728
21216
9483
-2720
-14829
-23781
-30388
-36752
-37740
-34824
-29637
-20248
-8780
3044
16192
28759
40072
49660
58944
63600
63916
63572
56200
45156
34080
21672
5528
-8764
-21041
-31605
-38857
-44672
-46672
-45817
-41877
-33425
-1514177
-11813
1552
14348
25863
37008
46980
52855
54820
53315
45920
34756
24179
10140
-4584
-18013
-31777
-43497
-51661
-58089
-60193
-56065
-49104
-37948
-25149
-10189
4615
19692
31179
39767
48304
54511
56792
52732
46280
36356
24688
11784
-2224
-15064
-28929
-39645
-45965
-50117
-49148
-47669
-41452
-28924
-16993
-4152
11239
24711
35499
43671
52387
58671
59668
55707
49847
38128
27707
14759
475
-14020
-26352
-35972
-43537
-47781
-49744
-49569
-42276
-32101
-19976
-5652
7748
20240
30576
42316
52203
58252
59296
58164
50623
41175
30431
16928
4879
-9320
-22813
-34232
-43829
-49036
-50404
-48057
-42865
-34908
-23705
-10920
1351
12856
23468
33768
39952
43284
44516
41783
37875
29459
20116
8435
-5549
-17321
-30104
-39241
-44584
-49184
-50205
-47336
-39940
-29805
-17441
-4972
5944
19199
31448
41431
48115
51871
50688
46300
41164
30192
17383
4903
-9368
-23456
-35541
-46884
-54632
-58944
-60961
-58785
-52948
-42885
-27705
-13185
1699
16751
29728
41516
48456
52419
53236
51359
45324
36860
25968
14136
1091
-11725
-23908
-33208
-38329
-41149
-41992
-38748
-31641
-22136
-10781
3711
18220
31172
41700
51771
59828
64312
65004
61295
55804
46096
34971
20500
7136
-6261
-15768
-24492
-31657
-35825
-35385
-30113
-22772
-11881
1579
14636
30607
44931
56987
67500
75899
80776
80947
77671
72236
64331
52395
38608
25600
12187
647
-9305
-16320
-23152
-24432
-23729
-15588
-7952
1536
12735
24675
35635
44656
53956
61795
64044
64300
62220
57464
49791
38123
24499
12119
-829
-12713
-23709
-30752
-35612
-36596
-34189
-28988
-20069
-8885
3335
16363
28420
38832
48999
56439
62196
63791
61379
53744
43732
30499
16700
1260
-14537
-27741
-40045
-49041
-54349
-55720
-55804
-49212
-39984
-29221
-16997
-4092
8824
21883
31855
40135
46115
45008
41788
36604
27256
15184
2847
-13820
-27993
-38345
-48160
-57304
-62909
-62781
-59096
-52108
-41404
-27725
-10981
2867
17135
31611
43795
51512
57015
58795
54591
47764
39632
28063
15580
2936
-10557
-23612
-34877
-41508
-47492
-47845
-46733
-39032
-26757
-14513
551
14032
26212
38247
47675
54279
60107
60636
56676
51440
40380
27572
14676
1008
-12809
-24356
-33368
-40013
-44068
-45165
-40865
-33793
-25712
-14469
-821
12355
24587
38436
48880
56811
63147
65796
63836
57031
47016
34300
19540
4956
-9560
-23473
-35624
-44488
-49592
-51124
-47685
-42421
-32737
-21976
-8377
5895
17035
28176
38275
44848
49076
48591
43623
35459
24720
11324
-3897
-17197
-29249
-41701
-51532
-59180
-62197
-61373
-57137
-48640
-37700
-22576
-7184
7315
21343
32968
41907
48207
53671
55275
51447
43167
33624
19564
5615
-7852
-23121
-35392
-47121
-56185
-61069
-63201
-62537
-58124
-50060
-40152
-26748
-13945
23
11219
23511
31795
37132
39364
37123
29368
18755
6883
-7632
-21232
-34877
-46385
-58281
-66597
-72521
-73180
-70940
-64904
-55268
-45296
-33125
-19420
-6721
5212
15232
21655
27680
26887
24584
19675
10492
-233
-13296
-29668
-75440
-81545
-81944
-78728
-72028
-61480
-48432
-34316
-18492
-5197
5656
15240
23300
26463
25655
21591
14276
5908
-6824
-20917
-34061
-47293
-59796
-71509
-82097
-87581
-89476
-84112
-79221
-69448
-43036
-28880
-15465
-3737
4780
11743
16011
18523
14811
9459
1388
-9168
-22029
-35105
-48253
-59993
-70409
-79408
-87265
-88348
-85204
-79188
-70485
-58340
-44128
-29457
-14596
-2460
8356
18247
22919
25556
23580
18112
9719
-265
-13673
-28292
-42816
-55936
-65988
-73264
-78396
-80944
-78320
-71281
-63057
-51233
-37545
-25653
-13761
-857
8272
16195
20003
22756
20959
13048
5736
-5364
-19069
-31465
-46272
-59244
-69728
-77212
-82244
-80824
-77476
-70813
-59617
-46685
-33061
-19216
-3489
7432
16835
26000
32291
35239
34211
27976
18796
7987
-4417
-16516
-30768
-43256
-53736
-62249
-66185
-67413
-65241
-57821
-48288
-36056
-21441
-4921
10192
25220
37943
47511
54703
55644
53356
48447
39219
26283
13199
20
-12181
-21305
-34029
-41585
-44800
-43941
-39745
-31924
-22621
-9880
2472
15731
28143
39631
48304
56255
61376
60891
59439
51740
41139
27367
13983
-149
-14529
-26260
-36360
-42364
-48388
-48121
-40973
-33908
-23244
-11244
2568
16591
30043
43052
52936
62343
67067
68875
65808
58055
47119
33204
19952
4704
-12216
-27096
-40308
-49492
-53956
-56081
-54257
-46633
-37225
-26172
-11937
1731
16452
29359
39564
48868
53251
51520
47023
40716
31840
20163
6276
-7009
-22281
-35124
-46232
-52741
-55425
-57789
-53152
-46920
-37613
-25233
-13372
-1369
11299
24708
35671
43747
47719
48732
48188
40044
27951
15792
2439
-12565
-27604
-42960
-53233
-61217
-65897
-68157
-65653
-59409
-49648
-39004
-26949
-13624
1088
15440
25139
33587
39039
40592
38976
32827
22844
10072
-2516
-15245
-27209
-39132
-48716
-55981
-58816
-57392
-53764
-44220
-31588
-18101
-2632
13743
27212
39395
51124
59676
66024
65540
60595
53119
44832
32067
16731
1616
-12712
-25984
-35640
-45940
-52773
-54793
-52385
-44920
-34060
-22633
-7892
7052
21920
36196
47416
55836
61071
61063
57427
49892
38891
25828
11516
-3596
-19716
-32620
-42684
-51221
-54708
-55892
-54741
-47809
-37381
-25764
-12297
580
13964
25412
35459
41935
46008
47024
42827
36884
27915
18335
5116
-7997
-21956
-33136
-44905
-52709
-55792
-56284
-51673
-45293
-35053
-23177
-9540
5783
19632
30571
41436
48947
54456
54840
51408
45399
32971
22352
10443
-3808
-15833
-26288
-36761
-43816
-46749
-48069
-44344
-37029
-27961
-14192
2288
18331
35208
51896
64315
73147
78984
80176
77363
69419
58659
45276
29260
14383
-1049
-15248
-24809
-31917
-37997
-40577
-39133
-31840
-22556
-9797
3376
17548
32095
44279
54204
60588
65343
66931
64672
57399
46643
32107
19892
5195
-8101
-20724
-30697
-37153
-40912
-41961
-37572
-30516
-20536
-6457
6736
20195
33779
48084
58471
66099
69615
68680
66311
59828
48240
34632
19671
5683
-8313
-22741
-36001
-43824
-48701
-51481
-49229
-42868
-35184
-24324
-12268
-740
11839
24371
33351
42060
47380
46680
45256
38364
26675
13420
-1632
-17276
-33161
-47456
-60996
-70916
-77132
-78205
-75420
-68685
-59629
-47400
-33065
-18413
-4856
8348
20599
30008
35376
36459
33736
26171
16619
3172
-11500
-25985
-42328
-55457
-65816
-74188
-78985
-79453
-75637
-69352
-61557
-48340
-33696
-19680
-5676
8327
18896
25395
29551
29976
25000
17191
5792
-7108
-20425
-36617
-51868
-63845
-73248
-82252
-84793
-84549
-79412
-71808
-60792
-31788
-16413
-1353
14559
26768
36944
44672
48995
47111
41548
32943
22144
10996
-4265
-19908
-32045
-43588
-51200
-56100
-57000
-54509
-47089
-36940
-24432
-8165
8484
24415
37000
48619
58472
64648
67043
62783
57755
47780
37876
26172
12363
-1132
-11669
-22636
-29197
-31717
-35608
-30905
-22537
-12640
3068
16892
32475
47331
58431
67351
75392
79379
78519
72276
64415
51531
38948
25983
9471
-6305
-18432
-30612
-38437
-43400
-44060
-38961
-30081
-19152
-5797
9684
24671
41227
55175
64100
71232
75587
75420
72407
66155
57079
44407
29912
15328
640
-12849
-23429
-30284
-34041
-35212
-31900
-22097
-10129
2103
15247
29984
43000
54199
65547
72659
77511
78460
74768
67360
58620
47143
33332
20267
5207
-9888
-21280
-32205
-39624
-42172
-41641
-35881
-27361
-14932
-2416
11096
25623
35703
45916
54679
57220
57451
54568
44531
32720
18420
4603
-8625
-22957
-34525
-44456
-50596
-54524
-55337
-53196
-48672
-38329
-27369
-15749
-1529
10503
23832
34155
41523
44328
43524
37371
30904
20156
6943
-7545
-20788
-35972
-48973
-59720
-67136
-73680
-74052
-71536
-65408
-54193
-43285
-30245
-17021
-3301
8264
19272
26003
29911
32088
28660
22835
14535
3784
-8800
-22432
-35140
-48125
-56636
-64572
-69568
-70036
-65604
-57145
-45805
-32344
-17133
-2653
10136
22952
36615
45175
50504
51752
49452
43391
35096
23619
10824
-837
-13464
-24724
-33096
-39584
-44433
-44964
-41124
-32804
-22661
-8133
6648
22796
37980
52724
67635
77472
81252
83652
79532
71824
61608
47539
34363
20139
5331
-4964
-15036
-22309
-26065
-26405
-22756
-16768
-6272
6939
21212
33703
46996
59244
68856
78016
83495
84755
80111
71772
60404
46987
32911
16751
3152
-7921
-16368
-22829
-27396
-25476
-20652
-11252
-692
11044
25171
39964
54967
68659
81763
89472
95908
97488
95076
88772
79364
67547
53328
37744
23943
12055
3231
-4424
-9557
-9633
-4396
5279
15332
28176
41092
55736
71875
85451
96724
105503
110180
112364
109832
102755
93403
82880
67763
54068
41564
28095
17331
9519
4224
4699
7047
12836
21455
34576
46932
60364
73435
85164
93615
101555
104704
102916
96884
89288
78668
63679
49203
33535
18811
4971
-6088
-13169
-19321
-20365
-16917
-9748
1387
13403
26127
39128
54472
66812
76155
84907
88176
87519
81843
74275
63104
46887
30796
15584
-1884
-17428
-30437
-40745
-47016
-48444
-45597
-40973
-31520
-18645
-4045
12460
26267
38451
49763
57019
61315
62855
59180
52415
41243
29187
14076
-1325
-14741
-29576
-41276
-49657
-54608
-57449
-54880
-49333
-38281
-27745
-13705
412
15032
26995
38023
45095
49479
50220
46644
39128
29235
18819
4683
-9757
-23953
-37685
-49440
-58356
-62865
-62796
-60900
-53413
-40749
-28473
-14280
507
13019
22499
32375
40564
44760
43747
39287
31711
22108
11779
-2197
-16744
-30224
-41732
-50960
-59368
-63272
-62189
-57668
-49480
-38964
-25049
-7964
8871
24116
37968
51100
62412
69315
72887
73200
68580
59876
48576
35767
24684
12788
276
-8401
-14948
-17309
-17717
-14005
-5048
6627
20300
34511
48515
61156
73071
83723
90484
95612
94196
88808
80291
69704
58732
43963
30603
17059
4808
-5801
-13493
-19332
-20433
-15396
-7617
4007
33535
50411
64363
79284
90663
98443
104479
103555
101563
94320
84719
70916
57135
42972
28103
16380
4739
-2921
-8340
-10501
-7756
-868
8343
18943
30444
43991
57591
69816
78599
86283
90531
89835
86320
78220
65171
53247
39784
23860
8491
-2944
-12861
-20544
-25952
-25112
-21097
-11901
-2593
8539
22071
36140
49004
60535
70359
77736
81836
82227
77019
68899
58416
45272
28308
10547
-3352
-15448
-26580
-36332
-42197
-43393
-40513
-35693
-26684
-16457
-617
13807
27236
38508
51140
61739
67084
68376
66976
60027
50651
38155
25696
9095
-5844
-18193
-30621
-39129
-45325
-46692
-41969
-34404
-24149
-11176
3647
17240
30500
41708
52720
59936
63124
61875
58015
50835
40387
28660
15095
1336
-11293
-25696
-38453
-47017
-50605
-51820
-49576
-42409
-31653
-17348
-3956
10815
24823
37787
48840
57376
62832
63560
60155
51848
39076
24448
9732
-6985
-22240
-36517
-45889
-53029
-56761
-54909
-50785
-42448
-29673
-17300
-2281
10327
23015
35444
45815
53256
55868
56819
50907
41191
31164
19315
3976
-9713
-23625
-37445
-46833
-54248
-58001
-59196
-53748
-45816
-34220
-21029
-8917
4144
18196
27195
36031
43340
43248
41787
36251
29943
20319
8867
-6077
-22081
-36320
-47861
-58244
-66913
-72520
-73389
-68833
-64360
-53417
-38996
-25300
-19514
3236
16975
27435
34844
39299
39564
35564
28055
17008
3324
-14701
-32056
-46680
-60385
-71296
-80789
-85281
-85045
-83572
-75996
-64364
-52329
