-12697
-8776
-8777
-3538966
-707457
-8324
-10801
-12924
-9841
-3416
1092
2855
6891
9288
11283
12628
15535
17700
14488
13164
10939
11792
15319
14836
10828
8295
7248
5707
3392
6628
11884
9044
2435
4155
10011
14484
14171
16723
15943
18920
23631
23968
18020
13028
13220
15031
16595
16739
16367
16532
14811
11767
12167
18847
22947
20907
18615
20520
25331
28532
27612
28707
32008
34228
33759
35464
37220
38576
38139
37431
22532
23380
25112
26307
28079
30772
30552
30555
29447
28571
25912
26951
28611
25943
22752
21548
21003
17515
15107
12491
9656
8599
5583
3916
4171
3671
5200
5855
6311
9119
12823
16488
17015
16212
13667
12468
12552
11983
11888
7376
2631
-396
956
175
1204
-777
-2604
-2841
-3664
-2416
955
1823
5403
9372
14464
15048
13835
9811
7480
9308
8819
7124
3776
843
-3541
-6176
-3248
-781
136
-1385
-1336
-1368
-1609
-681
851
3504
7248
9807
9832
11956
13291
11287
10524
10055
7572
5772
4167
2183
72
-3185
-2720
-2616
-5257
-7868
-10088
-9848
-9300
-8888
-5040
-1049
3667
4983
6659
4480
5480
7951
8340
9156
7291
7619
8343
5132
947
-1677
-2592
-3968
-6277
-6148
-5604
-8693
-9856
-6836
-7753
-8180
-2985
-1128
2131
3239
3868
4036
2791
1871
2119
595
539
-4629
-9276
-7389
-2753
-2765
-2572
-1365
-825
-1836
-1228
-2905
-5133
-6473
-6933
-7801
-5985
-4144
-7749
-8828
-6584
-6789
-6341
-6060
-8313
-10144
-13160
-13949
-14252
-14965
-15209
-13565
-14688
-15008
-11029
-8205
-8337
-9773
-8481
-8121
-5977
-6528
-7532
-5477
-7032
-9748
-8369
-6464
-7137
-7360
-7169
-8040
-11041
-12589
-12765
-14940
-17725
-20996
-22072
-19813
-16836
-17976
-18757
-19917
-18573
-16592
-11952
-7317
-6269
-5980
-8901
-7453
-5592
-4588
-2729
-4797
-4021
-1841
1615
4952
4400
4136
3032
1572
711
3079
4915
8620
13103
15276
15911
16392
18271
19736
18856
16475
13300
9620
9827
11423
12719
12116
9284
7772
6764
9839
13595
16663
18096
17848
21579
24428
25232
28228
27876
27388
25655
24688
22748
20248
15091
14191
14776
13992
13339
10355
7336
6799
7983
5200
4132
3763
4320
6923
9628
8988
12424
15536
17999
19956
19459
17143
13316
14807
16192
12708
11555
12032
12391
10688
11732
13608
13388
12151
11512
12067
13444
17816
23960
27640
26960
29700
32707
34627
33607
30020
29196
29568
28824
28131
24555
19840
20584
19608
16036
12488
12687
14183
14511
15391
15084
15612
17231
20676
21359
20644
20528
20755
22464
24928
28692
27395
23676
21543
21776
20907
21067
21447
21560
22480
22468
21036
21060
20047
18356
19568
22876
25971
24036
21715
20880
22696
24631
25796
26151
24824
22567
19695
17047
16372
13820
9748
6776
3651
2564
2904
2064
2135
1715
699
3112
5076
5548
6927
5219
1992
64
1755
760
-121
-2520
-5633
-9489
-12432
-12141
-12692
-14188
-14860
-16321
-13809
-13581
-12913
-7680
-7381
-4328
-692
187
1835
927
500
-272
-1580
-3868
-3748
-4176
-6101
-6756
-8476
-8461
-9717
-10344
-10444
-11265
-14985
-17448
-16276
-14852
-10925
-6028
-5369
-141
3348
4359
1608
-937
-1844
-4936
-7624
-10000
-11997
-11425
-12000
-14905
-16125
-15609
-13065
-9508
-8944
-9213
-7785
-4997
-208
2532
5288
6651
10732
15287
17288
15628
15619
14360
11688
8043
3319
2323
3740
4875
4163
4392
5119
6232
5995
4652
3544
2836
3959
6799
7459
8251
10044
14300
14147
14215
14848
14484
11168
-8956
-9677
-10540
-8808
-5984
-2085
1792
1608
-429
-313
2283
2840
3287
5152
4260
916
-821
-2337
-5484
-7505
-7609
-9404
-10216
-8860
-9177
-8665
-6597
-3953
-4896
-3617
1243
2851
1851
652
3532
5056
5008
4944
5431
3312
-728
-6280
-8512
-7225
-8233
-8256
-9949
-11909
-11332
-9360
-8548
-7352
-6585
-10057
-9089
-6344
-3433
-3012
-3229
-3961
-5437
-5852
-6408
-8528
-13640
-16857
-17680
-21029
-23504
-24420
-24389
-25024
-26405
-25397
-26817
-24560
-21609
-18900
-15724
-13605
-13372
-10137
-10465
-9516
-7941
-7416
-7768
-8689
-11068
-15460
-18868
-20521
-21053
-22624
-23509
-26568
-26633
-29397
-33913
-33369
-33076
-29996
-26773
-22333
-19473
-18657
-17121
-18116
-17561
-18952
-20224
-23356
-25220
-25284
-26545
-28112
-29084
-31360
-32684
-31244
-32464
-34952
-34876
-35168
-33965
-33493
-31924
-27289
-23800
-24200
-22701
-23780
-23536
-22593
-24196
-25856
-28120
-27657
-28908
-30645
-28348
-25664
-24609
-27753
-28708
-26004
-22561
-18820
-18993
-16697
-15905
-13308
-10912
-10540
-8972
-7812
-11085
-14761
-17940
-19377
-20252
-22637
-26285
-29728
-32821
-33640
-32113
-28852
-29389
-31208
-30789
-30944
-28437
-26668
-23245
-21553
-20464
-17792
-11801
-11124
-12557
-15569
-16805
-15680
-13332
-16376
-19248
-21676
-21965
-20581
-15825
-13516
-15413
-18840
-17276
-13512
-9440
-7541
-5529
-5408
-6349
-3412
-896
-1261
139
323
-1116
-2680
-4316
-4816
-4460
-6516
-8269
-8353
-8141
-6689
-5721
-5193
-5953
-5256
-1985
3431
7279
8192
11348
14223
13224
12331
13771
13339
11283
7820
6091
5455
3099
2759
2104
-416
-2329
-4416
-2188
1663
2412
2427
944
3411
8232
12463
17396
22988
25063
27804
28868
27067
24816
20792
16828
13447
14163
12995
9343
8320
8015
7460
11299
11696
12595
11955
14584
16960
20919
27508
31340
35308
36915
36423
34859
35159
35560
34039
29519
26379
23544
20223
20119
19440
17783
18192
17335
15680
12456
12527
14883
17299
20627
23896
26116
27648
28887
28420
28240
27907
25244
24635
23872
22664
20207
20016
20028
18376
19100
19943
20151
18920
19155
19931
21647
24863
25767
26431
28504
29503
30331
29416
29296
28052
26276
22719
19979
18323
15575
14428
13412
11907
14471
14960
12544
9919
9607
10175
10395
11715
11187
14080
17651
20444
20775
22760
20519
17124
14684
12280
11680
10719
6972
5851
5648
5779
6255
8399
6484
5280
3132
1979
5015
7295
11303
14427
14912
16088
17940
19919
19776
17367
16259
12928
10212
9043
7932
8211
8903
7499
5764
4095
3072
823
1796
2504
2228
3212
4312
6155
8651
11839
12139
10848
8491
10064
10668
8748
6472
4264
1647
1259
3780
5792
5447
4564
4692
4511
2672
3680
4403
5851
7912
12899
18616
20100
21824
22016
23532
22468
18896
16899
12787
12304
11715
10951
12304
12656
10075
9719
7616
8023
9348
10944
13863
14907
13276
13767
16683
16207
16704
16200
15539
12640
10579
10316
8483
3244
3031
1167
-1996
-1364
499
1451
-1964
-3864
-5136
-4552
-353
3312
7471
7824
10375
11844
13079
13383
14268
13232
12175
12568
5223
3047
2772
740
-360
-281
-1617
-868
1108
-53
944
2759
3296
5956
7300
8356
13576
15964
15851
15371
15923
15791
14011
11215
7719
5731
3752
3352
379
-1721
-3029
-2672
-4804
-4384
-4205
-4481
-4025
-1284
2763
3571
4084
7532
7088
5283
3795
884
-1160
-1780
-4784
-7881
-9636
-11349
-15333
-18712
-20812
-22624
-22837
-24632
-26684
-27377
-26013
-24105
-23116
-19804
-16673
-18136
-17493
-18332
-19409
-21277
-23896
-27996
-30428
-32304
-31296
-30765
-30441
-28817
-28273
-27709
-27084
-28677
-27325
-26181
-22700
-19920
-16204
-13441
-13145
-12596
-10913
-10741
-8764
-9888
-12405
-15588
-16416
-19360
-20905
-20092
-21148
-23476
-25096
-24308
-22341
-19869
-20128
-20541
-20220
-16549
-11264
-8456
-6648
-4777
-2768
-581
836
136
-797
-2132
-5197
-6220
-7220
-7348
-8997
-8909
-7632
-6240
-5496
-3248
-2901
1012
5611
9443
12512
13756
17963
17864
18060
18776
17259
17687
16011
13515
12435
10396
10323
11056
10228
9451
10163
9044
7180
7232
7780
11179
14891
15935
18199
21247
24235
26400
27448
28004
28096
27208
26095
22028
17815
14204
10020
7688
5427
6232
5987
5400
4859
5015
8564
11036
12287
12596
12660
12672
12488
12767
12480
12528
12692
12619
10424
7500
3332
-1817
-6444
-8577
-9761
-9276
-10729
-13133
-14565
-14764
-13477
-9281
-6740
-5225
-4717
-5177
-3261
-3040
-2497
-1396
-2080
-3689
-6001
-6912
-6312
-9820
-10313
-10521
-9597
-8565
-7605
-6568
-7720
-6629
-4173
-5232
-4368
-1384
-789
2140
4736
6276
6267
4456
3564
2740
1451
-681
-5005
-6893
-8065
-9184
-8741
-8741
-7380
-7168
-9028
-7893
-8013
-6561
-5772
-4137
-364
2220
4959
7035
7376
7536
6367
7256
7923
5587
4687
3775
3383
3291
2280
2511
2867
1235
-2001
-3056
-2697
-1589
-1384
671
2687
4327
6804
8763
9859
8976
8635
10364
9051
6816
6772
5123
4632
3784
2720
3283
4436
5571
6079
4539
5128
6875
9616
16027
18279
21483
23435
24007
23524
22723
21400
20403
16732
12072
8732
6499
5384
4468
3152
3648
4344
4087
3815
4487
3528
4676
7575
9804
12011
12312
12019
13764
14575
16859
15164
12692
10104
7467
6115
3936
4439
3443
2391
1427
2627
2855
1899
819
1524
3063
4887
7328
7375
9620
11499
15323
17843
19331
18804
19947
19316
19267
18687
17988
15855
12995
10751
8784
8655
8555
10720
11531
12032
14360
15708
18403
19404
21032
23267
22771
23504
22067
20423
21696
18592
16412
15275
10443
8331
6631
4483
5172
5784
3980
4208
2031
3852
7095
9919
11280
11719
12195
13379
12980
14627
15267
13836
11380
7444
4156
4864
3160
460
-936
-984
-1141
391
2480
-364
-1724
-1312
-525
23
2956
4900
6664
6891
8860
10936
11627
11060
8367
8099
6343
2896
-524
-2468
-2828
-4993
-6637
-9244
-11737
-11360
-10305
-9984
-7260
-4756
-1901
1340
3083
2180
1279
-1513
-2744
-4705
-6888
-9284
-12004
-13701
-15789
-18881
-21233
-21544
-21496
-23600
-26108
-25265
-26592
-25140
-22644
-18836
-17252
-14572
-12269
-12329
-12605
-12368
-10617
-9541
-9465
-9844
-61249
-16392
-17100
-16380
-13956
-12416
-12437
-12008
-10409
-9128
-4477
-4953
-3605
-2861
-4193
-3277
1283
3444
3227
3867
-1704
-3612
-5732
-7533
-10932
-12113
-13764
-14124
-13712
-14365
-15032
-13649
-9537
-6273
-492
1247
1567
2963
5163
6828
10112
11244
10511
8931
8704
7756
8000
7015
5823
4980
2999
727
-789
-3433
-1616
1283
4159
5667
6771
7083
9000
12208
15168
16927
17124
16536
15672
15076
13528
9707
8351
5919
5396
3223
1379
-809
-2588
-2113
1659
5304
10823
13928
16147
20168
21619
21659
20391
19095
18976
20488
20640
20775
21428
21295
19376
15624
12955
11543
12199
11152
8852
8511
8479
9400
11040
13115
17336
19399
21051
23664
25423
27328
26952
26719
24784
24343
23051
22071
18755
14563
13891
11524
10380
8124
8060
7872
7164
8532
12568
14887
16476
16523
15600
14236
12419
11148
9779
7651
4012
1391
-1517
-5437
-8096
-11745
-13493
-15545
-17712
-20829
-22345
-22756
-21148
-19068
-15496
-13153
-12765
-12768
-11501
-11773
-11985
-13356
-14664
-16264
-16061
-17085
-20496
-22524
-23825
-24493
-27521
-31353
-34601
-37612
-38808
-37357
-35924
-32828
-29544
-26889
-23860
-22484
-20297
-18712
-17912
-17561
-18421
-18556
-19832
-21984
-25612
-29068
-30600
-30881
-30337
-30132
-29904
-29364
-27308
-27400
-26868
-23324
-19737
-15949
-12081
-9537
-8625
-6216
-5941
-7048
-7804
-9708
-11616
-15037
-18381
-19492
-19972
-20117
-21180
-21824
-22373
-19864
-19477
-18560
-16772
-15229
-13441
-9537
-7037
-4580
-2009
-949
-1209
-1344
543
1795
2004
747
-844
-941
-1433
-2064
-2393
-3068
-1972
-1969
-1716
275
3715
5304
6587
8507
10243
12224
13255
13995
13416
13739
11716
11884
10643
7655
6852
5567
4956
5636
4700
2647
2052
-800
-340
-1892
-596
1224
4232
6335
8399
11212
13088
14067
13960
13003
11583
10215
7603
5412
5104
5187
6519
7336
8508
11015
10663
11920
11148
10703
12603
15456
17392
19944
21379
23220
24127
24412
25284
24147
24199
22343
19312
18820
15811
13244
10672
8772
6671
3315
1639
-553
-1521
-2064
-2124
-388
1524
2184
3711
2247
2691
4371
3851
3467
1183
-812
-3420
-4781
-5481
-5840
-9196
-12153
-12768
-12181
-12592
-12765
-11025
-10008
-6869
-4904
-6240
-5425
-3884
-129
2767
5459
5912
7699
8424
7199
4699
3539
887
-553
-344
612
-636
-357
-2292
-2313
-4160
-3028
223
1824
4684
6435
8104
9540
8812
8403
6335
5900
5335
4647
3120
1188
-1489
-3873
-4932
-7156
-9972
-12225
-14136
-15644
-16100
-15149
-15808
-13424
-11285
-6472
-4269
-3100
-392
1220
2216
2732
2636
2172
-153
-2701
-4217
-5937
-6073
-7069
-8460
-8525
-9849
-8672
-7584
-5785
-3733
-2868
-1920
-80
887
704
56
704
624
-409
-301
-288
451
-740
-1632
-4148
-6900
-8220
-8772
-7372
-9628
-8212
-7156
-4693
-2408
519
2323
5751
6959
12012
13496
15232
15920
13211
14055
10596
7560
8180
6992
4491
1827
-152
-1228
-1937
-1288
-2680
-4408
-2760
-2032
-573
3623
5556
7808
8679
8335
9639
11008
10799
9247
8907
9232
5692
3823
1695
311
376
1912
2035
-1356
-968
-557
1959
5944
7980
12151
15603
19080
23388
22919
22727
22879
20364
17112
14075
12755
9555
5971
1976
1015
731
1459
1683
1755
-401
-788
-1244
-320
3307
5339
6748
8675
9000
12136
12948
11220
12216
11848
10316
8960
5859
5111
4560
2956
2052
555
391
543
1387
227
499
664
4055
5419
8000
10696
12275
11120
10887
10631
13475
14511
11835
9943
8515
7072
5403
4868
3187
2143
1900
1200
907
892
1228
1004
3275
8807
12572
13531
16252
18008
17807
18160
18935
17076
16184
13752
12903
11532
10571
7951
5420
3668
2735
3012
4452
5164
6531
8747
10811
13979
17884
19199
19700
19608
20295
22392
22215
23404
21360
19352
16403
14619
14195
12983
12948
12223
10951
8312
3944
2292
3252
3119
2719
3403
4672
7244
7347
6672
4608
2060
-464
-2085
-4633
-8981
-12905
-17617
-21401
-25917
-27589
-28845
-29917
-32824
-35376
-36041
-33204
-28440
-25208
-22908
-18968
-15296
-14724
-13380
-12452
-11977
-14657
-16821
-19581
-23013
-25148
-27568
-30233
-32016
-35492
-36577
-37045
-40048
-40609
-41441
-40833
-40040
-36837
-34108
-34449
-32072
-30781
-31524
-31392
-30329
-31156
-33312
-36025
-38348
-40317
-43537
-46573
-47457
-49593
-49669
-49972
-51936
-52633
-51312
-49769
-47313
-44025
-40380
-38448
-34172
-33165
-31740
-29188
-31592
-33501
-34965
-36697
-38308
-41509
-42345
-43473
-45701
-47621
-48616
-48249
-48408
-49833
-47461
-44332
-40144
-37120
-33697
-31548
-28872
-26932
-24389
-23045
-20716
-21724
-22493
-24728
-26529
-28188
-29905
-30432
-31000
-30869
-31865
-31280
-29389
-26288
-25676
-22985
-21149
-18980
-15452
-14084
-13109
-10113
-10693
-9361
-9964
-11029
-11717
-13364
-16588
-19649
-23364
-25021
-27853
-29112
-28616
-28681
-30164
-28792
-27589
-25920
-24449
-22216
-19032
-15500
-11513
-8960
-5977
-4908
-2661
-2125
-708
-2741
-5756
-7545
-8588
-8844
-9085
-7437
-8825
-9140
-8856
-8628
-6609
-7197
-6372
-5609
-2944
-621
3584
5388
5888
7588
8752
10896
11243
10251
7563
5004
2155
128
-2132
-5656
-7788
-10037
-12656
-12809
-14640
-12684
-13152
-11989
-11421
-9876
-8293
-5736
-4708
-3104
-720
-2704
-2493
-3216
-5489
-5732
-7768
-9540
-10256
-11085
-10492
-10600
-10537
-11764
-10769
-7665
-4757
-1081
2284
4607
7364
7756
10223
13279
16171
15403
15731
14619
11363
7643
5087
2440
960
-824
-3744
-3853
-6817
-7897
-8068
-7685
-6217
-4172
-3180
1060
2972
4223
7167
6908
7855
7824
5519
5223
4188
3339
1575
1400
59
-412
-1536
-1541
-1768
-2157
-577
1508
3275
3259
5215
6859
8615
11279
13219
14120
13691
14680
14155
12691
10376
10207
9679
7920
7508
5911
5179
4664
3284
2059
2308
4139
8120
12488
15520
18920
23460
27355
29023
29931
31759
31660
29564
28215
27167
23963
20388
17659
14139
11532
11416
9204
8524
7900
7607
9912
9344
11228
13335
16991
19100
20295
20739
19031
18387
18696
16148
13532
12407
10928
10067
8867
6788
6224
5164
4459
3324
3468
2495
3180
5684
8196
9600
13487
14715
13724
14488
13303
12088
13332
11007
8043
167808
2184
-333
-3224
-5532
-5541
-5560
-7477
-8052
-9336
-10816
-11076
-9720
-8824
-5349
-3885
-1289
1095
1556
603
812
2520
3008
1680
631
-1444
-2353
-5325
-5781
-5372
-6021
-6036
-6301
-8280
-8080
-6548
-5717
-2161
-689
1263
2763
3303
5099
7495
8615
10268
9680
8560
7120
4595
4416
3835
539
2215
1839
1147
1056
-384
-997
-2136
179
2207
3047
6783
7611
9472
9875
9164
10531
9363
7304
4435
3264
1847
-1152
-5640
-7413
-9516
-11569
-12513
-13661
-14113
-14496
-13725
-11472
-11396
-9100
-5749
-2840
-1313
-1321
-605
1799
2679
3548
1816
-1612
-3505
-4360
-4444
-5849
-6329
-6941
-6620
-5749
-6260
-5753
-3260
-1096
1375
2623
1467
164
263
-2961
-3717
-3984
-5125
-6765
-9440
-11676
-13804
-17004
-18253
-19808
-20980
-20636
-19053
-16909
-16788
-15928
-14557
-12936
-9721
-6237
-4628
-1304
-613
1976
3508
5304
4159
2632
2111
311
-256
-209
-1953
-845
-21
-577
140
-1104
-1825
-3953
-3117
-1533
539
1840
3919
5859
6672
7047
7015
6536
7032
6720
8896
7580
5915
4103
3091
1343
-504
32
-100
-1080
-1612
-1041
-177
1183
3763
7299
9795
13955
18351
20248
20396
18443
19736
20600
18463
16963
12919
11987
8863
8620
8560
7079
6900
5723
5256
5500
7015
8864
8979
9975
12823
17219
19515
21955
23328
23679
21651
20668
18268
17704
15488
12724
11711
12015
10712
9056
8851
8383
8340
8851
10139
12480
15035
17500
19908
21972
21564
21228
22492
20863
20875
20156
17220
13139
10724
9499
5040
1283
-88
-61
63
-1236
-1177
-2153
-2496
-1212
-149
3076
4332
6223
5867
5675
4644
4251
2912
724
-1697
-3897
-5696
-6221
-6673
-7640
-11052
-12864
-12944
-13320
-14245
-15044
-13280
-10656
-6377
-3465
-1492
1468
2439
5799
7147
9244
11183
9515
10367
8092
6828
5299
2308
863
-985
-1040
-1808
-3897
-2664
-2692
-1984
8
2668
6016
8931
12444
13380
12999
13007
11764
11260
11868
9291
6060
3140
1215
-861
-2013
-4333
-6336
-6772
-8128
-7196
-4284
-1573
2951
8100
11635
14779
16359
16547
18548
18171
18415
17471
16519
13964
10736
7352
1720
43
-3157
-6105
-6968
-8113
-7920
-9569
-10569
-10817
-8917
-5237
-3569
-1112
1343
1627
2016
1564
608
852
-2072
-3017
-4705
-6449
-8208
-8461
-10829
-12025
-12581
-12305
-12721
-12512
-11409
-9600
-7860
-6712
-4217
-2541
507
432
40
99
-28
-905
-4412
-8749
-13044
-15217
-18688
-20752
-22776
-26529
-28784
-27857
-26476
-26780
-25129
-23505
-20360
-18068
-13868
-11069
-10017
-7864
-6797
-5304
-5361
-5668
-3145
-4788
-7912
-9929
-12204
-13273
-14720
-16725
-16745
-20581
-22716
-25192
-26680
-26488
-25809
-23817
-22944
-22420
-19501
-18517
-20076
-17349
-18561
-18133
-17901
-19124
-19485
-21765
-22464
-22969
-25309
-26116
-28429
-30660
-30112
-30481
-29460
-25688
-22781
-18104
-15569
-7349
-6568
-7796
-9332
-10916
-14804
-18549
-21077
-25448
-26465
-26465
-28180
-29172
-28253
-28008
-28980
-27093
-27633
-26877
-23260
-22300
-18589
-18072
-16356
-16961
-18944
-19241
-19377
-20365
-21556
-25324
-27464
-28533
-28349
-30748
-31612
-31512
-31708
-32361
-31181
-28396
-25641
-23816
-21101
-19792
-17972
-16624
-15868
-17597
-17052
-17640
-17693
-22064
-23817
-24320
-25244
-23093
-23413
-23760
-24360
-25636
-26700
-26952
-27700
-26549
-23429
-23048
-21977
-21253
-21048
-19936
-20389
-21705
-23156
-22680
-22609
-24976
-28949
-31592
-31952
-34108
-35133
-36273
-35524
-34880
-34252
-34789
-32725
-29468
-26105
-21732
-18709
-16128
-15012
-13625
-13753
-16020
-15089
-15085
-16793
-18013
-19061
-19901
-20089
-20513
-20936
-19040
-19564
-18856
-18577
-16897
-14684
-10844
-7388
-4321
-1252
-157
2987
5815
6800
7499
5283
4272
4343
1943
-156
-4336
-6684
-7633
-9656
-10233
-10136
-10788
-9213
-8897
-6301
-2304
779
6079
9288
13155
15903
16368
18587
19092
19948
18164
17567
15812
14967
12208
10511
8391
6304
6116
3187
3928
3872
2467
4059
7311
10139
12904
17427
20839
23991
25803
28427
27555
27423
26152
23836
22075
20468
17956
17168
16576
15580
16299
17179
17192
16891
17136
17712
19696
21500
23083
25424
27015
28363
29076
29251
28259
29476
28227
26655
22412
19376
15068
10935
7771
4275
567
-792
-3220
-5341
-7205
-9020
-9204
-9272
-7917
-5569
-3560
-1153
1796
4168
4976
5144
5008
4236
2547
1212
-856
-3213
-4965
-6368
-9869
-11413
-11277
-12201
-12216
-11516
-9465
-6948
-4528
-584
2835
4952
6519
7627
9008
9527
9692
6932
5499
2632
591
60
-1069
-416
-980
-1080
-592
68
-9
-312
252
2555
6203
9907
11911
15940
17852
16811
17359
17907
18968
17304
15983
14212
13276
8964
5760
3368
304
-205
-308
-404
-2344
-2313
-224
2379
2887
6575
6011
7684
9883
11432
13072
15332
16575
16179
15595
14152
11299
9692
7940
5884
5488
2367
1915
468
-1188
-1997
-937
-12
824
1531
3748
4939
6655
6823
6368
5023
4103
3620
2028
-1665
-4092
-6081
-7505
-11716
-14017
-14832
-14577
-17040
-17256
-15557
-12424
-8776
-6872
-4485
-680
2751
5476
4636
4476
5412
4496
3896
2147
252
-2777
-3849
-3801
-4277
-4728
-7640
-8632
-6828
-5317
-4808
-2533
403
5655
7684
10427
12884
13064
12900
14051
13399
13319
11648
9299
8279
5912
6116
2915
1127
2644
2787
3259
3635
3771
3748
6231
8956
12432
15212
20871
24571
26448
27796
28292
29196
28584
27196
25796
23168
21284
20291
19468
19863
19572
17828
17775
17564
17332
18164
19739
20880
23531
25763
26232
26579
26975
27247
27099
26884
25496
23527
19859
18335
14416
11311
9824
7764
7072
5287
4748
4111
1467
1612
4059
6096
8152
11251
12716
14748
14735
14943
15351
12511
11167
7895
4504
2491
-1237
-5120
-6597
-8869
-10257
-12516
-15500
-18593
-17920
-18664
-20760
-20133
-18745
-17560
-17348
-15760
-13845
-14781
-15869
-13501
-13968
-16957
-19933
-22613
-23844
-24565
-24709
-27392
-27652
-29416
-29125
-30128
-31656
-30788
-28944
-27088
-26112
-24713
-22608
-21236
-20900
-20369
-21157
-20481
-21433
-23792
-26692
-30020
-32137
-35408
-35517
-36621
-37040
-38484
-38060
-38673
-39301
-37413
-36352
-33421
-30357
-28980
-25572
-23821
-21745
-20304
-18829
-20044
-21329
-21161
-23541
-23780
-24392
-23273
-23620
-25364
-25412
-25088
-24573
-25128
-23505
-21117
-16276
-11504
-7641
-5765
372
2839
7023
9427
11104
12840
12599
13847
11508
8175
7856
6951
6644
8504
9812
10867
10776
12168
13832
14163
16076
19376
22555
26904
30327
33503
37215
38744
39448
39224
37851
37004
33071
29575
27144
24656
22892
20332
19224
20512
20412
18471
18343
19755
19463
22191
24560
25568
28500
29660
28995
30031
28915
28467
26632
24507
21707
18915
15892
15783
14124
12480
10684
7476
7200
7487
6804
7259
7744
7868
8572
10315
12408
13384
13808
15671
17924
16859
14855
9628
6847
1468
-1368
-3769
-5884
-7956
-10657
-9305
-9145
-9993
-11200
-10345
-8373
-5480
-2073
1448
4839
6188
5075
3272
2964
1659
4
-1052
-3764
-4769
-4980
-7917
-8692
-11752
-13212
-13668
-14200
-14385
-13953
-11508
-10060
-7585
-4857
-1668
167
2947
4024
5435
5036
3788
2228
516
-284
-3993
-7213
-8885
-11336
-12516
-14676
-15033
-17348
-18004
-18905
-19285
-18817
-16924
-13704
-11896
-8912
-7740
-6205
-4224
-5236
-6188
-7385
-9165
-11064
-13333
-10797
-11397
-12888
-15525
-15588
-15785
-16784
-16161
-15197
-14317
-12396
-11728
-10532
-9481
-8192
-6668
-6076
-6377
-4345
-2749
-4241
-5896
-9596
-11201
-10924
-10653
-11972
-12813
-12925
-12460
-12848
-12012
-9417
-5324
-1436
3112
7059
10544
13500
16556
17512
17408
16487
17043
16416
13468
11131
7871
4771
4211
3223
2972
3847
4671
4179
6151
6596
8928
11979
15048
19400
21452
26016
27167
28876
29500
29495
29275
28052
26408
23736
22555
22067
19295
17227
15111
12931
12163
11940
12228
14364
16588
20211
23248
26136
29571
31911
33612
35355
34788
34763
34395
31380
29968
26367
23967
21484
18332
16995
13835
12499
14180
12944
13835
16255
18923
21892
24876
28172
32187
35507
37539
37963
38595
38372
36815
35211
33568
31163
29260
27904
26631
23540
20691
19407
19336
18508
18015
18519
22412
25012
29299
32727
38327
42368
44139
45791
47031
46923
47363
47135
45311
44360
43016
41732
41268
39916
38603
39435
38204
37180
36143
35728
36415
36211
38631
40811
41592
42391
43444
43600
42343
41024
40463
39324
36772
34124
29783
27399
23735
21008
18652
17091
15675
14819
13879
14603
15912
18436
20036
21580
23664
24343
26307
24995
25620
24247
21487
19748
15155
11924
9220
7007
4555
3799
2819
2783
1960
1507
3903
3803
6536
8652
9359
11859
15187
16960
16931
15156
13940
14211
12068
9352
5963
1719
-2373
-5953
-7521
-11144
-14389
-15661
-17072
-18121
-18961
-20140
-19640
-18108
-15053
-13076
-10136
-9264
-9405
-9617
-10700
-10349
-10573
-12545
-13497
-14933
-16888
-17173
-17060
-19288
-20813
-22052
-23476
-23029
-21793
-20172
-16925
-12748
-9741
-5537
-2169
163
2871
6324
7520
11743
11576
11116
9152
7567
5984
4092
3712
2463
1467
-617
-2120
-4384
-3997
-1932
-720
1972
5551
7115
8687
10807
13376
14283
13935
14436
15944
16815
15927
15472
15243
14675
14416
14036
15671
17776
18236
20567
22383
24107
28864
31423
35027
37711
40707
41747
43335
41551
40255
38484
37504
35048
31576
27987
28172
26487
24160
23072
21624
19944
19608
18723
21515
23216
25336
28151
33152
35724
37368
39188
40759
41272
43083
43616
44008
41552
37912
34667
30892
27263
26080
24108
20695
19896
18020
17528
18760
19631
21888
26371
30491
33987
36980
37899
38895
37587
35611
33323
30487
25759
22631
21076
18951
15312
12831
11999
10392
10012
9464
8280
10331
12440
14983
19431
22072
23555
25539
26171
26715
28919
27680
26356
22511
19875
15876
12300
8703
5076
280
-1769
-1833
-1993
-4676
-7320
-7585
-5712
-3228
-289
1944
4920
5971
7023
6608
7075
6431
4743
1471
-624
-2253
-4568
-6864
-10637
-12537
-13336
-13224
-12009
-11824
-11780
-9165
-5797
-2332
-72
1699
4663
6151
8044
8912
11531
10771
11836
12328
10356
7972
7039
6344
5632
3844
1992
884
179
-104
-749
587
2691
5663
10571
12351
14555
16359
17264
17459
17795
17775
16444
15712
12615
9084
3660
-121
-4357
-8132
-10297
-12372
-12340
-12145
-12416
-12113
-11917
-10417
-8377
-6665
-2745
144
1652
1911
2075
3056
3839
3292
2852
2488
1979
1504
-901
-4904
-7889
-10317
-12705
-13800
-13273
-12213
-8857
-6061
-2932
184
3315
5451
5411
6091
6467
5907
5723
3755
-1024
-3677
-6916
-9381
-12552
-15509
-16052
-17257
-17109
-18593
-19360
-20181
-20417
-18548
-15377
-11548
-9785
-8712
-7276
-6241
-6660
-8045
-8869
-9860
-12369
-15829
