-66808
-34043
42240
50258
56638
58354
27219
24537
18992
10951
3135
-3371
-9061
-15573
-22984
-27499
-31496
-30229
-26768
-23523
-19340
-14819
-6719
1396
10866
21069
29025
31772
32816
36218
35220
30373
25025
18343
10941
4190
-3896
-11988
-18352
-21637
-22162
-23148
-22164
-20373
-15612
-8925
-1883
6611
13914
20246
26716
32824
36256
38445
38758
35790
30344
23866
15909
7935
-1644
-9502
-15936
-21245
-23496
-22411
-20357
-17689
-13047
-7321
45844
37026
25384
6159
-1316
-11887
-17727
-20107
-20726
-20774
-20220
-16787
-11955
-5486
1640
8989
16639
24642
32372
36928
38565
38825
38637
35460
30357
23750
17033
7524
-404
-7156
-14278
-18219
-20781
-22526
-23391
-20061
-15102
-9008
-2305
4218
12402
20552
26663
32068
34500
34057
33550
31876
27094
19849
12294
5209
-1488
-8574
-14495
-19513
-25444
-28751
-26260
-22103
-18023
-13674
-7184
-514
6361
14004
19596
23723
27008
26966
24724
21385
16253
10519
2859
-5251
-12719
-19792
-24851
-27417
-31064
-33760
-32992
-29953
-24712
-19156
-12177
-5754
1166
8183
16627
22955
26500
28240
26836
22573
17908
15002
9011
585
-8618
-16671
-22586
-28033
-30714
-31254
-30708
-28874
-24478
-18621
-11153
-1185
6930
13548
19824
25314
28335
29126
26624
23070
18742
12476
4671
-2445
-11340
-19211
-25464
-29179
-33073
-34339
-32586
-30268
-24433
-18066
-12386
-5137
2955
9743
15713
20259
23481
26598
26531
22577
18370
13298
6227
-562
-8367
-15576
-21486
-27174
-30438
-30074
-27086
-23657
-20034
-15195
-6724
1077
7938
14834
21146
26937
30717
31430
28703
24570
19475
13032
5939
-2161
-10839
-18112
-24310
-28291
-29913
-29925
-28314
-25962
-21753
-13865
-6733
680
8738
15734
20977
26382
28279
28270
26793
23792
19099
13344
6969
-513
-7243
-14323
-21296
-25906
-28283
-28774
-27756
-26289
-23743
-16421
-6842
683
6292
9946
15869
21696
24859
26694
25920
22849
17551
12039
6296
-106
-6511
-13856
-20407
-24431
-25553
-26428
-24331
-21763
-17330
-11657
-4390
3263
11733
19986
25114
28809
32632
34576
34893
32013
26860
20274
13296
7778
213
-7700
-14889
-18570
-20391
-21788
-21265
-17808
-11959
-5700
998
8878
17142
25441
30720
33894
35922
37067
36048
32639
28661
21938
14863
9730
3043
-4485
-11405
-15004
-17385
-18363
-19275
-16378
-11277
-4722
1862
9025
17254
25209
31627
36916
39549
41401
40167
36074
29930
23602
17355
12533
5101
-2532
-9179
-14778
-17705
-17759
-17794
-14734
-9876
-3961
3177
11303
18366
25483
31928
35958
38786
39517
38120
35022
30025
23175
15850
7457
-889
-8577
-13925
-18942
-21783
-23101
-21485
-16592
-11667
-6408
-22
7093
13704
21167
28295
32847
36032
36031
34412
31652
26761
19163
11673
5053
-1098
-8194
-14599
-17934
-19174
-19417
-17273
-14408
-9368
-3072
4004
11920
20118
28167
34418
40060
41984
42329
41787
39403
34649
27426
20378
13080
5329
-2267
-8887
-13211
-16407
-16646
-16676
-14848
-10047
-5097
2085
9507
17007
22468
27202
32812
36027
34892
32017
27539
20482
13509
6154
-2228
-11485
-19098
-25053
-27063
-28368
-30175
-28542
-26232
-22533
-16593
-8832
-1186
6997
14477
19643
24352
27233
28611
26625
20677
15962
9950
3462
-4202
-12162
-19574
-24703
-28186
-29870
-30206
-29585
-25780
-19818
-12914
-6731
-638
6747
12716
19219
23632
24699
24944
23908
21189
17407
12048
5059
-2628
-8729
-15730
-20982
-24520
-25821
-25004
-22765
-19067
-14335
-7279
-270
6370
14386
21196
27039
31398
34219
35401
33468
29482
25082
19170
12471
4734
-2844
-9565
-15787
-20240
-22247
-23050
-21033
-17631
-13664
-7655
34436
62034
26519
19426
11662
3344
-4674
-12118
-19333
-25498
-28145
-28516
-26776
-24941
-21407
-15201
-7133
304
7435
13511
18513
22333
24283
22647
21049
17761
13304
6807
-882
-9132
-17245
-24184
-30644
-33774
-35160
-37364
-37506
-33466
-28174
-21435
-14665
-6789
1190
9231
14620
18313
20562
22016
21699
18447
11643
5117
-2816
-10898
-16652
-23791
-30307
-36236
-38186
-38205
-35888
-33318
-28577
-21556
-13822
-5691
2724
9814
14954
19515
22963
24050
23125
19229
13964
6723
-2157
-9929
-17189
-24378
-30847
-34696
-37632
-38112
-36273
-33947
-30022
-25149
-18343
-11102
-2702
4269
8989
11657
12818
13399
12824
8587
3035
-2257
-8328
-13655
-20226
-27606
-33246
-37344
-38951
-40243
-39047
-34493
-29719
-24442
-17351
-7571
857
6808
11493
14636
17145
18475
17239
14370
9443
3015
-4828
-12414
-19962
-26624
-32394
-37116
-40731
-42593
-41742
-38952
-34934
-29175
-21936
-14182
-6638
558
6788
12546
16779
17509
15527
12901
6916
-338
-6482
-13974
-21061
-28060
-32681
-37921
-39573
-40025
-38179
-34883
-29683
-23074
-15253
-8083
-2564
4690
11197
15792
19530
20198
17791
13174
8613
2949
-3529
-11022
-18149
-26184
-31943
-35402
-36770
-37828
-37162
-33840
-29372
-23200
-15614
-8030
-1543
5057
10773
16788
20448
20772
17983
14411
7942
881
-6993
-14182
-22619
-30079
-35557
-38709
-40383
-40285
-39503
-36634
-32420
-25848
-17628
-9438
-996
6380
12455
19321
23148
24118
23032
19755
15088
9351
2349
-3885
-11010
-16850
-22423
-26094
-28560
-29466
-27127
-22463
-17337
-10890
-4072
3899
11592
19111
24713
29250
32484
34525
34122
31066
26439
20104
12344
5327
-837
-7667
-12722
-16940
-19951
-21029
-19712
-16322
-11973
-6042
819
8144
16692
24532
31980
36035
38261
38895
38706
36600
31130
24857
17746
9581
1871
-4059
-9013
-13048
-15698
-15341
-13091
-10064
-5540
1091
7771
16151
23675
30702
36109
40364
43289
44579
43088
39904
34347
26886
18587
11809
4785
-2547
-8193
-13761
-17401
-18153
-15362
-9889
-4409
1829
7968
15703
23244
29311
35423
39016
40094
40025
37282
33107
27542
20270
11443
3876
-3809
-11510
-17283
-22527
-24733
-24383
-21597
-17010
-10896
-5642
329
7935
17409
24669
29718
33128
35021
35910
34468
29194
23426
16779
10093
2494
-4716
-11746
-17839
-21901
-23275
-23751
-20525
-16698
-12862
-7237
780
9381
17389
23913
30528
34909
36935
38019
36374
32993
26847
19954
12591
4461
-3372
-10525
-14482
-17394
-19250
-19922
-18758
-15984
-11890
-5259
1755
8801
14921
21341
27806
32191
35973
36805
34339
30793
26110
18313
11728
3263
-4025
-12180
-17766
-21453
-25777
-26186
-24549
-21604
-17068
-11091
-3249
4456
12223
19093
25166
29557
32401
30543
28197
24973
20245
13942
6159
-1162
-8933
-15706
-22118
-25886
-27924
-28465
-26315
-22345
-16905
-9355
-1899
6246
15717
23861
30514
34198
36688
37368
35592
31557
25916
18879
10739
2227
-5426
-12848
-18558
-23795
-26293
-27244
-25996
-22858
-18307
-12182
-4797
3471
12105
19725
25595
30139
32081
31568
30441
27193
22289
16033
9565
1854
-5553
-12443
-17026
-21553
-24441
-26028
-23743
-20624
-13879
-7451
12838
28250
19666
24564
28001
29792
29280
27529
22936
16839
9981
1856
-7263
-15162
-22417
-28232
-31259
-33927
-34444
-33376
-30463
-26640
-19935
-13248
-6341
741
7075
12784
17088
19319
18352
17249
13632
8640
1329
-6629
-14394
-22022
-28461
-33620
-36823
-40041
-39435
-37438
-33382
-27644
-20393
-12550
-4547
3434
10273
16536
21830
24780
25263
23547
18571
13474
6288
-1617
-10321
-18223
-25130
-31435
-35278
-35710
-35407
-33837
-29728
-24605
-18601
-11252
-5205
1608
8917
14575
18492
20649
21112
18988
14708
8103
850
-6305
-14040
-21882
-29268
-34363
-38755
-40561
-40372
-37666
-33437
-27813
-21098
-13715
-5729
1407
10128
15585
20174
23220
22857
20007
16921
10161
1816
-5593
-12139
-20300
-27538
-32515
-35844
-36863
-35433
-32657
-28596
-22886
-16146
-8579
-975
7174
13804
19400
23652
25905
27626
27072
23390
17740
10245
3441
-4394
-12702
-17992
-23760
-27788
-29081
-29114
-26957
-22278
-16460
-10436
-1043
6427
14825
22861
28024
31971
35249
35063
33814
30263
25726
20326
13025
4739
-2698
-9540
-15960
-19533
-21703
-22669
-20492
-15564
-10006
-3856
4550
12709
20289
27225
33375
37562
40016
41170
39742
36454
30758
24059
16309
8244
1096
-4657
-10356
-14054
-16539
-17450
-15244
-10919
-6449
-1396
5156
13130
20853
27353
32930
37919
40187
40461
37912
33115
27394
20430
12705
3769
-4594
-12098
-17609
-21515
-24432
-24802
-21617
-36600
-14961
-8454
-2145
4843
10894
16752
21945
26864
28655
28546
26348
21909
16203
10239
1619
-6944
-14584
-21334
-27035
-30415
-32264
-33034
-31085
-26913
-21278
-13209
-5449
2104
10166
16900
23205
29483
31650
32574
29994
25948
20893
13928
6928
-1517
-8968
-15302
-20121
-23259
-23937
-23843
-20320
-17359
-12018
-4936
1815
9322
16914
24057
30292
34607
35371
35414
33115
28768
22955
15797
7989
393
-7182
-14359
-19618
-23624
-25525
-25444
-23465
-19789
-14194
-7664
102
6220
12548
19569
24642
28240
30760
31188
30551
27248
23429
16967
10320
2178
-4743
-12184
-16838
-18931
-19010
-17515
-14406
-9976
-4440
1952
10541
18007
25243
31714
38307
41190
43125
43357
42974
40020
32606
25772
19243
12115
3269
-3855
-9636
-14356
-15300
-16551
-14638
-11706
-6845
974
8824
15557
21495
28650
33761
38619
42237
43118
41171
36804
31048
24807
18113
10634
2155
-6063
-11800
-16063
-18765
-19083
-17169
-12360
-6485
-513
6468
13133
19962
27543
32779
36594
38384
37830
36412
33481
27461
20751
12985
5429
-1320
-8188
-13635
-18291
-20437
-20049
-17037
-13115
-7900
-2252
4716
12235
20737
28074
33996
38223
39403
38824
36407
31467
26316
20025
11841
5343
-2189
-9087
-14860
-17362
-18814
-19136
-17258
-14116
-8816
-162
6657
14874
21660
28275
34216
38293
39687
40554
39221
34582
29894
24229
16332
8546
909
-6442
-12024
-15094
-17388
-17445
-16665
-13020
-7668
-113
7134
15341
22756
29352
35492
39511
41866
41020
37863
32904
26387
20330
13525
7094
-1493
-9150
-15263
-18482
-20526
-21049
-19749
-16864
-11752
-6124
1246
9154
16960
23912
28125
30956
32130
30752
27328
22673
16883
8843
1585
-5500
-12393
-19168
-25176
-29498
-32621
-32405
-30400
-28166
-23940
-18391
21176
34078
22450
24433
25135
23239
39764
14650
8192
931
-29798
-21395
-25953
-28747
-30004
-30809
-58298
-25593
-19881
-13323
827
8853
15320
21266
25287
28012
54324
24392
20158
13662
7339
880
-7066
-15428
-21755
-27204
-30982
-32660
-32343
-29024
-24857
-21098
-14170
-6549
1382
9867
15423
20098
23387
25338
26315
25158
21968
16799
11442
4991
-3010
-10788
-16830
-22359
-24865
-25980
-25852
-24138
-20218
-14446
-7106
-260
7974
15012
22093
27044
31660
33604
33550
31454
25887
19033
12403
5036
-1776
-10240
-17091
-21523
-24132
-24861
-22953
-20205
-16223
-10805
-3483
3977
11586
18364
23631
28634
32536
33548
32720
29245
25536
21541
14127
6617
-1007
-8609
-14384
-18691
-21256
-22244
-23092
-21028
-17149
-10666
-3606
3065
10375
18225
25376
30964
35472
37227
35494
33042
29498
23414
15944
8011
-623
-7918
-13884
-18638
-22369
-23904
-24741
-21508
-16549
-12133
-5280
2138
9394
16304
22334
28742
33026
34567
33450
29801
24913
18352
11238
3247
-5848
-14147
-21089
-27217
-31175
-33825
-34192
-32308
-28109
-21965
-14725
-7645
368
7753
13186
17662
21663
22887
22214
19986
15244
8969
1258
-7303
-16250
-24766
-31650
-36072
-39736
-40691
-39661
-37430
-33395
-27627
-21860
-14567
-6888
1600
8684
13222
17146
19084
17789
14756
9382
3129
-2625
-10230
-17512
-23697
-28360
-33704
-37119
-39032
-37908
-35327
-31593
-26525
-19256
-11258
-4182
3945
10148
15003
19233
20423
19676
17817
13273
7737
653
-7486
-14819
-22715
-28848
-33312
-35716
-36699
-34928
-32605
-27777
-22096
-16034
-9149
-1158
5540
11568
17143
20404
21638
21823
19670
16055
10489
2901
-3751
-10244
-16809
-21820
-26214
-28493
-29493
-27661
-24471
-20683
-14526
-8516
-2247
5948
13337
19180
24216
27880
29063
28523
26489
22507
16784
9607
1819
-5426
-12147
-18223
-23084
-26505
-28630
-27315
-25210
-21736
-16277
-8830
-1384
6068
12885
20293
25596
28932
29969
29160
26151
21881
15700
8373
915
-6559
-15499
-21841
-27278
-30363
-31122
-30398
-27531
-24244
-18265
-10847
-2914
5203
12925
19674
24668
28166
29410
27391
24557
19504
12545
5515
-768
-7730
-15063
-21670
-27629
-30435
-30555
-29130
-25823
-20915
-15006
-8247
-430
7297
13347
19430
23515
26288
28032
26461
23885
19029
11470
3657
-4125
-12520
-19790
-26540
-32676
-36088
-36956
-37020
-35497
-31993
-27852
-22589
-15795
-8336
-894
6233
11397
14689
17020
17826
16146
12417
7379
1806
-4420
-11340
-18605
-23344
-27907
-30549
-32586
-31871
-29120
-26273
-22048
-15977
-10006
-3422
4362
10511
16182
19590
21588
21683
19494
15625
10170
3656
-3619
-9899
-16858
-23507
-28208
-31257
-32961
-31795
-28439
-23616
-17676
-10752
-3979
3851
11645
17294
21563
25064
26162
27276
25074
20738
13772
7094
-511
-8434
-15634
-22817
-27268
-30305
-31737
-31009
-30066
-26899
-22270
-16821
-10538
-3380
4817
12651
18173
21615
25261
24524
21536
16461
10241
2914
-4740
-11348
-17955
-23851
-29096
-32684
-33418
-31983
-29456
-26082
-19042
-11774
-5082
3563
12336
18114
22583
25334
27728
27523
24072
18611
12909
4218
-4199
-12216
-19758
-25710
-30695
-33580
-34821
-34397
-32135
-27570
-23133
-16092
-90
17544
15491
21082
24640
28353
27929
24763
21169
16160
8835
817
-7223
-14459
-19362
-24362
-27977
-27744
-27180
-24632
-19602
-14148
-7410
922
8021
15501
22664
27067
30544
31446
31199
27928
24082
17578
9806
1731
-5659
-14024
-20668
-26835
-29328
-30497
-30066
-27027
-23385
-17384
-9755
-1708
5926
13413
19669
24314
26551
28002
27526
24884
18915
11895
5547
-2453
-9997
-17273
-22888
-28972
-31464
-32076
-31859
-29749
-24876
-19844
-13968
-6184
2016
10113
16526
20850
23613
25224
24481
22533
17773
11053
5686
-1219
-7828
-13253
-19304
-24015
-27090
-27760
-26333
-24010
-19565
-12438
-3643
4979
13888
22362
29306
34343
37343
39230
39418
36196
30969
24116
16869
9603
3196
-4201
-10200
-14244
-17275
-18314
-17056
-13979
-10403
-5467
725
7821
14552
21625
27504
31332
35096
35330
33894
29410
23892
18130
11417
4101
-2443
-10206
-17167
-21630
-25012
-26641
-26437
-24449
-19973
-15317
-9027
-2940
3090
9298
15702
19635
22780
23636
22546
19152
14456
7955
430
-7800
-15850
-24292
-31194
-36367
-41093
-41861
-41112
-38060
-34148
-28340
-21066
-14171
-6462
-793
4493
10159
12532
12698
10808
7113
2161
-3600
-11562
-18859
-26262
-33781
-42227
-47168
-51079
-53084
-52703
-50185
-46164
-40228
-33495
-25950
-17867
-10510
-2909
2837
6731
8453
8215
5743
1080
-4053
-9767
-16500
-23602
-30114
-36799
-42137
-46334
-46968
-46718
-43477
-38448
-31768
-24483
-18057
-10546
-2863
4122
8902
11486
12951
12893
10207
5599
-772
-7472
-15990
-23649
-30934
-36808
-40667
-43081
-42653
-40887
-36387
-31963
-26136
-19412
-10779
-3026
4681
11484
16479
18915
20908
20619
16609
11765
4835
-1884
-8447
-15996
-21553
-27091
-31674
-35002
-35731
-33147
-30493
-25320
-19014
-11927
-3474
4482
11450
17497
21605
25607
27479
26656
23564
19399
13946
7009
-913
-8882
-16720
-23714
-28832
-31775
-32353
-30919
-27857
-24140
-18800
-11699
-4211
3221
9479
14764
19377
22701
23517
22429
19141
13706
7081
-182
-7079
-15354
-23281
-28823
-32406
-35338
-35660
-34567
-31377
-27965
-21426
-14358
-6240
2004
9751
17304
23313
27225
28629
28167
25387
20694
15475
8363
794
-7243
-14661
-21117
-26027
-27842
-29277
-27601
-24375
-19224
-13232
-6079
6
7779
14634
20034
24174
26580
25647
24650
21073
15972
10906
3449
-4907
-12969
-20840
-26355
-31342
-33507
-34536
-33283
-30347
-25760
-19118
-12214
-4681
3348
12490
19778
26049
29035
29684
28303
25361
20364
13424
6891
-379
-8135
-15430
-21135
-24453
-26709
-27151
-25892
-22560
-16870
-10075
-3376
4514
12277
18387
25501
29563
31734
33262
32519
29861
25786
20423
13361
6348
-1333
-9401
-15242
-20076
-22339
-23774
-23163
-19799
-15329
-9490
-3374
3997
12088
18621
24027
28328
30647
30816
30230
26853
20793
13622
6110
570
-7057
-14197
-21253
-26925
-30246
-30805
-29590
-27158
-23491
-17456
-11132
-2791
4846
12634
19255
24854
27871
29668
28541
26206
20982
14664
7483
346
-6504
-11938
-17283
-20883
-24155
-23905
-21359
-18698
-13434
-6209
793
8846
16563
22341
28576
33286
36284
36740
35917
31576
25804
17935
10787
2471
-6709
-14713
-20995
-25466
-27952
-28904
-27415
-23783
-18133
-12111
-4750
5702
10930
18132
24937
29966
33409
32729
30881
27348
21670
14306
6032
-1301
-9349
-16162
-21212
-24873
-27887
-28031
-28323
-24414
-19196
-13251
-5985
-89
7352
13681
19748
23566
27396
28042
28265
26133
21265
16235
9610
1662
-7349
-14802
-22257
-27347
-29591
-29951
-28071
-24324
-19849
-13276
-5178
1994
9271
17310
23072
27603
30211
31241
30393
27655
22717
16803
10220
3057
-4653
-11563
-18036
-22251
-26273
-28073
-26713
-23788
-19658
-13554
-6202
1524
8822
16812
22969
27071
29296
29069
29030
26362
21426
14915
7886
1522
-5048
-12624
-18932
-24481
-27432
-28990
-27298
-24071
-19520
-13145
-6962
996
9034
16393
22950
27909
29737
30676
29863
26832
22373
15378
7977
-539
-7899
-15643
-22313
-26838
-29654
-30999
-30707
-28245
-23738
-17494
-9935
-1858
7362
14511
21641
26273
29181
29877
29506
26731
21399
15406
8518
1130
-5680
-12903
-19035
-23374
-27136
-28001
-27175
-23441
-18765
-13464
-7351
328
8421
15595
22423
26137
28535
29228
27820
24838
19734
12358
5056
-2207
-9176
-15422
-21666
-25726
-27092
-26677
-24478
-20407
-15570
-9796
-2982
5403
13481
21233
27205
32360
35256
36709
35944
32493
27547
21330
13567
6726
-158
-7333
-13315
-17782
-20748
-21363
-19978
-15458
-11607
-5954
1973
8960
16784
23783
30645
34244
37212
37352
36362
33522
29203
23250
16369
10267
2176
-4673
-10481
-14464
-16728
-17286
-15984
-12776
-7940
-2767
4669
12098
20694
27469
33299
37451
39801
40693
38616
35444
28992
22402
13558
4002
-5183
-12973
-18504
-22877
-25659
-27048
-26249
-21843
-16404
-10550
-2885
4338
12604
19792
24409
28609
31163
31644
30209
26025
20947
14254
7479
236
-7156
-14267
-20084
-24733
-26273
-27071
-25239
-22317
-17709
-11727
-4863
2900
10237
16204
21095
24602
26641
26917
25099
21106
15870
9379
2026
-6080
-13108
-19153
-24998
-28070
-29534
-29664
-27906
-23264
-18824
-12908
-5250
2032
9641
17215
22618
27744
29263
29847
28905
24935
19365
13225
5943
-467
-7620
-14940
-20536
-25377
-28748
-29006
-28539
-24944
-20073
-13262
-5995
2288
10405
17245
23798
27908
30645
31457
30620
27759
23053
16567
8927
1624
-5859
-13397
-19196
-22933
-25844
-26850
-25352
-21935
-17063
-10533
-3901
3989
11789
19309
25582
30127
33161
33899
31668
28162
23072
16049
8962
990
-6402
-14087
-19923
-24249
-27680
-27457
-25285
-22058
-16828
-10535
-2959
4190
12753
19607
25841
28784
30693
30701
29461
25953
20912
13821
7525
-1427
-9683
-16885
-22675
-26679
-29438
-30846
-29569
-26629
-22381
-15985
-8375
-202
5947
12403
18337
23100
24890
26077
24600
21007
15615
9665
2854
-3723
-11027
-18120
-24639
-28601
-31315
-31844
-30389
-27008
-21719
-16029
-9800
-3173
4079
11313
17333
22073
23956
23155
21380
17701
12060
5659
-2005
-9463
-16197
-22334
-27651
-32045
-35250
-35073
-33736
-30525
-25937
-19728
-12004
-4567
2937
8803
15077
19670
20871
20912
19720
16098
10549
3110
-4817
-12373
-20448
-28297
-85742
-81906
-37983
-32840
-27213
-20944
-14046
-6451
420
6333
9964
12888
14058
13350
10445
6420
735
-6791
-13718
-20758
-27559
-33156
-36464
-39700
-38703
-36969
-33514
-28647
-21575
-14725
-26
6704
12089
15005
16960
17714
14789
10186
4305
-2545
-9921
-18311
-26827
-33476
-39377
-43627
-45349
-45979
-44842
-40737
-35848
-27972
-19589
-11886
-4760
2915
9379
14026
16669
17688
16545
13100
8236
369
-7326
-15649
-23779
-30849
-36722
-41028
-42829
-42963
-40536
-36181
-31003
-24639
-17090
-9483
-2335
4156
9159
13175
15816
16454
14281
10434
5677
-509
-6745
-14805
-22606
-30096
-35935
-40238
-41499
-41306
-39098
-34712
-28528
-21019
-12568
-4591
3680
10995
16441
21392
24268
24442
22908
19703
14078
6408
-430
-9803
-16962
-23231
-29782
-33683
-33983
-35523
-33241
-29136
-23988
-16944
-9592
-1323
7585
15180
22228
27124
29549
30088
28274
25068
19447
13667
6382
-1153
-8281
-15453
-21173
-24186
-26683
-27336
-24259
-20083
-13571
-6518
290
8149
15112
21942
28101
32448
35209
35497
34798
31751
27014
21082
13224
4910
-3634
-11829
-17902
-22072
-24773
-24931
-23767
-20394
-15960
-10283
-2986
3840
11766
18452
24740
29137
31416
31964
30929
26715
21986
16489
8674
1271
-7052
-14249
-20327
-24212
-27230
-28134
-26124
-22550
-17259
-11014
-4820
2793
10577
17065
23579
27176
29232
29348
27075
21970
16339
9471
1079
-6496
-14256
-22005
-27228
-31561
-33731
-33909
-31429
-28232
-22673
-15956
-8392
-855
6733
13580
18488
22369
24511
25838
24422
21143
15726
9721
2225
-5854
-14191
-21458
-27041
-31765
-34614
-33931
-32623
-28838
-22825
-16191
-8063
-243
6397
13204
18172
22832
24516
23640
21456
18019
12717
4707
-2175
-9524
-17525
-23807
-29126
-33386
-34403
-33861
-31966
-27282
-21245
-13640
-5345
3534
11822
19778
26367
30356
33860
33747
31324
28411
23232
16036
7644
-1124
-8922
-16333
-21779
-25801
-27589
-27944
-25449
-21451
-16274
-10067
-2955
4063
11692
18413
24054
28306
30817
30725
29228
25367
19410
12800
4823
-2667
-9747
-15956
-22327
-25202
-26927
-26734
-25800
-22349
-17014
-10434
-3479
4345
11706
18495
24159
28317
30424
29796
28488
24207
17746
11419
5175
-2566
-10062
-17583
-23011
-26707
-29437
-29888
-27388
-23913
-18375
-11944
-4135
3723
12491
19329
24579
28838
30616
31170
29192
24794
19766
12894
4770
-3509
-10237
-16388
-22244
-25525
-26932
-25801
-22133
-17624
-12167
-6190
944
8414
15773
22732
28653
33539
35743
37002
35264
31247
25286
18346
10293
4371
-3191
-10157
-15224
-18074
-19829
-19551
-17904
-13860
-8808
-2329
4623
11718
19072
24707
29770
33815
35363
34868
33029
29025
24041
17435
10332
2372
-6216
-13140
-18664
-22367
-24479
-24153
-20886
-17672
-11478
-4549
1679
9591
16900
23333
29004
31906
33757
33816
31769
28018
21641
13789
5840
-1555
-10582
-17234
-23410
-27774
-28972
-29256
-26941
-22643
-17394
-10359
-2420
6998
14393
20634
25903
29201
30070
29181
27107
21946
15598
8271
399
-8845
-17192
-24681
-29797
-34935
-37059
-37973
-36563
-33543
-28322
-22586
-16118
-8418
-1638
4723
10824
14492
17032
17807
15973
12108
5924
-1188
-8562
-15849
-23122
-29399
-33965
-37525
-38844
-38673
-35669
-31959
-27672
-21044
-12807
-4166
2928
10172
16146
19195
21713
20828
17599
12669
5677
-1084
-7643
-14325
-21552
-28540
-32879
-36430
-36899
-36879
-35603
-31439
-24340
-16887
-9919
4494
21646
16594
21101
23711
23874
23270
19824
14805
8533
1535
-6549
-13868
-20196
-25893
-28963
-29805
-29247
-25686
-21147
-15760
-9545
-2544
4741
12030
18203
24716
28247
30593
30877
29728
25522
20123
14001
6798
-631
-8071
-13561
-19042
-21721
-22692
-21849
-19092
-15559
-10532
-3192
4021
11435
18696
25428
31279
35603
36694
36356
35041
31752
26546
20216
13174
6606
-634
-7621
-13563
-17933
-19447
-18913
-17047
-14103
-9028
-1479
5919
13292
20751
27777
34183
38409
39823
39588
37218
33091
28126
22118
14368
7001
-211
-7191
-12394
-16306
-17875
-18043
-16231
-12451
-6316
-1015
6604
14607
22173
29691
35632
40021
41967
41220
38829
34360
28429
21061
13517
5437
-2923
-9803
-14876
-18019
-20105
-19922
-17907
-14072
-7977
-1304
6343
14498
21382
27354
31358
33415
33415
31695
29136
24361
17569
9322
1945
-5281
-13308
-20060
-25431
-29600
-31320
-31497
-28712
-24620
-18682
-12579
-6132
1955
9854
16568
22138
26072
27506
27897
25214
20620
14578
6843
-1828
-10260
-19143
-26813
-31690
-37366
-39727
-39919
-39453
-35700
-29937
-23042
-14988
-7692
-840
6436
12162
16013
18396
18033
15831
12629
7879
1373
-5544
-13388
-19987
-25723
-31113
-34158
-34873
-33636
-30726
-25451
-20159
-13072
-4650
3305
11277
18275
23819
27921
30344
29416
27203
22357
16656
9436
1696
-6641
-13238
-19444
-25484
-27670
-28262
-27111
-24183
-20062
-13694
-6086
2968
10831
19968
29432
36084
41299
43957
43155
40925
37156
31531
24785
17873
9427
2714
-3941
-9667
-14223
-15462
-15764
-13352
-9035
-3297
3483
10343
18143
26793
33116
37563
41105
42442
42286
39897
35458
28767
21152
12970
5249
-3489
-10083
-14514
-16862
-17342
-16554
-14220
-9361
-3673
2269
10839
18283
26711
34172
40822
46016
49022
48636
47679
43193
38091
31518
24805
17925
10457
4298
-575
-3793
-5763
-5860
-2634
1301
7334
14423
21965
29419
37082
43471
48845
53445
55774
55838
54039
49781
44478
37520
29741
22325
14357
7762
1283
-1770
-2770
-2931
-686
4178
10523
17320
24076
31184
37873
44106
48973
51498
52300
51728
49664
44445
37574
30619
21630
12982
4385
-3450
-8966
-12667
-14661
-14332
-11752
-7220
-1263
6530
13581
21444
29133
35673
40795
44853
46878
46326
43527
38236
32244
25297
16341
7966
112
-7433
-13293
-18596
-21902
-21985
-19189
-16351
-10958
-4791
2171
9516
16355
22733
26545
28806
29857
29073
25474
20352
14445
6875
-757
-9754
-17038
-23715
-29179
-33457
-35576
-33802
-31153
-26700
-20203
-14177
-5707
2276
10162
17355
21388
24404
25112
25097
22091
17007
11557
4647
-2583
-8612
-16450
-22352
-27930
-31267
-32126
-31584
-28735
-25306
-19467
-12308
-4670
3522
10590
17480
22002
25318
27130
28157
25607
21367
15679
9213
1820
-6285
-14106
-20360
-26477
-29895
-30768
-30625
-27878
-22686
-17373
-10248
-2182
6153
14038
21668
28405
32650
34715
34859
32840
29660
24779
18234
12367
6034
-991
-6016
-10575
-13200
-13826
-13738
-10416
-4638
1409
9509
16547
24907
32208
39061
44874
48578
50415
49522
46713
42616
36428
29597
21573
13951
6935
946
-4170
-7345
-8051
-7767
-5480
-1106
5361
12796
19789
35328
82080
46377
48535
49129
49027
45972
41607
36324
29569
21578
13759
6447
99
-4817
-8410
-9145
-8224
-5390
-1519
3824
12169
19238
27441
34874
40775
45517
48927
49482
47835
44463
39360
33146
24706
16250
7464
-283
-6628
-12525
-16905
-19592
-19626
-15709
-11711
-7360
-209
7836
16315
24399
31806
36469
40304
41535
40172
37797
33669
26501
19653
12525
4179
-3730
-10627
-16053
-19359
-22117
-22435
-20046
-15378
-10248
-3391
4113
11599
19398
26303
30969
34806
35657
34254
31903
26050
19649
12114
3398
-4248
-11571
-18816
-24255
-27482
-28371
-27939
-24841
-20259
-14255
-5811
2109
10373
18974
25941
31450
35649
36722
35970
33702
28643
22948
16094
8015
232
-7342
-14637
-20230
-23496
-25421
-25157
-23044
-19198
-13924
-6667
696
8569
16615
22202
27261
30362
32159
30962
26734
22053
15613
8232
379
-7610
-15331
-22347
-27088
-30652
-31880
-31407
-29146
-25401
-19176
-13131
-5212
2779
10361
16898
22525
25700
27049
26633
23685
19514
13440
6070
-2100
-8512
-16574
-23806
-28487
-32047
-33546
-34235
-31892
-27251
-21220
-13806
-6804
764
8230
15345
20484
23115
23703
23522
20540
15529
8773
1616
-6863
-15536
-23724
-31242
-36147
-39679
-40433
-39518
-37657
-34242
-28460
-21557
-14603
-5653
2018
18148
14638
17370
19458
18635
15542
10733
3915
-3938
-11881
-18986
-26131
-33343
-38229
-42600
-43504
-43257
-41508
-37221
-31846
-24857
-16943
-9154
