-472
-3934
-10760
-15602
-11068
-5286
-66
1291
4633
7453
8076
8547
9788
11423
8913
6721
5244
3354
1879
-1980
-6189
-9749
-9097
-9757
-9998
-8348
-5870
-3036
661
4080
6568
8975
12956
16391
17226
17466
17186
16209
14801
14640
13817
13152
10480
7103
3097
1514
1755
2693
1281
-605
43
2209
7415
10155
12500
15017
17809
20380
22147
23575
23391
22227
20407
19139
17711
14551
9882
6429
5684
4413
17508
21044
22046
23090
23098
20474
17334
14115
12140
9657
5984
895
-2804
-4126
-4966
-4366
-4721
-4258
-3455
-2038
1274
4645
8827
10941
13022
14359
16333
19108
19678
18449
16339
15194
12515
9396
5767
3353
1661
634
-2001
-4712
-6387
-6753
-5163
-1772
1100
2751
4600
6566
8924
10461
12018
11361
13179
12546
11882
10599
7322
3393
-176
-2198
-2483
-4340
-6161
-9283
-11539
-10377
-7629
-4928
-2162
-103
2228
4580
6174
7181
10793
12050
12338
11164
10338
8530
5340
1522
-2427
-7190
-9626
-10003
-9999
-9814
-10508
-11087
-9111
-5650
-1778
1327
3496
5163
8267
11374
11562
13271
13193
12154
10780
8204
3932
786
-2130
-4676
-6619
-8232
-10068
-10622
-11148
-10805
-10637
-8995
-7812
-4558
-1887
1171
3909
4174
6179
7573
10873
10171
9074
6005
3501
1024
-654
-3651
-7152
-10036
-12227
-12230
-10825
-9728
-8938
-7331
-5001
-2267
1138
4608
5723
5256
5452
7530
8708
8662
7131
5568
2866
1314
-510
-3469
-8015
-10598
-11353
-12372
-12068
-12370
-10409
-8365
-5446
-2638
-262
1839
3930
6117
9378
10005
11234
9200
7671
6992
4641
2078
-2175
-6739
-9007
-10824
-12551
-12468
-12307
-12989
-12625
-10480
-9133
-7882
-4791
-2494
-129
1869
3570
5443
5368
4354
2543
1051
-2428
-5698
-9532
-12029
-13830
-16300
-15314
-14249
-13678
-13039
-9578
-6390
-3303
-162
3254
5474
9475
11007
13520
14622
16259
15586
15819
14152
10733
7305
4803
3012
-504
-2271
-3998
-3443
-2907
-1406
843
4015
5643
7005
9022
13003
14425
15156
15327
16279
15781
16206
14343
12847
10916
8706
6447
3275
-84
-3500
-5524
-5764
-4620
-3126
-219
1957
4522
7350
10340
11876
13615
16055
18288
19041
20083
18587
17956
16420
14347
11573
7139
2638
-73
-1499
-2688
-3858
-3702
-1706
1694
4449
7129
8490
11328
14066
16701
17712
19261
20199
21807
18980
17532
15788
14817
12480
7062
4776
2641
1339
-275
-305
-1939
-1583
187
2130
5029
8995
13079
16797
19626
21068
21481
22647
22543
22775
21018
17159
13702
9277
6294
4575
2725
1542
-131
-200
-157
845
2968
4836
7055
9938
13779
16923
19547
21215
22423
23119
23594
23956
23317
20639
17360
13417
11198
7200
4313
778
114
-441
-175
-591
283
2839
5204
8734
12469
14426
15969
16481
16843
17508
18448
17170
15428
12360
7751
4304
-65
-1294
-5271
-7200
-9017
-9822
-9776
-9380
-8459
-7888
-6705
-4322
-2683
383
3585
6197
8850
10804
12224
11583
10430
8469
4214
1409
-2081
-6178
-8579
-8967
-9431
-10982
-11197
-11176
-11290
-10386
-8717
-6973
-3589
-2353
-1063
815
4048
5327
6383
5866
5461
3752
1442
-1397
-4809
-6750
-9538
-11758
-11130
-11971
-11751
-11032
-9567
-8056
-5115
-1566
428
3607
6360
7270
9334
10754
11437
11641
11233
10576
6794
3571
194
-3021
-5176
-7573
-7957
-7250
-5613
-3773
-3077
-82
2754
4974
8722
11204
14450
16492
17786
19323
18775
19053
17245
14591
12038
7694
3744
709
-2595
-4409
5104
7838
9034
10316
11148
12510
11632
10576
7413
6004
2993
-1332
-4608
-6675
-7830
-9822
-12301
-12883
-13530
-11748
-11039
-9352
-5494
-2593
1290
4353
6462
7476
8955
9845
9298
8524
5389
1887
-883
-4264
-8754
-11764
-13794
-14680
-16289
-17536
-17874
-16094
-12449
-10120
-7407
-3355
-602
1120
3628
5774
7242
7527
8013
6263
3527
1570
-784
-4454
-6607
-9909
-12510
-15072
-16955
-18617
-17555
-17326
-17726
-15721
-12551
-9010
-7225
-5404
-2790
-278
727
1315
1330
1417
-81
-2807
-4603
-7338
-8717
-10895
-14504
-16473
-19216
-20176
-20371
-19469
-17162
-14047
-13053
-10675
-6551
-3754
-1594
513
1806
3575
3111
1407
-1501
-4609
-7750
-11754
-16110
-19667
-22935
-25089
-27316
-27358
-28564
-27281
-23953
-23127
-20119
-16401
-12396
-8549
-6134
-4248
-3154
-2239
-1133
-1382
-1259
-3761
-6822
-9922
-12753
-16020
-17994
-19898
-21799
-22287
-21304
-20264
-18588
-17837
-16068
-12904
-9646
-5540
-3222
-2025
-791
535
1455
1120
-1108
-3166
-5424
-9794
-14402
-16482
-18525
-20605
-22703
-23078
-23745
-23175
-21620
-20540
-18505
-15552
-13723
-11281
-9104
-7252
-6013
-4159
-3478
-3233
-4525
-5023
-7763
-11424
-14066
-15750
-18200
-20336
-21660
-22036
-20864
-18383
-17293
-15326
-12437
-10634
-8315
-4948
-773
1410
2798
3370
3815
3433
3957
2441
-342
-4254
-8949
-12579
-15484
-16635
-16049
-17868
-17979
-18846
-15659
-11825
-7696
-4316
-673
1802
2588
6057
7566
10541
11212
10915
8659
5507
3088
1465
-1348
-3322
-7692
-9079
-9518
-8772
-8822
-8651
-6132
-2931
-306
2941
5873
8321
10601
13896
16797
17397
18097
17115
16850
14727
12638
8270
5043
2041
-1542
-2728
-2502
-1424
-173
-188
1688
6350
8734
10628
12742
15007
17203
19365
19216
18548
18555
17768
18560
16631
13395
10910
7221
4849
4539
2604
1908
1508
2559
3940
6511
9204
11984
14574
17099
18665
18870
21201
21338
21792
21729
20194
19169
16679
15104
12628
7808
4596
1846
941
-2035
-2999
-2791
-3681
-2121
-251
1614
4679
7060
10037
13157
14319
16906
19402
19668
19740
18265
16320
14188
11488
7560
3768
1466
-963
-2407
-3725
-3643
-3554
-1303
860
4275
7948
11398
12348
14286
15706
18127
18905
18796
19360
17618
13682
11899
7940
5808
2237
-935
-3777
-4822
-5021
-5942
-4298
-3199
-2131
324
2584
5462
8173
9997
11509
12311
13433
13640
13563
13069
10719
8086
4764
1680
-2362
-5455
-6435
-6957
-7844
-6821
-6333
-2650
-1002
1632
3538
5774
8830
10566
12357
13628
14864
14612
14691
13574
12447
9077
4325
750
-2422
-3758
-5701
-6083
-8905
-9860
-8481
-6108
-3595
-1244
636
2637
5814
8657
10413
11635
12110
13395
13504
12954
11358
8507
5034
2047
50
-2213
-4037
-5554
-6713
-6578
-3910
-1531
-490
1774
4419
8017
10410
14286
17068
19595
19632
17553
17582
15905
13580
12263
8715
5064
1583
-1112
-3918
-5791
-6466
-5710
-5693
-4817
-1759
933
4516
7055
10134
13629
15183
15671
16159
15475
15402
14740
10809
9023
5949
2465
-1065
-2966
-4844
-7737
-7348
-7321
-5898
-4688
-2130
1714
4110
6657
9013
10311
12942
13508
11747
10708
8855
6810
5020
2641
-982
-4675
-7535
-8586
-9610
-10761
-10828
-10823
-10142
-6375
-3307
-286
2021
4842
6353
7701
8420
9671
9132
8507
6865
4965
2347
-990
-4363
-8280
-10090
-12157
-11793
-13060
-14434
-14032
-12717
-9362
-7792
-6062
-3646
-2885
-525
150
324
1701
865
-1435
-2111
-4923
-10142
-13524
-17795
-19951
-22781
-24300
-24257
-24862
-24848
-23013
-20556
-17945
-14439
-10750
-9477
-6470
-4182
-1246
1194
1927
2664
1832
560
-196
-3933
-6612
-9221
-12335
-15029
-16376
-18001
-17464
-17434
-16317
-14766
-12772
-10108
-6920
-3123
966
3030
3979
5192
5590
4979
3307
4091
2662
807
-2518
-5941
-8282
-10345
-13438
-14229
-15562
-14927
-12989
-11670
-9360
-7572
-4787
-5
3553
6317
8290
9269
10930
12910
13639
13591
11295
9771
6820
3689
-340
-3442
-6516
-7689
-7460
-7157
-5637
-4319
-1280
1546
4016
8482
11273
14050
16949
17464
17407
18443
19004
17704
15650
12447
9693
6145
4129
896
-362
-1677
-1975
-1830
-614
1577
3550
7173
10205
13697
15330
16823
19109
19548
20909
20894
19218
17145
15312
12437
8578
5085
1504
-2277
-4865
-5475
-5409
-5416
-4568
-3213
-574
1286
3222
5608
6808
7521
9188
10701
11066
10460
9837
8259
5111
1653
-893
-3617
-6692
-11699
-13578
-14194
-15213
-15253
-13873
-12315
-10525
-7947
-5100
-2394
1220
4610
6614
8279
8477
9737
9400
7893
6144
3499
356
-2850
-5802
-8580
-10451
-11680
-11745
-12160
-10888
-8490
-6292
-3964
-1575
1218
4888
5874
6850
9388
10266
10752
9406
9285
7322
4227
1675
-831
-3401
-5794
-7905
-7928
-9467
-9599
-9458
-7660
-4182
-1191
2578
5227
7438
8893
10893
12578
14579
14968
14963
13049
11217
9634
7911
3935
837
-1652
-3564
-5591
-6825
-6736
-5530
-3864
-1552
1314
5749
8430
11493
12894
15229
16806
17943
17815
16659
15208
14314
12578
9694
7329
3782
13
-1122
-1491
-2274
-2136
-1425
-121
2586
6116
8450
11261
13937
15474
15934
17708
19117
18818
18438
18616
16599
14380
10338
7654
4945
2592
-449
-2077
-4165
-5352
-4109
-2656
-351
3368
6466
8146
11518
12510
16390
18422
18745
18124
17851
15786
14252
10793
7589
4080
1124
-518
-2053
-3508
-3077
-1991
-516
811
3447
5896
9106
13098
15535
17748
19220
19697
20806
21518
20531
18468
16623
14242
11151
8123
4807
1264
-2022
-3641
-4399
-4424
-5190
-3193
-1333
1248
5476
9245
10962
11771
13167
15799
17169
17156
17241
15352
13159
10906
8727
6396
3702
181
-1500
-2707
-2019
-1855
-1821
-338
1553
4022
7468
9155
12209
14300
15958
17234
17924
18316
16174
14399
12605
9863
6639
3842
788
-1495
-3137
-3347
-5005
-6051
-5686
-3977
-1796
-131
2984
4671
7580
8803
9705
11940
13428
14037
12606
10293
7399
5254
1926
-380
-3788
-5560
-7921
-9038
-11464
-11454
-11905
-9787
-8179
-6096
-2631
-1583
985
3700
4612
6636
7706
6374
5116
3666
1362
-1485
-5304
-8449
-11271
-14779
-15416
-30986
-13682
-11295
-7601
-5413
-2789
999
3322
4761
6187
7223
7017
5448
3586
628
-3340
-6906
-10189
-12744
-14878
-16419
-15590
-14693
-13086
-10742
-8291
-5305
-1071
3064
5465
7276
10517
12306
13912
13903
12476
9266
6241
2911
-884
-3997
-6521
-8586
-9855
-9817
-8333
-7578
-6047
-3903
-1805
1516
5761
9049
11569
12845
15570
16814
16380
14130
11347
8170
6167
2524
-1400
-4214
-7641
-9464
-8920
-8104
-7477
-5926
-4553
-1508
912
4202
7160
9759
11299
13673
15881
17128
17861
17357
15446
14367
10764
8414
5747
2829
584
-1343
-2116
-2783
-3152
-2291
-1199
-527
2449
5022
6727
9856
12189
14000
16799
18837
18646
17049
15901
14027
11641
8616
5850
3663
2079
1420
572
-570
-249
-324
309
2194
4172
7015
9465
12153
13354
15611
17721
18243
18904
17777
16428
12824
8945
5947
3125
-875
-3062
-5363
-5876
-6300
-6285
-5896
-5938
-5133
-3844
-1798
-668
426
1121
2921
3839
3904
2348
2285
716
-2409
-5396
-8653
-12984
-14585
-16956
-20017
-20878
-21664
-22159
-21796
-18830
-17121
-14787
-12979
-10304
-6703
-4032
-1264
541
732
739
128
-918
-2655
-4817
-8177
-11299
-14177
-16822
-19231
-20667
-21388
-22227
-21482
-20096
-17559
-14868
-12977
-10468
-7396
-4775
-3627
-2887
-1276
-376
-779
-1897
-3665
-6623
-9468
-11604
-12165
-14641
-16920
-19319
-19067
-19270
-19964
-18297
-16122
-13014
-9917
-7125
-4262
-1825
260
231
2891
3592
3328
3467
3242
2116
-1276
-4692
-7490
-8642
-11090
-12834
-12788
-11530
-10744
-7288
-5020
-1756
1271
4302
6235
9228
9436
10085
10018
10197
9764
7959
6361
4488
1588
-1233
-5772
-6575
-8111
-8496
-9949
-10561
-8927
-7054
-4743
-1697
1382
3967
6836
9049
11052
11381
12730
12920
13181
11026
8592
5832
3285
146
-3128
-5390
-6755
-7846
-8113
-7900
-6111
-4371
-2337
138
3384
5946
8241
9464
11556
14166
15098
16693
16188
13975
11872
9234
6470
2593
-2030
-3619
-5632
-6853
-8849
-8357
-6731
-4732
-1903
-201
3385
5988
7206
9634
11258
12443
11896
10599
9023
7969
4300
785
-3708
-7660
-10381
-12161
-14428
-15098
-15639
-15703
-15196
-13075
-11546
-9991
-7452
-5120
-1090
1445
3382
5222
6970
6902
8252
6589
5346
2134
-1290
-4832
-7887
-8707
-10048
-12986
-12996
-13073
-10149
-8195
-5841
-4489
-2814
-135
1927
4109
5601
7487
9236
9790
9463
7698
4872
1679
-190
-3242
-6989
-9167
-10839
-11806
-11666
-11298
-10726
-8859
-6710
-4005
-1392
1802
4952
7206
9407
10570
11198
12442
11133
10061
6897
4363
-78
-4311
-8645
-11588
-11646
-14221
-14886
-14683
-13439
-12381
-9932
-8816
-5949
-2631
262
2447
4864
5752
6394
5480
5689
3840
1813
53
-2782
-5335
-8209
-10001
-10665
-11536
-11523
-10917
-9995
-7280
-5203
-2727
-15
2712
3995
5815
7255
9328
10012
10005
8538
8431
6665
3691
640
-1799
-4845
-6656
-8883
-9945
-11365
-11020
-10361
-8926
-6725
-4253
-1237
1457
3509
4718
6524
8680
9911
10615
8869
7702
6227
2546
1069
-1997
-5174
-7602
-8977
-9897
-10139
-8484
-5565
-3801
-915
1534
4086
7216
8924
12429
13330
14137
14474
13142
11066
10079
6356
2253
-683
-4317
-7013
-7914
-9068
-8619
-8272
-8645
-6361
-4454
-1388
2024
5296
7238
9463
11257
12022
13434
14213
13322
12700
11304
8301
4240
1598
-2303
-5206
-7071
-8733
-10831
-10167
-9670
-8858
-6473
-3692
39
3577
7192
9708
10430
12065
12324
13718
12843
11582
10068
6471
3058
-530
-3301
-6206
-7435
-9599
-9923
-9723
-8495
-7048
-4949
-1664
1501
5620
8751
9815
12125
13319
13430
14144
14512
13050
11653
8460
5833
3052
1522
-1379
-3441
-4876
-5360
-4374
-3082
-1169
-226
2956
5255
8150
11217
14183
16955
19390
19305
19287
19350
17918
15730
14029
11510
8299
4532
2775
1211
-441
-1375
-2038
-591
1385
4547
7035
8509
12046
14309
15618
16936
17434
17283
16211
15899
13481
9885
6783
2475
-890
-4609
-8017
-9725
-11721
-13099
-14450
-13794
-13475
-12372
-10226
-8890
-7400
-5317
-2857
-1351
-1276
-637
-1019
-2512
-3692
-5978
-7575
-11561
-13784
-16704
-19257
-21161
-22632
-23587
-23666
-23333
-23363
-22322
-19906
-17451
-14774
-13435
-12001
-10524
-8481
-7360
-6722
-6140
-8607
-10923
-12671
-16514
-20029
-23319
-25987
-28446
-30368
-31769
-31966
-29310
-27471
-25033
-21705
-19125
-16875
-14536
-13352
-12353
-11041
-11061
-10734
-12495
-13735
-13864
-16050
-18827
-22354
-25245
-27610
-29319
-29332
-29939
-28830
-28700
-27136
-23282
-20644
-17698
-15060
-12858
-10679
-9667
-6633
-6454
-7105
-7341
-8314
-10621
-11838
-13579
-16928
-19197
-20681
-21939
-21360
-21009
-18805
-17141
-14966
-11359
-7089
-4131
-1740
499
2634
3887
5649
5967
4633
4162
1902
209
-2550
-5734
-9908
-12985
-15678
-18098
-20036
-20968
-20285
-18829
-16358
-13675
-11584
-8068
-5548
-2717
-860
363
2737
3524
3593
2881
1595
944
-3401
-5700
-8945
-11560
-13106
-14976
-16855
-16945
-16760
-15481
-14164
-12819
-9272
-6664
-2848
85
2654
4744
7368
8915
10133
9034
7347
4554
2626
-453
-2843
-5509
-7208
-9031
-11044
-11238
-10534
-10222
-9646
-7236
-5011
-2349
-476
2291
4282
5926
8029
8376
8983
8081
5885
4119
779
-3460
-6581
-10276
-13133
-15147
-16846
-17209
-16080
-14239
-12388
-10304
-6910
-3389
-4
2076
5137
7726
7995
9081
8967
7683
7346
5491
3407
412
-1761
-4505
-5385
-7063
-8348
-9501
-8689
-8193
-6801
-5057
-2346
417
2807
4469
5276
7208
9340
10564
10120
8814
8119
7023
4847
1651
-1233
-4972
-6976
-8404
-9115
-8378
-9350
-8488
-6288
-3728
-1243
1404
4598
7225
9467
11707
14532
15793
16003
14973
12966
10929
9532
5984
2168
-1057
-3786
-6258
-8102
-9128
-9512
-9254
-7378
-6091
-2905
1289
3967
7997
10702
12803
15232
18137
17739
16926
16074
13224
9893
6847
4504
2391
-799
-2795
-3116
-3336
-2946
-2075
-1307
19
2508
4244
6134
7857
9708
11126
12308
12905
12546
12230
11329
8479
6610
3503
799
-1366
-2774
-3765
-4704
-4227
-4139
-2261
-43
2281
5156
8434
10079
12207
13006
13832
15417
15809
15524
14679
13530
10460
8077
4564
906
-2046
-5427
-7347
-18430
-10857
-11100
-9764
-8959
-6580
-4964
-2883
65
1332
3122
4264
5052
7141
7266
7091
6096
4586
1725
-1893
-3963
-7030
-10220
-11732
-11730
-12526
-10382
-10194
-8240
-4922
-1354
912
3071
4888
7124
9474
10480
11922
12421
12211
11116
9282
6577
4243
-145
-3586
-5467
-7367
-8676
-9936
-9848
-8388
-6335
-4113
-1907
1814
3670
5973
7531
9418
11408
11989
11999
11209
9992
7543
5217
2236
-1357
-5093
-7584
-9497
-10892
-11210
-10060
-8869
-7600
-6021
-3477
-791
1703
4214
5983
8062
8597
8834
9117
8972
7046
5088
2500
-1159
-3505
-7438
-8316
-10605
-11905
-11849
-11893
-11550
-9147
-7266
-5588
-3253
78
2933
5298
8080
9383
10452
9658
8718
7486
4439
1014
-1237
-4841
-7568
-9561
-11452
-11932
-11800
-12317
-11027
-11044
-9153
-9294
-6316
-3718
-2286
1057
3136
4415
5254
5576
4875
4633
2065
-351
-2574
-5835
-7990
-10575
-12706
-13039
-12907
-11977
-10256
-7952
-6714
-4073
-910
2127
4982
7682
9505
10654
11734
12475
12303
11637
10063
7923
4106
1140
-2016
-4672
-6548
-7304
-7665
-8122
-6938
-4690
-2538
-554
3027
5302
8914
11163
13483
15210
16913
17200
16153
15318
13098
9885
6483
3407
781
-614
-1700
-2050
-3789
-3554
-1223
1376
3364
6487
8838
12492
16264
17738
19278
20824
21718
22089
19766
17393
16067
12790
9281
4728
2145
-150
-2814
-4204
-5291
-4663
-3113
-1359
1151
3428
6685
9705
12164
15388
18536
18734
18662
18297
16992
14952
12140
9376
7302
3436
1585
-80
-1921
-3179
-4087
-4200
-4157
-3025
-2283
-996
1422
3940
6846
8204
9711
10300
10294
10069
9672
8098
5802
2389
-1182
-4181
-7513
-9396
-11288
-12513
-13763
-14260
-13826
-13151
-11353
-8912
-6383
-3370
-1325
2092
4531
6334
7560
7573
5855
4674
2261
-204
-2999
-5928
-7464
-9877
-11725
-12655
-13101
-12616
-11807
-9382
-6768
-4072
-826
2699
6119
8298
11601
12875
13725
14304
13551
12346
10461
7260
4556
764
-1705
-4401
-4881
-6312
-6646
-6161
-5096
-3097
-1057
-81
3610
6208
7853
8941
9961
10615
12158
12057
10588
8813
6783
4364
1263
-1006
-3845
-5363
-7028
-7178
-7387
-6878
-5660
-3429
-753
1691
3812
6295
7817
10484
10804
12293
12367
12358
11555
9278
5732
3275
-296
-3869
-7643
-8739
-11142
-12178
-13371
-13066
-12062
-10484
-8621
-7058
-4735
-2594
-35
899
2833
3984
5068
5246
4865
4133
2483
845
-2671
-6125
-9045
-11047
-13727
-15114
-15438
-14252
-12058
-10954
-8192
-6049
-2976
-484
545
3117
5014
5543
5856
5752
4291
4049
2425
163
-3342
-6615
-10187
-13311
-14262
-16425
-17175
-16801
-16354
-13688
-11148
-8740
-6883
-3970
-1876
-137
735
1215
1553
1550
-476
-3018
-7092
-10267
-13837
-16927
-20705
-23444
-25279
-25837
-26575
-25255
-23077
-21193
-18081
-15306
-12769
-10589
-7044
-3998
-1495
-307
323
400
-5555
-8959
-11652
-13820
-16367
-17857
-18918
-20041
-18876
-17878
-16324
-15503
-13883
-12619
-10123
-7949
-6348
-5137
-3576
-3983
-5224
-6087
-8445
-10838
-14273
-17364
-20559
-23096
-23897
-25441
-26292
-25652
-23771
-21268
-19342
-17703
-14303
-11303
-8985
-7474
-5517
-4812
-4243
-3959
-5460
-5932
-6993
-9602
-11934
-13885
-16531
-18805
-20181
-21161
-20696
-21302
-19810
-18664
-17119
-14721
-13065
-10465
-7426
-7444
-4702
-3012
-1933
-1036
-1794
-3313
-4493
-7243
-10378
-13199
-15514
-18766
-20959
-21898
-23155
-24155
-22758
-20142
-19412
-17352
-14251
-11296
-9763
-7766
-6767
-5424
-4193
-3083
-4027
-4990
-7167
-8531
-12083
-14381
-15723
-16956
-18675
-19875
-19054
-18007
-17827
-15833
-13748
-12177
-8610
-6918
-5063
-2401
-1186
1285
2991
3461
4085
3107
805
-175
-2771
-5926
-7321
-8363
-9496
-10015
-8528
-8463
-7364
-5069
-2549
-276
3439
5609
7245
9344
10781
11362
12692
11836
12340
10489
8527
5616
2682
361
-1160
-3253
-4319
-5874
-6288
-5580
-5839
-4487
-2546
-496
1958
4416
6845
9378
11671
13221
14201
15293
14237
13120
12489
9946
7070
4674
3597
1455
333
-461
-625
-459
-537
621
1967
4441
6271
9691
11672
13042
14729
15899
16473
16326
15642
13747
11774
8080
6823
3740
1137
-1097
-2884
-4851
-5759
-7153
-7401
-5628
-3517
-692
2279
3989
6765
8813
10063
10798
10482
8935
7323
5566
3805
768
-2820
-5011
-7691
-9091
-10399
-10409
-10698
-9972
-9167
-7208
-4839
-1578
118
2797
3768
5841
6988
7259
7412
6139
5009
3405
1323
-892
-3806
-7066
-9023
-11646
-13078
-14510
-15163
-13821
-12728
-10046
-6917
-4204
-1793
1186
3200
5897
8107
8952
10920
11347
11433
10780
8493
6155
3617
1119
-1501
-4883
-6761
-8256
-8301
-7325
-5645
-4493
-1887
92
3536
6133
10571
10133
13186
14179
13666
14286
14843
12679
10762
7947
5988
2586
-758
-2614
-4448
-6612
-7639
-7783
-7538
-5582
-4022
-696
1131
3466
6975
8751
11286
12563
12764
12409
10268
9381
5663
2801
-1531
-4089
-7456
-9802
-11201
-11835
-13655
-13191
-11744
-9816
-8381
-6124
-2988
-363
1671
3589
5136
6142
7491
7726
6943
4997
2582
339
-1573
-5347
-6435
-8452
-10592
-11904
-10618
-11409
-9835
-8461
-5613
-1983
1343
3303
6031
7756
9876
11368
11846
12580
12193
11223
9632
7347
4145
2011
-440
-2591
-4151
-5354
-5388
-5697
-3455
-1580
1166
5116
6566
9888
11859
14586
15090
16284
16182
16833
16823
16004
14692
11851
8858
5369
3006
2418
681
-18
-1495
-2125
-819
143
2019
3238
5783
8029
10963
12812
15657
17126
17954
17514
17240
14977
12126
10177
7182
3428
1878
-84
-1579
-2536
-2746
-2212
-703
932
3040
4687
8127
9513
11460
11842
12447
13884
13917
13795
12359
9948
6293
3835
372
-2688
-6088
-8562
-9756
-11829
-12678
-11533
-11140
-10329
-8081
-7471
-4659
-1383
-389
1593
2587
3049
3477
2637
1599
-946
-3423
-5251
-8051
-10894
-13454
-14581
-15295
-17162
-17223
-17621
-17639
-17205
-15413
-13661
-11776
-9315
-8226
-5573
-3369
-2163
-813
144
-1639
-1859
-5867
-8442
-12132
-15625
-19418
-21674
-24292
-25328
-25861
-25527
-24411
-21875
-19784
-16904
-13756
-11069
-8372
-5849
-4230
-1982
-1959
-2408
-5032
-5329
-7829
-9926
-12898
-15697
-18118
-20577
-21084
-22559
-21866
-19706
-17547
-14277
-11149
-7514
-4802
-1462
1265
2913
4593
5750
5184
5091
4321
3312
1210
-1016
-4495
-6269
-7126
-8724
-8520
-7113
-5124
-3896
-883
2843
6277
9247
12474
15082
17319
19335
20795
22102
23019
22007
19984
17044
15227
12143
8542
5875
3135
1782
593
-1038
-359
251
1924
4165
7446
10490
12552
15095
16994
18615
19343
20736
20282
18777
17498
16027
13252
10705
7317
4642
1526
-1011
-3059
-3811
-4773
-3900
-2138
479
3103
5196
7518
10908
12539
14461
15611
16889
15970
15198
13714
11954
9392
5654
2119
-252
-608
-2414
-2516
-3524
-3033
-1782
983
3731
5681
8414
10416
11917
12440
13608
14200
13731
13462
12882
10993
8590
5595
1997
-1300
-4727
-6957
-9808
-10829
-11798
-11058
-10958
-9447
-6477
-3708
-1336
1593
3234
6008
7611
9992
10672
9234
8667
6682
4583
1857
-2214
-5909
-9832
-10844
-12613
-14118
-14084
-13854
-12613
-11046
-9645
-8005
-4970
-1846
625
732
2493
3329
4274
4543
3040
745
-883
-5677
-8642
-11806
-14908
-17658
-18899
-20364
-20140
-19225
-17949
-16093
-13574
-10909
-8468
-5848
-2915
-976
539
1649
3052
2876
1933
1542
-897
-3639
-7554
-10147
-11915
-14640
-16932
-17726
-17886
-16115
-15141
-11780
-9807
-6481
-3353
-144
2505
4802
6481
7449
9358
8697
8626
7425
6415
5198
2309
1654
-132
-455
-365
-1841
-502
-295
878
2510
3450
5899
9320
11244
12288
14027
16204
17902
18730
18049
17570
16665
15049
11211
8884
5634
3304
387
-885
-1771
-1493
39
998
3995
6938
9212
12733
15471
16848
18549
20527
22540
22592
23072
21663
20830
17434
15689
13612
10723
9068
7825
5797
5002
4076
4265
5444
6244
8169
9749
12392
14995
18176
20305
21221
23229
24608
24647
24738
22826
21540
17734
16100
12588
10547
9603
8130
6805
7712
8199
9749
12311
14437
17653
19032
22100
24417
27069
29180
30289
31937
32129
31100
29820
27826
25125
22341
19653
16156
13445
12343
11608
10481
10742
10981
13939
15540
17771
20006
22685
24357
25968
27310
28230
28886
28343
27719
25485
23402
20530
16481
13350
10588
8122
5503
2930
1256
1858
2238
4129
5794
8546
10711
12404
13357
14125
15316
15666
15392
15255
13886
13007
11171
8970
6385
3759
564
-2089
-3140
-4792
-5991
-6328
-3975
-3295
-2010
710
2302
4743
7430
9290
9970
11381
11129
11836
10870
9091
7085
4851
1732
-1286
-3820
-5329
-6658
-7245
-8199
-8849
-7400
-5894
-4713
-2804
-812
2206
3701
5276
5919
6013
4912
3576
2294
521
-2087
-6414
-10647
-13648
-16641
-18386
-20755
-20554
-20672
-20359
-18598
-16463
-13319
-9724
-5900
-2853
205
1831
4895
6874
7396
6504
6551
5153
4547
2765
278
-2239
-3983
-7526
-9400
-10835
-10745
-8590
-7679
-5150
-2063
-102
3900
6480
9578
12100
14383
15556
18064
18797
18771
17634
15876
14266
11469
8877
5494
4310
3466
2963
3632
3769
5023
6711
8672
12453
13951
15958
18185
19489
21062
22662
22798
23637
23190
23037
21025
18589
17066
14487
12118
11353
8809
7235
8177
9861
12326
14937
16212
19932
21364
23482
26289
27449
27327
27878
28044
25578
23835
20775
18005
14820
11466
8098
6099
5060
4317
4613
6259
7608
10092
13307
14198
16506
20157
22135
23600
22971
24807
25288
24675
23170
20860
18455
14646
11305
7821
5282
3544
1318
1733
749
1260
3189
4218
7038
9157
11316
13773
15793
16912
18099
18400
18452
17021
15928
13916
11227
8467
5651
2985
910
-532
-2484
-3639
-3804
-3874
-3526
-2275
365
2656
4925
7208
9175
11742
12534
12379
13107
11701
11157
10115
8120
5173
2699
-554
-2976
-4177
-6591
-6931
-8076
-7821
-7070
-6044
-4803
-1663
981
2780
5195
7319
7580
7676
6671
7783
7401
5763
4049
2847
589
-1736
-3276
-4751
-6249
-7161
-7882
-6316
-6101
-3915
-2006
951
4129
7167
9695
12305
13064
14987
14742
14404
13372
11188
7506
5097
2202
-1125
-3486
-6140
-7981
-9556
-10378
-10367
-9423
-8178
-6420
-3407
873
3024
6279
7910
9409
10490
10977
10072
7984
5383
3889
-40
-2563
-6477
-9114
-11601
-12359
-13176
-13132
-12516
-10800
-8093
-6158
-3052
-442
2462
4562
5996
6682
7936
7879
6326
5807
3636
1235
-1634
-4490
-7830
-10009
-12522
-14730
-15418
-16386
-32626
-14700
-13801
-11805
-9012
-6911
-4391
-2786
-2061
136
1457
1624
2326
895
-4
-1604
-5406
-8381
-11937
-15034
-18613
-19656
-20686
